100
4000000
3999999
3999998
3999997
3999996
3999995
3999994
3999993
3999992
3999991
3999990
3999989
3999988
3999987
3999986
3999985
3999984
3999983
3999982
3999981
3999980
3999979
3999978
3999977
3999976
3999975
3999974
3999973
3999972
3999971
3999970
3999969
3999968
3999967
3999966
3999965
3999964
3999963
3999962
3999961
3999960
3999959
3999958
3999957
3999956
3999955
3999954
3999953
3999952
3999951
3999950
3999949
3999948
3999947
3999946
3999945
3999944
3999943
3999942
3999941
3999940
3999939
3999938
3999937
3999936
3999935
3999934
3999933
3999932
3999931
3999930
3999929
3999928
3999927
3999926
3999925
3999924
3999923
3999922
3999921
3999920
3999919
3999918
3999917
3999916
3999915
3999914
3999913
3999912
3999911
3999910
3999909
3999908
3999907
3999906
3999905
3999904
3999903
3999902
3999901
