1000
1009066
1016529
1018910
1021166
1023149
1027634
1028785
1059347
1063780
1076370
1112521
1112682
1130853
1142155
1146595
1152728
1161285
1162695
1176926
1177333
1197288
1197869
1213053
1213966
1216095
1217557
1223454
1224492
1233659
1246782
1249959
1277541
1278661
1279262
1290975
1292310
1294590
1303155
1312400
1317664
1330011
1330624
1337795
1341618
1348859
1349741
1353206
1354767
1365739
1366612
1377019
1379998
1416895
1433428
1442028
1442180
1443565
1451152
1461697
1467630
1468865
1471890
1476669
1480643
1480712
1481910
1482984
1507384
1509008
1509244
1523390
1524999
1525282
1534955
1549760
1562475
1567451
1570601
1575406
1586537
1590070
1592689
1599601
1608788
1610796
1611730
1618413
1624905
1637630
1648082
1653971
1681378
1685654
1700903
1701601
1711343
1728708
1730658
1737211
1752093
1752825
1757807
1762564
1767237
1796523
1796538
1797244
1806724
1818342
1838024
1839177
1842167
1845186
1878300
1878641
1891107
1896929
1899897
1916660
1934481
1938327
1947516
1961422
1974261
1981752
2001464
2010745
2013375
2016653
2022552
2027234
2032723
2033176
2062323
2069531
2080945
2083035
2109955
2111641
2143060
2143121
2143633
2153576
2158235
2159134
2173477
2204824
2209068
2209314
2242348
2245050
2248824
2255635
2258216
2277974
2283473
2285006
2289008
2295658
2311051
2328067
2329135
2331129
2348959
2350716
2364301
2375570
2388921
2398569
2400179
2406705
2421075
2439057
2449032
2458131
2464522
2469386
2474157
2480120
2482451
2483619
2489641
2509644
2512021
2532714
2533605
2542520
2558970
2568496
2578863
2581049
2583276
2585235
2593799
2595100
2601220
2603184
2615287
2626171
2629568
2629590
2637514
2639529
2646025
2655267
2656823
2674212
2677016
2679697
2699963
2704106
2705873
2709145
2711491
2730712
2742218
2748031
2782869
2784173
2784673
2802883
2804607
2823127
2843434
2844610
2855723
2859109
2865751
2867604
2880568
2885846
2888910
2895439
2898468
2912551
2921174
2929578
2947364
2950080
2953894
2955141
2960041
2961139
2964476
2966219
3007192
3016860
3017732
3024277
3030447
3030717
3035245
3047602
3059095
3064138
3068361
3071777
3080318
3082612
3085265
3105056
3118306
3118708
3130548
3146300
3146489
3159183
3174056
3177198
3215003
3217494
3220839
3221744
3232464
3242639
3253551
3255255
3273641
3287313
3302245
3319725
3328786
3328810
3330774
3331180
3336829
3337248
3339918
3344747
3357146
3405783
3406600
3407479
3409474
3429514
3465719
3470143
3470586
3481084
3486248
3488068
3488313
3491322
3493478
3493695
3504818
3509870
3514633
3517623
3519377
3543610
3552892
3558214
3558298
3563823
3567625
3568386
3575794
3576750
3579433
3581491
3614372
3616628
3619769
3632327
3632449
3634126
3637949
3651218
3654615
3660905
3665982
3690316
3694153
3696638
3705556
3709624
3717997
3718843
3724800
3738701
3743030
3747597
3751417
3766026
3784783
3790521
3801164
3822230
3832817
3835751
3852056
3858363
3865350
3878175
3913128
3918417
3923028
3929763
3956377
3990294
4002117
4015042
4022397
4046323
4082858
4089876
4114128
4122229
4148942
4152060
4175882
4179233
4201523
4201651
4204079
4207186
4225641
4227110
4233461
4249928
4250702
4262916
4265762
4286534
4292819
4304101
4304243
4305477
4316423
4319378
4319810
4337673
4349705
4352385
4354726
4357067
4357851
4382513
4389639
4399797
4412117
4423055
4423464
4432092
4436121
4437153
4476517
4477654
4480156
4485144
4490344
4493790
4501162
4504588
4542386
4545139
4575394
4577860
4608247
4613720
4616993
4620781
4627322
4661335
4666730
4680942
4684706
4694917
4695841
4698926
4705742
4706605
4715994
4735811
4737896
4752462
4756355
4768537
4790876
4805738
4809676
4816159
4819143
4821260
4825874
4834605
4836420
4845313
4866577
4872027
4872597
4874899
4894130
4905535
4910909
4928683
4929926
4931537
4935472
4946254
4949854
4979995
4989646
5027593
5043642
5051204
5055930
5061474
5072207
5085678
5100674
5100894
5100972
5103381
5106003
5108244
5109207
5119237
5130356
5140705
5142250
5156975
5163848
5179224
5185420
5210240
5214104
5215688
5219520
5219647
5248873
5252613
5258741
5280373
5304095
5340290
5356751
5369433
5370916
5381928
5403580
5423633
5433609
5433673
5433821
5440048
5442107
5449703
5450871
5472689
5481318
5494060
5496981
5501905
5509797
5539219
5567935
5568214
5574891
5585237
5596433
5605876
5608823
5608958
5638037
5652490
5667761
5669409
5677903
5699922
5704601
5707565
5718473
5719740
5731002
5743456
5761200
5763102
5770433
5776056
5778308
5788680
5788738
5794411
5800636
5804026
5816162
5828820
5837364
5841094
5858160
5858809
5889125
5904589
5907210
5913667
5915712
5921060
5925007
5928628
5935913
5958831
5965946
5977238
5991137
6004457
6014096
6020293
6026587
6041894
6088061
6109496
6118636
6126416
6149360
6152715
6157835
6173666
6174646
6194807
6198941
6200250
6229196
6232318
6234149
6250847
6258856
6266624
6268764
6269971
6278202
6279713
6281440
6283551
6295536
6339370
6350384
6357365
6361145
6364192
6373015
6377209
6381554
6383060
6389105
6413176
6427722
6429419
6443617
6445062
6490859
6507670
6513205
6533289
6559439
6560693
6570167
6573057
6596250
6599051
6605231
6618132
6622673
6623780
6630459
6641825
6652698
6662070
6666006
6668231
6679484
6698479
6712062
6723209
6726287
6748557
6751096
6778612
6799386
6800718
6804718
6807624
6810732
6831792
6839523
6859240
6872221
6874518
6881244
6899929
6921814
6929988
6938346
6941191
6948466
6955118
6956475
6958551
7008708
7024394
7031929
7033788
7035048
7040500
7059543
7063882
7064373
7068301
7077656
7085963
7088050
7099183
7106554
7118534
7136672
7145238
7147655
7147763
7168614
7195482
7195534
7197934
7204702
7233947
7242679
7255043
7282267
7288131
7291137
7298088
7309281
7310031
7315412
7321234
7327550
7329521
7333651
7349067
7367848
7369103
7374804
7397613
7408806
7419394
7421285
7422894
7425971
7428387
7432174
7440041
7445223
7450877
7453269
7456384
7464584
7478651
7495087
7504200
7511151
7511684
7514616
7521917
7523676
7542354
7549976
7563195
7567798
7590427
7604513
7617412
7618593
7644640
7647719
7671417
7673279
7676601
7678771
7692407
7692655
7707570
7712836
7714351
7715983
7718937
7721060
7722965
7725513
7726599
7736376
7738153
7742158
7748862
7755405
7764656
7775679
7791830
7812783
7829665
7846889
7872490
7879026
7883955
7886653
7888317
7893239
7894130
7916578
7920738
7926064
7935304
7941549
7944221
7944880
7945004
7954832
7960218
7961005
7964569
7997369
8001962
8003484
8025070
8037525
8042010
8062971
8075079
8086600
8087852
8089422
8098235
8107618
8114971
8118227
8123293
8134136
8147584
8167938
8169214
8169454
8175828
8183852
8195833
8201945
8208481
8239634
8241609
8245341
8245601
8272056
8274333
8276973
8282357
8295523
8320868
8330633
8335533
8337903
8343091
8350149
8356171
8358150
8368165
8368743
8371696
8399546
8400911
8402223
8408846
8409555
8422819
8423972
8435504
8436405
8445780
8460332
8476112
8478487
8483815
8483999
8492292
8495257
8497016
8510323
8527363
8528039
8532487
8534313
8535977
8538157
8539456
8563414
8570824
8572342
8577977
8585092
8589769
8593836
8596274
8619507
8643519
8656137
8664306
8669502
8669576
8670555
8689055
8700625
8711322
8730178
8736423
8736520
8738396
8746431
8759271
8760983
8768866
8784377
8799903
8811026
8825840
8828837
8831115
8839139
8844974
8849213
8853350
8895366
8895377
8899218
8899755
8920177
8930737
8945074
8947389
8952372
8966564
8973525
8991897
8994590
8995802
9000846
9004978
9008533
9021896
9046562
9059574
9063322
9067791
9078863
9082091
9082253
9096957
9104171
9118340
9123047
9135930
9168314
9178391
9178651
9178651
9186727
9201190
9204041
9231363
9233463
9246025
9248624
9263935
9276130
9280379
9284664
9290728
9292624
9296016
9298313
9302382
9303882
9307695
9309315
9315590
9324095
9328194
9334905
9345636
9368062
9385145
9385904
9400507
9408924
9409632
9438813
9445127
9452263
9453885
9461618
9472644
9476844
9481164
9508575
9514045
9567598
9577533
9581178
9602990
9616954
9650174
9660118
9660784
9663794
9668292
9676176
9680695
9686549
9705492
9719662
9721646
9728897
9731507
9751319
9754071
9760099
9762289
9772342
9773645
9788066
9808161
9829333
9835663
9858395
9862019
9863884
9874488
9884459
9888334
9910363
9922142
9938254
9956686
9976980
