10000
1001237
1001602
1001813
1002002
1002159
1002348
1004022
1004273
1005068
1006759
1007092
1008443
1008583
1009089
1009284
1013687
1014395
1016169
1016720
1017319
1017753
1018592
1018901
1019982
1020794
1020939
1022436
1022738
1022776
1023578
1023734
1023749
1024261
1024291
1025111
1025146
1025533
1027670
1028458
1028994
1032890
1033919
1034016
1034182
1034506
1035673
1036449
1037173
1037242
1040733
1040832
1042810
1042859
1043340
1043839
1047017
1047203
1047897
1051745
1054764
1055319
1055513
1057053
1058047
1058397
1058412
1062632
1063031
1063141
1063387
1063388
1065143
1065609
1066487
1066519
1066605
1067280
1067668
1068085
1071345
1071514
1073077
1073255
1074324
1074563
1075234
1076164
1077131
1077246
1077426
1077788
1083739
1085084
1085160
1085696
1086758
1087362
1088933
1089715
1090009
1091094
1091693
1091700
1092904
1094101
1094474
1095033
1095399
1096403
1096407
1096459
1098745
1098755
1099170
1099750
1100118
1100668
1100722
1104867
1106606
1107707
1108348
1110453
1110461
1110920
1111037
1111209
1111329
1112765
1112942
1113035
1113602
1114110
1114407
1115325
1115713
1116275
1119865
1120465
1121560
1122123
1122585
1124290
1126029
1127198
1127840
1127954
1128052
1128076
1129770
1130459
1131156
1132294
1132836
1133109
1133550
1133843
1134137
1134717
1135290
1135337
1135502
1137888
1138395
1138938
1139504
1140305
1141292
1142033
1143692
1144493
1145256
1145501
1145604
1146614
1150713
1150908
1151038
1151182
1151951
1152004
1152503
1153322
1155135
1155900
1156085
1157296
1158079
1158337
1159717
1160320
1160384
1160585
1162096
1163474
1165014
1165992
1166259
1166538
1167441
1168583
1169511
1170060
1170328
1172400
1173156
1175140
1176844
1177051
1178523
1179227
1180009
1180430
1183127
1183191
1183485
1183723
1184022
1184192
1185634
1186326
1187215
1189688
1189737
1191113
1191152
1192201
1192275
1192763
1193379
1195043
1197780
1198829
1199657
1199978
1201073
1201933
1204110
1204351
1205071
1206486
1206696
1207174
1209093
1209290
1209546
1211269
1211374
1211756
1212648
1212998
1213193
1213625
1213654
1216419
1216838
1217006
1217604
1218453
1219405
1221113
1221997
1225816
1227080
1227428
1228573
1231611
1233343
1233575
1233594
1234489
1234821
1235202
1235401
1236456
1237590
1237620
1238076
1238736
1238799
1241833
1242526
1244483
1244756
1245320
1245438
1246207
1247214
1248470
1248830
1249043
1249829
1251819
1253366
1253880
1254314
1254627
1255266
1255301
1259085
1259539
1259628
1260204
1261260
1261268
1261425
1262548
1262879
1263154
1263321
1263915
1264444
1265451
1265933
1268566
1268668
1268938
1270861
1270914
1272330
1273073
1273120
1275216
1276238
1276334
1277243
1277470
1277489
1278096
1278756
1279665
1280732
1281046
1282099
1285627
1285848
1287865
1289407
1290613
1291248
1292453
1293566
1293700
1293957
1294510
1295001
1295171
1297002
1297663
1298237
1298384
1299130
1299556
1300283
1300644
1301716
1301968
1302793
1303067
1304612
1307509
1307637
1307671
1307886
1308141
1308355
1308392
1308793
1311847
1315757
1317817
1318687
1319170
1319948
1321652
1322894
1328165
1328397
1328950
1329833
1330368
1330632
1331244
1333226
1334440
1334832
1335999
1336481
1336925
1337654
1337664
1338746
1340200
1340375
1341460
1343066
1343103
1343745
1344001
1349606
1351366
1351856
1352522
1352676
1353551
1353888
1356263
1357590
1358906
1359248
1360228
1360581
1361456
1363661
1363926
1365562
1365818
1367155
1367901
1368663
1370601
1371167
1371255
1371306
1372260
1372817
1373317
1373546
1373940
1375062
1375095
1375722
1377257
1377942
1378584
1378758
1379364
1380316
1380812
1381636
1381910
1382803
1383427
1383519
1384521
1384873
1388300
1388420
1389688
1390413
1391609
1392607
1393177
1393554
1393979
1394621
1395015
1395286
1395653
1396031
1396232
1397291
1397297
1399931
1400460
1401056
1401883
1402836
1403665
1403871
1404239
1405992
1406728
1408837
1409203
1411074
1411554
1411994
1412373
1414191
1414308
1415555
1415962
1416699
1416783
1417246
1417716
1418053
1418876
1419846
1419938
1420911
1421645
1421748
1422045
1422761
1423355
1423587
1425650
1425742
1426868
1427267
1428130
1429033
1430043
1431272
1431377
1432948
1433947
1435509
1435823
1436076
1436617
1436947
1437542
1437544
1437755
1439520
1440941
1441694
1442182
1442419
1443860
1444630
1444794
1446291
1446712
1447533
1449570
1452319
1453193
1455032
1456637
1456733
1457577
1458595
1460172
1462430
1463901
1464111
1465149
1468624
1468719
1469882
1469991
1470634
1471012
1471419
1474182
1474706
1475368
1475827
1476340
1476965
1477723
1479864
1480053
1481492
1481871
1483902
1484412
1484428
1485243
1487705
1487721
1488989
1489117
1489182
1489867
1491489
1492676
1493361
1494904
1495681
1496963
1500621
1500625
1500760
1503173
1504860
1506246
1506793
1507071
1509027
1509102
1509372
1510834
1515514
1515808
1515934
1516754
1518746
1519877
1520094
1520143
1520343
1521311
1525164
1525246
1525331
1525760
1526305
1527459
1529537
1530492
1531037
1531666
1531803
1532826
1534177
1535016
1535229
1536587
1537340
1537633
1537895
1538812
1539194
1539451
1539911
1540692
1541534
1542219
1543962
1544252
1544391
1544429
1544469
1545931
1549306
1552746
1553082
1553890
1553916
1554221
1555440
1555441
1557787
1558173
1558376
1558736
1559456
1559599
1560301
1562043
1563235
1563618
1563673
1564299
1565213
1566080
1566402
1567691
1569226
1569333
1570367
1570917
1571591
1571644
1572554
1573691
1574154
1574688
1576131
1576453
1576828
1579276
1580792
1582388
1584606
1585092
1587464
1588221
1590940
1591326
1591935
1592264
1595525
1595527
1595945
1596191
1597674
1597734
1599449
1599776
1600441
1601831
1602576
1604357
1606834
1607341
1607968
1608016
1608623
1609941
1610713
1613046
1613818
1614866
1615107
1615631
1615664
1615902
1616703
1616835
1617843
1618190
1619557
1619712
1620865
1622016
1622785
1623256
1623311
1623526
1625880
1626479
1626816
1628633
1628656
1629073
1629718
1629865
1631651
1631716
1632776
1633082
1633131
1633540
1633846
1634793
1635556
1636998
1638188
1638334
1638626
1640114
1647265
1647557
1648598
1649532
1651116
1651167
1652392
1652605
1654305
1654758
1655065
1655619
1655766
1658116
1658638
1658662
1658891
1660015
1660076
1661086
1661252
1661405
1661491
1662001
1662214
1662560
1662915
1663172
1663514
1664508
1665179
1666449
1667252
1667867
1669847
1671319
1671395
1675227
1675359
1676014
1678036
1678179
1678192
1678650
1681212
1681897
1681940
1683453
1684849
1684892
1685540
1689443
1690362
1692176
1692441
1692628
1694574
1695825
1695906
1695937
1695967
1696972
1698847
1699497
1700014
1700391
1702049
1702088
1702460
1704328
1704545
1704699
1706369
1706406
1706546
1708197
1710114
1710216
1711304
1711723
1712795
1714521
1714965
1715446
1715757
1717100
1718718
1719216
1719531
1721241
1722404
1722636
1723048
1723527
1724448
1729529
1729570
1730199
1730433
1730786
1734142
1734932
1735093
1735737
1736064
1736422
1736519
1737055
1737443
1737914
1738448
1738505
1738834
1738860
1739304
1739332
1739720
1740176
1740428
1741155
1741520
1741798
1742451
1742730
1742923
1743095
1743344
1745299
1747179
1748073
1748370
1749937
1752607
1753169
1754013
1755155
1755769
1756555
1756807
1757165
1757880
1758216
1758951
1758959
1759610
1759688
1760328
1760976
1761292
1762129
1762290
1763111
1764608
1766390
1767879
1768123
1770523
1771731
1772648
1773498
1773763
1774622
1777747
1779272
1781742
1782447
1782948
1783841
1784000
1784259
1785558
1787043
1787080
1788169
1789016
1789801
1790285
1792604
1792842
1793504
1794391
1794616
1794836
1795006
1795436
1795550
1796868
1797972
1798393
1799555
1799578
1804204
1804637
1804928
1804943
1805614
1805730
1806232
1806239
1806465
1806874
1808387
1809423
1809788
1810161
1810419
1810856
1811331
1812464
1812594
1814696
1817173
1819381
1820442
1820576
1820965
1821134
1822169
1822432
1823049
1824570
1824983
1825289
1827631
1829528
1829755
1833253
1833566
1834068
1837972
1838345
1839790
1841650
1843539
1844135
1845716
1845806
1846432
1846866
1847319
1849244
1849475
1849815
1850464
1850507
1850563
1850767
1851881
1852021
1855606
1857946
1858122
1859305
1859802
1860536
1860862
1861397
1862396
1862631
1866318
1866509
1866583
1866897
1867527
1868784
1869379
1870023
1871558
1872908
1873206
1873636
1873808
1874529
1874587
1875376
1875478
1879084
1879847
1881224
1885991
1887556
1888066
1890125
1890823
1891967
1894292
1895901
1896731
1897832
1899409
1900724
1901174
1903179
1904287
1905514
1905757
1908896
1909024
1909332
1910176
1910699
1910923
1911392
1911931
1912011
1915383
1916169
1918359
1919429
1920743
1921681
1922472
1922588
1923105
1923362
1924083
1924934
1925533
1925907
1926500
1926762
1927018
1927229
1927251
1927713
1929370
1930849
1931965
1932123
1932128
1934115
1934179
1934567
1935772
1936849
1937006
1939742
1943147
1943396
1945529
1947296
1948520
1950506
1950683
1951844
1957564
1957773
1958487
1958721
1959787
1960236
1962140
1962930
1963384
1965392
1967862
1970253
1971177
1971252
1971527
1971969
1971976
1972525
1973510
1974337
1975412
1975814
1975956
1976364
1977185
1977838
1978942
1979392
1979756
1981290
1986866
1989087
1989233
1990704
1994239
1994316
1994751
1995268
1997005
1998201
1998845
1999427
1999460
2001620
2002066
2002574
2003079
2005620
2006425
2006530
2006749
2006784
2007689
2008149
2009408
2010116
2010987
2011451
2012396
2012518
2013223
2013683
2014325
2016289
2017131
2019501
2020198
2020460
2021331
2024776
2025044
2025461
2026085
2027223
2029449
2030360
2034545
2034650
2035040
2035265
2035992
2036620
2036817
2037200
2037953
2041865
2041951
2042132
2042842
2043909
2044503
2045710
2046034
2046408
2047418
2049250
2050231
2050342
2051130
2051465
2051719
2052952
2053659
2053844
2053952
2054734
2056775
2057135
2057529
2057917
2058757
2058836
2058938
2059085
2063109
2064147
2064309
2066210
2066933
2066997
2067522
2067866
2070194
2070632
2074514
2074680
2076378
2077683
2077997
2078035
2078221
2078463
2082681
2083270
2083935
2085513
2087252
2089444
2090040
2090477
2090677
2091172
2092838
2095220
2095251
2095372
2095865
2096270
2097140
2098225
2098725
2101040
2102876
2105067
2105322
2106024
2106202
2106290
2107236
2107746
2107944
2109081
2109639
2109782
2110588
2112499
2112639
2113581
2115516
2115727
2116027
2116297
2117535
2118118
2118969
2119382
2121444
2121526
2121697
2122076
2123040
2125209
2125828
2125841
2127380
2127475
2127511
2130915
2131230
2132047
2134372
2138032
2138301
2138404
2138802
2139236
2140993
2141341
2145608
2146269
2146595
2146610
2146669
2147300
2148701
2151743
2152017
2154323
2154615
2155020
2155651
2156406
2157684
2157774
2157874
2158981
2159056
2160587
2160621
2160692
2162614
2162852
2163049
2163225
2163251
2163361
2165750
2172147
2174029
2176248
2178541
2178640
2179119
2180211
2181621
2181960
2183327
2183867
2185088
2185106
2185202
2185227
2185809
2186389
2187186
2187427
2188043
2188344
2188368
2188568
2188834
2189801
2189849
2190315
2190662
2191218
2191243
2192457
2192840
2193896
2194106
2194740
2196128
2196189
2196397
2197397
2199460
2200654
2201268
2201329
2202625
2202874
2204064
2205079
2206488
2207627
2208234
2208504
2208936
2210466
2211568
2211978
2212291
2213215
2214798
2214922
2216052
2216197
2216791
2218742
2221678
2221686
2221960
2222200
2223013
2223095
2224132
2224463
2225772
2226278
2226285
2228049
2228101
2228759
2229088
2229612
2230352
2231657
2232039
2232460
2232489
2233065
2234866
2234881
2236774
2236865
2237549
2239394
2240334
2241116
2241687
2241749
2242952
2243007
2245264
2246998
2247383
2247645
2248484
2248889
2249112
2250855
2251287
2251624
2251679
2252769
2253086
2253966
2254100
2254452
2254703
2255368
2255704
2257571
2258134
2258469
2259328
2263069
2263809
2264415
2267576
2268118
2268885
2270379
2270524
2271119
2272402
2272903
2273321
2273765
2275440
2275829
2276232
2276547
2278129
2278602
2279702
2280561
2280618
2280775
2281701
2282458
2282561
2282852
2283009
2283237
2283703
2283930
2285435
2285572
2289529
2290766
2292368
2292584
2296206
2296592
2299434
2300204
2302665
2303153
2303237
2305817
2307110
2308235
2310771
2310928
2311326
2312592
2313182
2313931
2316717
2317509
2320509
2321866
2322715
2322911
2323026
2324165
2325357
2325538
2327220
2327384
2327498
2328030
2331893
2331953
2331993
2332072
2333144
2333152
2333439
2334791
2336653
2338120
2343890
2344065
2344929
2345197
2345254
2347847
2349287
2350405
2351731
2352112
2352728
2353354
2353998
2354385
2354600
2355621
2356947
2357503
2358997
2359104
2359260
2359364
2359698
2360508
2361557
2362797
2363290
2363855
2366169
2366984
2367207
2367228
2367449
2368814
2369294
2369994
2370239
2370778
2371241
2372675
2373166
2373583
2373726
2373781
2374909
2376417
2376935
2379270
2381291
2381869
2382882
2383332
2383340
2384364
2390214
2390328
2390856
2390937
2391712
2391738
2391785
2391836
2392142
2392867
2393914
2394637
2396098
2396447
2397288
2397374
2398012
2398926
2398981
2399118
2399414
2399421
2400662
2402456
2403713
2404710
2406529
2406685
2407243
2407314
2407887
2408350
2409137
2409886
2411455
2412331
2412625
2415435
2415486
2416214
2416828
2417126
2417402
2421788
2423206
2424381
2425300
2426206
2428463
2429182
2429215
2430366
2430439
2431072
2432457
2433027
2433062
2433216
2434693
2435539
2435644
2437047
2438101
2441701
2442938
2443571
2444154
2444179
2444468
2444728
2445447
2446732
2446999
2447021
2451094
2451903
2452170
2453712
2454179
2454549
2455472
2455892
2456199
2457222
2457249
2457850
2458082
2460704
2460916
2462021
2463523
2465484
2465560
2466698
2467861
2467941
2468002
2468712
2471200
2472094
2473147
2473330
2475940
2476415
2477438
2478530
2478752
2480128
2482792
2483067
2483451
2483789
2484853
2484911
2485092
2485177
2487569
2487596
2487943
2488624
2489062
2489319
2492840
2494945
2496326
2496371
2497121
2497813
2499398
2499671
2502323
2503104
2503334
2505633
2508160
2508942
2509855
2510300
2510820
2511015
2512472
2513665
2516644
2517506
2521631
2522655
2523515
2524345
2526248
2526275
2527282
2527284
2527682
2528383
2530194
2531682
2533504
2534189
2534723
2536404
2536427
2537012
2540139
2540303
2540497
2540806
2541195
2542340
2542775
2543843
2545080
2545360
2545608
2545646
2546589
2546880
2547320
2547375
2549439
2551453
2553014
2554419
2555435
2555465
2555734
2555910
2558882
2559452
2559907
2563043
2564528
2565246
2570455
2570876
2570885
2571972
2573996
2574806
2576830
2577181
2579061
2579396
2581378
2581669
2582608
2582817
2582909
2583175
2583871
2585673
2586319
2587902
2587947
2588007
2589555
2589555
2589842
2590345
2591287
2592287
2592717
2592930
2593510
2593636
2594075
2594545
2595295
2595569
2595740
2597710
2598891
2598947
2600356
2601174
2601725
2602188
2604935
2605422
2605702
2607369
2607477
2609075
2610305
2610549
2611132
2612142
2612893
2613085
2613538
2615932
2618328
2618433
2619990
2621619
2621893
2623514
2627143
2627684
2628082
2630145
2630360
2630748
2630933
2633819
2635041
2635311
2636461
2636474
2637982
2638343
2638356
2640298
2641238
2642566
2642834
2643034
2644147
2644560
2645246
2645279
2645381
2645515
2645589
2648195
2649504
2650172
2650214
2651560
2652658
2652832
2652866
2653929
2656374
2656399
2662668
2662965
2664183
2664729
2666495
2667597
2667713
2668829
2670768
2670778
2670989
2672279
2673391
2673458
2674085
2674246
2674772
2679627
2681953
2682169
2684802
2685537
2686894
2688480
2688613
2689060
2689374
2689749
2690929
2691630
2693047
2693124
2694317
2695448
2697097
2697245
2697315
2699150
2699516
2700317
2700949
2701370
2702755
2702832
2703987
2705941
2706901
2707272
2707553
2708000
2708162
2708987
2709031
2709857
2711493
2711672
2711821
2714190
2714751
2715820
2715945
2716055
2717062
2718421
2718455
2719545
2720076
2720665
2721387
2721545
2722375
2724105
2724250
2724381
2724454
2725002
2725444
2727999
2732796
2733114
2734773
2735036
2735183
2735922
2735986
2736183
2738302
2738953
2739024
2739795
2740531
2740567
2741947
2743867
2744716
2745251
2746021
2746116
2746529
2746764
2746794
2747176
2747237
2747365
2747809
2748086
2748246
2748765
2749646
2749681
2749841
2750947
2752159
2752409
2752543
2752760
2753635
2755289
2755517
2759252
2760184
2761604
2762383
2763393
2763722
2765367
2765443
2766404
2766564
2766884
2767501
2767880
2769868
2772706
2772858
2775034
2775089
2775477
2777643
2778467
2778804
2779635
2779691
2780946
2781243
2781289
2782554
2783409
2783773
2784235
2785821
2786083
2786159
2786780
2787170
2788203
2788465
2789957
2793136
2794290
2795796
2795810
2798999
2799091
2799338
2799467
2800678
2800959
2801993
2803621
2803698
2806372
2807777
2807779
2807874
2808026
2808500
2808628
2808665
2809106
2810161
2810257
2811539
2811633
2812078
2813366
2814757
2814900
2815995
2816237
2816608
2817165
2818468
2819569
2821389
2822297
2822648
2822668
2823006
2823117
2823349
2823603
2824329
2824923
2826707
2827701
2828605
2828913
2829475
2829855
2829865
2832193
2834121
2834844
2835124
2835214
2835661
2835923
2837598
2838258
2838659
2839210
2841966
2842665
2843821
2844648
2845061
2845797
2846709
2848233
2848323
2848468
2851094
2853124
2854908
2855001
2855671
2856968
2857442
2857558
2857843
2858082
2860372
2860478
2862152
2862592
2866647
2866776
2866878
2868795
2868893
2869712
2872081
2872689
2873055
2873451
2875211
2876507
2876541
2878149
2879121
2879656
2880205
2880652
2880942
2883688
2887306
2888024
2890456
2892681
2893184
2893250
2895112
2895224
2896755
2896992
2897605
2898584
2899641
2900713
2901918
2903243
2903691
2903902
2904814
2907489
2908061
2908428
2908475
2909291
2909421
2913764
2913960
2914039
2914598
2914804
2914813
2914910
2915534
2917147
2918255
2918520
2918585
2919947
2920350
2922154
2924041
2927034
2927143
2930656
2930708
2931111
2931904
2934621
2934672
2935435
2935566
2937609
2938659
2938757
2938806
2939036
2940382
2941757
2942346
2942925
2943170
2943484
2946238
2946657
2947221
2947613
2947920
2948146
2948746
2948901
2950630
2951426
2955412
2956671
2957731
2960754
2961978
2963652
2963859
2964135
2964167
2964176
2964694
2967166
2968124
2968282
2968324
2968400
2968433
2968447
2968819
2969346
2969714
2969744
2970441
2970787
2970940
2971220
2973490
2975265
2976184
2976901
2977888
2978430
2978557
2979380
2980461
2981097
2981172
2984064
2984448
2984839
2984952
2989118
2990009
2992587
2992588
2992975
2994029
2994254
2995112
2995645
2995949
2996729
2996827
2997823
2999997
3002168
3003134
3003458
3004455
3006791
3007904
3008076
3009490
3009560
3010585
3011948
3012226
3013848
3014370
3015901
3017679
3017725
3017978
3019039
3022307
3022628
3023909
3024733
3025055
3025068
3029128
3030271
3031770
3032226
3033158
3033867
3034657
3035552
3036364
3036581
3036846
3038088
3040188
3040813
3042785
3043188
3043363
3043555
3044356
3046264
3046996
3047390
3047501
3048388
3048431
3050968
3052244
3052928
3053380
3055637
3055773
3056951
3058552
3059361
3060813
3062778
3063297
3063412
3064152
3064202
3064203
3064578
3065422
3066041
3066101
3068205
3070431
3072435
3072610
3074199
3075998
3076279
3078807
3082326
3084129
3086618
3087275
3087535
3087658
3087689
3087759
3090009
3091075
3091125
3092435
3092859
3093548
3095128
3095486
3096316
3096615
3097774
3098478
3102955
3104626
3104742
3106397
3107708
3107880
3108602
3112966
3114584
3115741
3119351
3119716
3120267
3122021
3122036
3123103
3123730
3125815
3127063
3127347
3127662
3128117
3130603
3132014
3133382
3133549
3134572
3135323
3136043
3136091
3136249
3137064
3138891
3139472
3140145
3140377
3141341
3141944
3144543
3144616
3146082
3146643
3148944
3148996
3148998
3149000
3149044
3149229
3149557
3150386
3150607
3151258
3151852
3152669
3153708
3154369
3155740
3157866
3158473
3158808
3162628
3163225
3163269
3165697
3167079
3167085
3169003
3169679
3170016
3171258
3172453
3172614
3173106
3173693
3174452
3175072
3175840
3177750
3181412
3183268
3183843
3183959
3184461
3185157
3186041
3188980
3188983
3189365
3189552
3189800
3191409
3192865
3194492
3202204
3202266
3203150
3203193
3203434
3204339
3204541
3204941
3205349
3205410
3205868
3206885
3207216
3207425
3207502
3208754
3210751
3211054
3212078
3212701
3212961
3213498
3215861
3217095
3217642
3218434
3219186
3221579
3222302
3222518
3222602
3223573
3223666
3224295
3225578
3226474
3228508
3229091
3229325
3229480
3230138
3230719
3232352
3233280
3233422
3234302
3235007
3235988
3236659
3238101
3238112
3238529
3240256
3241271
3242027
3242624
3243964
3244636
3245280
3246158
3247076
3247303
3248342
3248849
3248993
3249418
3249711
3249816
3250395
3250692
3250710
3251295
3256922
3258344
3258493
3258639
3261394
3261758
3262923
3262959
3266295
3266878
3267310
3267379
3267970
3270157
3270244
3271048
3271577
3271707
3272085
3273908
3274524
3274546
3275152
3278143
3278972
3279599
3279831
3279931
3280061
3280589
3281268
3281351
3281532
3281811
3282656
3284117
3285989
3286831
3287758
3288607
3288636
3288721
3290645
3291200
3292596
3293326
3293687
3293966
3294771
3295403
3296053
3296951
3298270
3300917
3301809
3301823
3304347
3304429
3304468
3305090
3305601
3306085
3306122
3306664
3307153
3308377
3308382
3310050
3310077
3310165
3310770
3310961
3311087
3311282
3311791
3312489
3313178
3313827
3314135
3314558
3315335
3315844
3316814
3316929
3317577
3317739
3317750
3317940
3318202
3318350
3319983
3321548
3322099
3324106
3324423
3324850
3327112
3327215
3329580
3329802
3329902
3330515
3330995
3331837
3332360
3332748
3334647
3335032
3335296
3336729
3336858
3338064
3339921
3340001
3341793
3342504
3345211
3345270
3345545
3345556
3346041
3349152
3349851
3350069
3350321
3350744
3350846
3352834
3355379
3355729
3355776
3356013
3356369
3357459
3357796
3358040
3358130
3358457
3358505
3359142
3359700
3359769
3360373
3360683
3360913
3362168
3363517
3364044
3364093
3364125
3364208
3364558
3365103
3365880
3366186
3366623
3367226
3368239
3368346
3368597
3369224
3372522
3373514
3377067
3377232
3378184
3378199
3379523
3379808
3379877
3380756
3380963
3381298
3381563
3382063
3382675
3383400
3383941
3384517
3385371
3386017
3387110
3387231
3387647
3388504
3389862
3391213
3391272
3392436
3393480
3393737
3394618
3395263
3396616
3396873
3399174
3400331
3404267
3404895
3407906
3408271
3408429
3408828
3410578
3411539
3411637
3412470
3414309
3414848
3415418
3416581
3417551
3418009
3419189
3420456
3423617
3424613
3424990
3426311
3426338
3428516
3428588
3428594
3428634
3428905
3429111
3429408
3430314
3430797
3432404
3432748
3434014
3434279
3434706
3438124
3438157
3438827
3439988
3440486
3442967
3444247
3444506
3444599
3445102
3445189
3445624
3446575
3447083
3447175
3448391
3448741
3448802
3450503
3450707
3450883
3451914
3452248
3452423
3453555
3454263
3456662
3457104
3459057
3459419
3459483
3463704
3463962
3463997
3464309
3465007
3465741
3466348
3466685
3466866
3467095
3467390
3467840
3468033
3468885
3469139
3469359
3471702
3472769
3473079
3473717
3475662
3476269
3477261
3477610
3477781
3477979
3478996
3479789
3479802
3480088
3481180
3481891
3482164
3482876
3483740
3484038
3484193
3484857
3484941
3485268
3485356
3485427
3487932
3488493
3489084
3489167
3489424
3489577
3489852
3490692
3490708
3490741
3490841
3491291
3491352
3492074
3492958
3495515
3496119
3497895
3501139
3503039
3503419
3504390
3504787
3505323
3507258
3507481
3508214
3510697
3511351
3512453
3512654
3514214
3514448
3514563
3515552
3515610
3517373
3517731
3518236
3518591
3521749
3523936
3525355
3525879
3528910
3528947
3530298
3530888
3531108
3532078
3535332
3535732
3535977
3536276
3536314
3536572
3537306
3538762
3538765
3539208
3539732
3542436
3543106
3544058
3545508
3545570
3545708
3546087
3546262
3548148
3548266
3549258
3549787
3550244
3550386
3550528
3553029
3555889
3556014
3557540
3559640
3560929
3561470
3561539
3562558
3562922
3563453
3563495
3563579
3563759
3564153
3566888
3567481
3568079
3570630
3571312
3573878
3578628
3580052
3583369
3583395
3585279
3585432
3585547
3586460
3587385
3589646
3590118
3590218
3593830
3594350
3597763
3599923
3600659
3602357
3602770
3603377
3606718
3610967
3611561
3612260
3613112
3613451
3613744
3615456
3616011
3616555
3618549
3620215
3621086
3621125
3621348
3622159
3623471
3624686
3624855
3625540
3625597
3625947
3626247
3626622
3627311
3627352
3627868
3629975
3630511
3630863
3631230
3631658
3633405
3637977
3638141
3639557
3640322
3642685
3643279
3644594
3646818
3646966
3647540
3649121
3649474
3651606
3651746
3651801
3652089
3652842
3652889
3653011
3654285
3655733
3656329
3656753
3656843
3656986
3657021
3657909
3661558
3662718
3662969
3663370
3666579
3666599
3667626
3667769
3668691
3669702
3670292
3670514
3670774
3670778
3671613
3672624
3672749
3672990
3673237
3674114
3676617
3677507
3677847
3678233
3678567
3679011
3680946
3682524
3683802
3685449
3686345
3687900
3689583
3690437
3692149
3692151
3692154
3692361
3693539
3693880
3694453
3694641
3695805
3696634
3697025
3699532
3700057
3700581
3700673
3701640
3704992
3705544
3706859
3706862
3708685
3710343
3710839
3711296
3714965
3717476
3717827
3717918
3718604
3719201
3720531
3721743
3724002
3724171
3724183
3725881
3727641
3727870
3728869
3729625
3730868
3730951
3735660
3736158
3739146
3739986
3740889
3741667
3741940
3743275
3745998
3746384
3746574
3746609
3747909
3748513
3749088
3750494
3750860
3750918
3751183
3753752
3753986
3754711
3754898
3755238
3755494
3755852
3756110
3758268
3759267
3763600
3763904
3764360
3764561
3767761
3768192
3769768
3770589
3770983
3771541
3773208
3773420
3773992
3774229
3774674
3774712
3776315
3779150
3779510
3779979
3781558
3781779
3783613
3784529
3785055
3785611
3786820
3787111
3788223
3788825
3789185
3789738
3789750
3790379
3790812
3791250
3792682
3793766
3794555
3795303
3795740
3796604
3796622
3797604
3797656
3798730
3798747
3802402
3802997
3803097
3803892
3804139
3804396
3805013
3805326
3805423
3805678
3805757
3806435
3806452
3807594
3807716
3808145
3809615
3813688
3813834
3814741
3814746
3816478
3817403
3818194
3818863
3821059
3823089
3826345
3827493
3827844
3828234
3828756
3829010
3833090
3834717
3837562
3838026
3838519
3838937
3839099
3839473
3839712
3839752
3840164
3842063
3842275
3842564
3842768
3843657
3845722
3846167
3847181
3847502
3849055
3849557
3851627
3852052
3853347
3853784
3856882
3857171
3858485
3859277
3860742
3860963
3861999
3863149
3867583
3868766
3868981
3869909
3870226
3870436
3876047
3876551
3876608
3877374
3878483
3878622
3878771
3878819
3879685
3882212
3883483
3884575
3885691
3885821
3886526
3886707
3886865
3887028
3887744
3889550
3889990
3891832
3895785
3896495
3897352
3897508
3898340
3899869
3902432
3902462
3902541
3902889
3903298
3903745
3905170
3905876
3905921
3905936
3906865
3906900
3907295
3907491
3907721
3908240
3908538
3908671
3909530
3911655
3912459
3912535
3912783
3913127
3914329
3915620
3916752
3917106
3918436
3918850
3919519
3920093
3920585
3920698
3920729
3921054
3921492
3922032
3922181
3922927
3923043
3923050
3924627
3924656
3924977
3926298
3926480
3926615
3927153
3927987
3929275
3930018
3931503
3931560
3931868
3932056
3932472
3935287
3935628
3936783
3937065
3938264
3938658
3940367
3941334
3942467
3943670
3944515
3948352
3948448
3948845
3949066
3949460
3949974
3950022
3950444
3951180
3952863
3953509
3953627
3956042
3957104
3960200
3960711
3963106
3963529
3964156
3964369
3964531
3964816
3965104
3966439
3966549
3968719
3969720
3970304
3972338
3972503
3972551
3972842
3973250
3973295
3975171
3975291
3975850
3977343
3978389
3979241
3980234
3980764
3981670
3983553
3984752
3985085
3986297
3986730
3986864
3986878
3989552
3989828
3990149
3990757
3994905
3995053
3995060
3995554
3996172
3998765
4001205
4001727
4002415
4002618
4002974
4003227
4003328
4004132
4005715
4006060
4009596
4011033
4012362
4013763
4014343
4017149
4018868
4019733
4021278
4021390
4022183
4022646
4023381
4023594
4025842
4026115
4026808
4027645
4028671
4029071
4030432
4030555
4032708
4033889
4034003
4036232
4037389
4037765
4038163
4038485
4038655
4039747
4041470
4041852
4042300
4043117
4044064
4044190
4044304
4045244
4045505
4045960
4046918
4048157
4048422
4048578
4050000
4050158
4050288
4050883
4053400
4053489
4054669
4055105
4055807
4057038
4058257
4058642
4060914
4061356
4061563
4061903
4063285
4064464
4064868
4065121
4065244
4066004
4066969
4068146
4068678
4068746
4070245
4072754
4074392
4075138
4077681
4077899
4078236
4078258
4078416
4079949
4084366
4091162
4093439
4094082
4095007
4095723
4097992
4098439
4099021
4101751
4102384
4102455
4102523
4102711
4106654
4106705
4108768
4109352
4109605
4112765
4115031
4116631
4117814
4119368
4119623
4119836
4120021
4120168
4121859
4123043
4123174
4124286
4124498
4124828
4124948
4125099
4125977
4126956
4127382
4127723
4128721
4129825
4130772
4130866
4131304
4131635
4133319
4134031
4137304
4137527
4137788
4138341
4138732
4138775
4140361
4140534
4140561
4141114
4141816
4142110
4143829
4144182
4144667
4145662
4145721
4146537
4146873
4152061
4152829
4153377
4153391
4154960
4156248
4156558
4158485
4158893
4159880
4161157
4162245
4162966
4164644
4165504
4165864
4166767
4166923
4170930
4171254
4175562
4181037
4181139
4183283
4183340
4184403
4185943
4185992
4186068
4187436
4188075
4188942
4189597
4191747
4192166
4193530
4195353
4195672
4196395
4197794
4198747
4199240
4201321
4202410
4204128
4205487
4207319
4207770
4207821
4209767
4210074
4211224
4212050
4212535
4212683
4214167
4215055
4215171
4215622
4217090
4217983
4218907
4219557
4220765
4221397
4221513
4221658
4222760
4222863
4223563
4226553
4227229
4227334
4228148
4228188
4228219
4228500
4230382
4232022
4232230
4232758
4232853
4232962
4233584
4234935
4235411
4235892
4236081
4236618
4237867
4239148
4241899
4243033
4243739
4245392
4247545
4248070
4248256
4248429
4248929
4249299
4251867
4252111
4252412
4252650
4252651
4252936
4253498
4254963
4255515
4256367
4256797
4256972
4258032
4259011
4259952
4260098
4262308
4262609
4263271
4263904
4267261
4267547
4267859
4269764
4271429
4272833
4275325
4276074
4276166
4276932
4277606
4277866
4278560
4279194
4279256
4279360
4279911
4281102
4281946
4282593
4282875
4283017
4283482
4284137
4284137
4285622
4286331
4288424
4288669
4290480
4290563
4291249
4291299
4291734
4292121
4292537
4292609
4292720
4293188
4293709
4293948
4294800
4295053
4295403
4295616
4296625
4296874
4297054
4297397
4297733
4300769
4301161
4301500
4301784
4301954
4302092
4304548
4304649
4307686
4308238
4309492
4310915
4311206
4312597
4312825
4314064
4315495
4316381
4317102
4317528
4318949
4319994
4320271
4320643
4321505
4322766
4322965
4323630
4323807
4326353
4326952
4327472
4327532
4329680
4330068
4331288
4331990
4332355
4333011
4333134
4336086
4336851
4337067
4337317
4337384
4338522
4338719
4339178
4340554
4343433
4345756
4345970
4346194
4349877
4351101
4351291
4352724
4355267
4362524
4363999
4366855
4369225
4370802
4370852
4371828
4373899
4374696
4374808
4375660
4377551
4378822
4380161
4383035
4384790
4385553
4386684
4386915
4387439
4387927
4388373
4388997
4389223
4389952
4390726
4391255
4391531
4391534
4391744
4391807
4393116
4395915
4397587
4398223
4398481
4402762
4405091
4406216
4408183
4408856
4409354
4410725
4411267
4413897
4415376
4416334
4417727
4419297
4423627
4424133
4426154
4427917
4429532
4430198
4430423
4431093
4432188
4434414
4435230
4435521
4435599
4438464
4438603
4438993
4440100
4440608
4440645
4446028
4446517
4446523
4447768
4448140
4449239
4450902
4451064
4452652
4455082
4456229
4457614
4458735
4459369
4460791
4461043
4461448
4462630
4462668
4464280
4464634
4465914
4466108
4466421
4467811
4468459
4468543
4468917
4469542
4469974
4471073
4471372
4471750
4472983
4473461
4474403
4476373
4476796
4478159
4478829
4479195
4480330
4480553
4483603
4484314
4486103
4486836
4487068
4491451
4491474
4493683
4493766
4494593
4495669
4497497
4498984
4499314
4502120
4502609
4502949
4503225
4504041
4504889
4505432
4506673
4506976
4510082
4510359
4510927
4511355
4511457
4512287
4512652
4514232
4514766
4514912
4515105
4517422
4518159
4518277
4518870
4520204
4522828
4523241
4524713
4526486
4528898
4529677
4529721
4529726
4530137
4530750
4530979
4531045
4531295
4531901
4533574
4537104
4537415
4537750
4538858
4542022
4544198
4548743
4549306
4549315
4550294
4550644
4551062
4551107
4551442
4552799
4553005
4553721
4554079
4555056
4555912
4556559
4557232
4559055
4559474
4559952
4560910
4561816
4562210
4563577
4563950
4564368
4564936
4565491
4566368
4566911
4567356
4571303
4571381
4572281
4573238
4573326
4574584
4574588
4575036
4575987
4577310
4578074
4578102
4578369
4578965
4580370
4580800
4581573
4582536
4583084
4583480
4584323
4584350
4585044
4585722
4586275
4587287
4587541
4589372
4589929
4590395
4590418
4590639
4591230
4599798
4600464
4600855
4601323
4602965
4604091
4604847
4605350
4605440
4606026
4606999
4607609
4608063
4608371
4608442
4608950
4609010
4609187
4609416
4611371
4612562
4613305
4615244
4615880
4616112
4616258
4616273
4617523
4617625
4617657
4619354
4619965
4620259
4621076
4621624
4624027
4624338
4624400
4624454
4624999
4625119
4625201
4625450
4626609
4627379
4627896
4628223
4628500
4629318
4629374
4629533
4629621
4631439
4631708
4631864
4632071
4632565
4632572
4634395
4634402
4635588
4636220
4637290
4637574
4638869
4639373
4640963
4642108
4642489
4642756
4643090
4643820
4643824
4645636
4645857
4646099
4647132
4647253
4648297
4648650
4649093
4649221
4649674
4650506
4650836
4652300
4652430
4652956
4654774
4655324
4655386
4655840
4656133
4656576
4658237
4661242
4661578
4662241
4662741
4664276
4665062
4665236
4665897
4667000
4670997
4672030
4672830
4673084
4673149
4673405
4673694
4673779
4674233
4675575
4676629
4680307
4680360
4681756
4682447
4684192
4684379
4685500
4685933
4686164
4687330
4687452
4688287
4689783
4690145
4691877
4692414
4692510
4693862
4694403
4695001
4697185
4697604
4698483
4699487
4702791
4704037
4704904
4706863
4707016
4707360
4707703
4707742
4708962
4709015
4709802
4710281
4711752
4711832
4712001
4713836
4714270
4714284
4714396
4714727
4715090
4715585
4715903
4717843
4717912
4718091
4718237
4718476
4719871
4720472
4721086
4721662
4722146
4722904
4724007
4724769
4725413
4726429
4727016
4727654
4728863
4728969
4729138
4730288
4730456
4730503
4730508
4731442
4732685
4733686
4733952
4734205
4735722
4736286
4736578
4737055
4737749
4739354
4741941
4742007
4742832
4743477
4745467
4746102
4746122
4747356
4749790
4750708
4751935
4751951
4752238
4754205
4754280
4754305
4754608
4754863
4755499
4756421
4756878
4760440
4760739
4761067
4762569
4764734
4765188
4765254
4769150
4769499
4770699
4774139
4774461
4774574
4774827
4775664
4778793
4779006
4780214
4780547
4780795
4781637
4783257
4785033
4785350
4785382
4788632
4788714
4790631
4791898
4793057
4793758
4793797
4793917
4794490
4796179
4799161
4800618
4800790
4800803
4801339
4801562
4804974
4805564
4806949
4808597
4808673
4811387
4811926
4812134
4812669
4813077
4814280
4815229
4816441
4816495
4819233
4819941
4820676
4821975
4824076
4825824
4826689
4829288
4829659
4830099
4830340
4832405
4832629
4832820
4832892
4834654
4835032
4835319
4836083
4837203
4837390
4838296
4838531
4839280
4839678
4840005
4840108
4840462
4842016
4842606
4843189
4847596
4848638
4849451
4849880
4851086
4853338
4853655
4853942
4854721
4854905
4855007
4855547
4858173
4858359
4859599
4860014
4860369
4860498
4861302
4861320
4861796
4861915
4861931
4864096
4864259
4865277
4865881
4866944
4868276
4868527
4868819
4868942
4869499
4870120
4870621
4875377
4875449
4877469
4878263
4878701
4879408
4885435
4885943
4886470
4886516
4886564
4887621
4889383
4890410
4890798
4892278
4892763
4893161
4894146
4895302
4897634
4897804
4897966
4898505
4898513
4899346
4899492
4903108
4906276
4906550
4907291
4907500
4907664
4908530
4908941
4915070
4916086
4916475
4917782
4918705
4918848
4918855
4918894
4919191
4919334
4919758
4919846
4921268
4921295
4923221
4923656
4923794
4924343
4924625
4925213
4925378
4925993
4926457
4926878
4930192
4931363
4932230
4933294
4936178
4937372
4937860
4938422
4938860
4940125
4940643
4940647
4940656
4942096
4942893
4943766
4944080
4945268
4946258
4950026
4950338
4952276
4953535
4953748
4954452
4956511
4959317
4959480
4961765
4961833
4962656
4966421
4966496
4966604
4966727
4970734
4972526
4974954
4977887
4978009
4978857
4980788
4981674
4982015
4982596
4982932
4983124
4983278
4983345
4983734
4984581
4986459
4988005
4989052
4989150
4990062
4991185
4992392
4993894
4994026
4994685
4997475
4997708
4998658
5000430
5000780
5001828
5001936
5003441
5003664
5004414
5004669
5005131
5005503
5005957
5006551
5008339
5008882
5009880
5011154
5012250
5012944
5013747
5013866
5014079
5015361
5016136
5016720
5016983
5017042
5020584
5021066
5021071
5021258
5021524
5022956
5025668
5025831
5027309
5028468
5028991
5029753
5030138
5030690
5031847
5033908
5034448
5034469
5035843
5036233
5036312
5036403
5036595
5036678
5037582
5037884
5038076
5038502
5039696
5040817
5041316
5041639
5042008
5043781
5044077
5044444
5044544
5045618
5045675
5046738
5047186
5047922
5048384
5049006
5049575
5050804
5051273
5051343
5051615
5051933
5052009
5052041
5052711
5054058
5055318
5055459
5057709
5057745
5059055
5060038
5060427
5061693
5062735
5062921
5064624
5065289
5065353
5065903
5066076
5067127
5067271
5067480
5067620
5067819
5069481
5071718
5076015
5077179
5077695
5078569
5078759
5082255
5082657
5085196
5085462
5088324
5090288
5091262
5093089
5094025
5095516
5097704
5098147
5100333
5103681
5104534
5104896
5105046
5105062
5105489
5105618
5106002
5107844
5108031
5108891
5109544
5110217
5111839
5112114
5115655
5116012
5116550
5116722
5117558
5119521
5119734
5120041
5120464
5121587
5123045
5123695
5125911
5125932
5126119
5126781
5128973
5129720
5129956
5130303
5130487
5130746
5132690
5133042
5133117
5133397
5133928
5134499
5135043
5135109
5135491
5136580
5137043
5137360
5137587
5137950
5138370
5140827
5142429
5142988
5143382
5144999
5147440
5149681
5149798
5150915
5151057
5151260
5151331
5151961
5153178
5154093
5154134
5155157
5155472
5155606
5155677
5155802
5155892
5156141
5156926
5159225
5159590
5160269
5160441
5161212
5162783
5162952
5163406
5163461
5163642
5164430
5165939
5167125
5167216
5169156
5170653
5170750
5171092
5171195
5171266
5171849
5171854
5172032
5172520
5173370
5174063
5174240
5174806
5177253
5178841
5179043
5179247
5179359
5180134
5180484
5180922
5183639
5183918
5184344
5184395
5185392
5187408
5189495
5190470
5190544
5190599
5191536
5192189
5193155
5193640
5195957
5196563
5197291
5198084
5198734
5199157
5199570
5199905
5200888
5201510
5201899
5202861
5202999
5203454
5204570
5204629
5204974
5205087
5205213
5207071
5207605
5208493
5208654
5211774
5212347
5213800
5214804
5215294
5215594
5217258
5220196
5222272
5222654
5223856
5224129
5224660
5225249
5229721
5229790
5230295
5231882
5232572
5233279
5234419
5236584
5237077
5242210
5243024
5243482
5244796
5245712
5248650
5249567
5249925
5251509
5252968
5254002
5254535
5254901
5255546
5256177
5257039
5257433
5258094
5258200
5258380
5258605
5259317
5260085
5260885
5261571
5262518
5263667
5263875
5264865
5266028
5267127
5267153
5267877
5268354
5269116
5269568
5269791
5271043
5271152
5271567
5271782
5272746
5273943
5274322
5276259
5277280
5277598
5278280
5279651
5280659
5281037
5281842
5281923
5281937
5282292
5284997
5286417
5286625
5287685
5287686
5287911
5288460
5289433
5291693
5291759
5292343
5294506
5294948
5295998
5297184
5298392
5299193
5299783
5299821
5301005
5301395
5302610
5305261
5305357
5307312
5308406
5309964
5310354
5313626
5313677
5313876
5313990
5314659
5314748
5315045
5315445
5316645
5317266
5319445
5319604
5320523
5320746
5321556
5321655
5324120
5324694
5325923
5326194
5326634
5327735
5328901
5330320
5332663
5332766
5334911
5336280
5336617
5337089
5337196
5338306
5338490
5339892
5340245
5340938
5343035
5343227
5343507
5344334
5344764
5345167
5345641
5346564
5347591
5347663
5349418
5349997
5352652
5353134
5354001
5357815
5358042
5359854
5359912
5360656
5362808
5362902
5363258
5363685
5364536
5365757
5366065
5366246
5366661
5366764
5368669
5368673
5368702
5368883
5371366
5371693
5372252
5372382
5373297
5373361
5375150
5375627
5375765
5376119
5377730
5377763
5378134
5379284
5383259
5386361
5387841
5388186
5388510
5388864
5389172
5391055
5391489
5391492
5393784
5394147
5394459
5394599
5395248
5395906
5396143
5396203
5396425
5397322
5400345
5403150
5403278
5403304
5403879
5404321
5404946
5406775
5407518
5407865
5408640
5408760
5409625
5411753
5412193
5412452
5414190
5415239
5415561
5415919
5416923
5417858
5417957
5419199
5419591
5420705
5421152
5421402
5421865
5423745
5427775
5428622
5429254
5429378
5431503
5431937
5432736
5436755
5439464
5441728
5443274
5444615
5445608
5445956
5447839
5447918
5449304
5449732
5450237
5452542
5454314
5455175
5455262
5455413
5455420
5458330
5459199
5459311
5460951
5461128
5461155
5463451
5466171
5466792
5467859
5468137
5470366
5472652
5475020
5475140
5475720
5476645
5476922
5477649
5477966
5478304
5479299
5480214
5480218
5481063
5481534
5482225
5483373
5484271
5484710
5484727
5485018
5485376
5485407
5486222
5487818
5487936
5488036
5490129
5491878
5492625
5492672
5494292
5494385
5494423
5496142
5501257
5501629
5501741
5502945
5503082
5503151
5503158
5503693
5503715
5507129
5507490
5507532
5507745
5508775
5509261
5510100
5511357
5512020
5513050
5513973
5516570
5518236
5518291
5518595
5519879
5523841
5524072
5524877
5525171
5528187
5528560
5529454
5530134
5530494
5530952
5531487
5531946
5533037
5533416
5533995
5535069
5537027
5540710
5541122
5541477
5541890
5544793
5545452
5545808
5546293
5547343
5547677
5551617
5551945
5553441
5554293
5554823
5555137
5555531
5555647
5557393
5558509
5561479
5562496
5565109
5566654
5567323
5567410
5568144
5568607
5569952
5570414
5570458
5571508
5572596
5573207
5574414
5576688
5576962
5578497
5578620
5578637
5579496
5579557
5580092
5581323
5581862
5582080
5583514
5583543
5584569
5584640
5584739
5585788
5587449
5587633
5589232
5589823
5590456
5590977
5591086
5592514
5594130
5595298
5597429
5599095
5599144
5600602
5600611
5600835
5600866
5601857
5602743
5604549
5604678
5607597
5608066
5608636
5608648
5608933
5609006
5612314
5615180
5615366
5615553
5617201
5617422
5617711
5619175
5621802
5622433
5622941
5624117
5627268
5627767
5628106
5630122
5630180
5631967
5633314
5633323
5633631
5633784
5633981
5634863
5635195
5636014
5636260
5637447
5641485
5641641
5643778
5643975
5644544
5644577
5645405
5645847
5647582
5648290
5648431
5648722
5648839
5649050
5649128
5649822
5651627
5651658
5653844
5656738
5660255
5660952
5661358
5661571
5661871
5662302
5662543
5664564
5665250
5666733
5669890
5669901
5670198
5670838
5671149
5671365
5672017
5672256
5672353
5672661
5673826
5674110
5674568
5676547
5676993
5678104
5678846
5678872
5679206
5679227
5679536
5681628
5683473
5684721
5685019
5685586
5686346
5686526
5687595
5688836
5689650
5689957
5690983
5691006
5691103
5691537
5692523
5692572
5692822
5693001
5693527
5694217
5694896
5695448
5697391
5697713
5699607
5699715
5699891
5701207
5702341
5703092
5703877
5703924
5704420
5705119
5706716
5707488
5709034
5709273
5709736
5709903
5710252
5710259
5711868
5712764
5713785
5714591
5714832
5715218
5718613
5719981
5720277
5720722
5722494
5722608
5726389
5726721
5727187
5727988
5728584
5728673
5728764
5730397
5730844
5731367
5732556
5732654
5735317
5736853
5737074
5737891
5739067
5739272
5740497
5741230
5742041
5742293
5743513
5745592
5746496
5746772
5748139
5748396
5748431
5749329
5750785
5752898
5753161
5755365
5755524
5756714
5756765
5756771
5756841
5756936
5758341
5758618
5758939
5759660
5760139
5762325
5763041
5763074
5766213
5766478
5766619
5766967
5768162
5770905
5771098
5771402
5776817
5778698
5779670
5780163
5782078
5782890
5785233
5785260
5785463
5787998
5788799
5788902
5790982
5791014
5793473
5796900
5797141
5797345
5797653
5797771
5798536
5798758
5799399
5799573
5799703
5799941
5800262
5800768
5801179
5804430
5805213
5805301
5806921
5807863
5808650
5808736
5810198
5810624
5811270
5811809
5813389
5813595
5814790
5814963
5815362
5817293
5817650
5818686
5818896
5819195
5819210
5819435
5820655
5821594
5821852
5822203
5822667
5823040
5823481
5823580
5823590
5824419
5824714
5824752
5825302
5825722
5826791
5827627
5830067
5830423
5831657
5832952
5834971
5835119
5835208
5835389
5835493
5835545
5836171
5837237
5837676
5838938
5840540
5841136
5841836
5843469
5843781
5846962
5847754
5848358
5849097
5852939
5854664
5855344
5856212
5860396
5860809
5861348
5862055
5862332
5863526
5863713
5864244
5865218
5865340
5867890
5868089
5868630
5872070
5873045
5874421
5876048
5876967
5878507
5880078
5880601
5881054
5881699
5883374
5883767
5884077
5884598
5885013
5886048
5886659
5887009
5887066
5887309
5887923
5889687
5890032
5892316
5898573
5898666
5901902
5903389
5903789
5903808
5904320
5907780
5907841
5907901
5908393
5908855
5911370
5911956
5914758
5915909
5917441
5917471
5918456
5919097
5919411
5920914
5920915
5922029
5922631
5922796
5923464
5925164
5925966
5926363
5926762
5927289
5927717
5928752
5928781
5928929
5929704
5930068
5930350
5931019
5931121
5931785
5932096
5934201
5935627
5936851
5939100
5939387
5939770
5940103
5940546
5940726
5941373
5942664
5942682
5943825
5944027
5947201
5947275
5949736
5949760
5949907
5950239
5950908
5952074
5953364
5955863
5957615
5958422
5961929
5963661
5964146
5964338
5964342
5965368
5965699
5967954
5968251
5968324
5969793
5969890
5971163
5971486
5971770
5973682
5974678
5975257
5975890
5976058
5976161
5977633
5977864
5977963
5978913
5980997
5981831
5982363
5982521
5982652
5985408
5985543
5986672
5986701
5986761
5988407
5988447
5988575
5989259
5989818
5989849
5989969
5990565
5990594
5992488
5992586
5992714
5992718
5994613
5995535
5998598
6001755
6002310
6002880
6002906
6002979
6004049
6005523
6006616
6007039
6007271
6007490
6009228
6009454
6010625
6010643
6010694
6010899
6012121
6012346
6013722
6016835
6018102
6018597
6018798
6020863
6022931
6024331
6025251
6025725
6028394
6030145
6032290
6032442
6033093
6033364
6033389
6034191
6034750
6034851
6036766
6038071
6038113
6038217
6041236
6041331
6041380
6041441
6042616
6042966
6043228
6043363
6045909
6047267
6047657
6047707
6051784
6052121
6052612
6053036
6053230
6053942
6055107
6055538
6058902
6062340
6062499
6062661
6063847
6064546
6064891
6066137
6067000
6067169
6067448
6068291
6069007
6069402
6072078
6072374
6074765
6074789
6075474
6077585
6078939
6079475
6082579
6084573
6085005
6085289
6085935
6086066
6087343
6088365
6088791
6088797
6089179
6089601
6089961
6090754
6090917
6091208
6091996
6094107
6095063
6097024
6097595
6099466
6100456
6100607
6100684
6101078
6101212
6102214
6102234
6102369
6102486
6106188
6106658
6108478
6109529
6109844
6110170
6110355
6110603
6111936
6112368
6114097
6115103
6115898
6117744
6117755
6118566
6119414
6124131
6124867
6125690
6126167
6127099
6131755
6132659
6133366
6134333
6134760
6135459
6136411
6136832
6139111
6140107
6141549
6142280
6142293
6145642
6146300
6146790
6149750
6151092
6153551
6155054
6155550
6156821
6157155
6157502
6158820
6160271
6160658
6161025
6161842
6164793
6164941
6167247
6168109
6171469
6175824
6177265
6178306
6179271
6179563
6179657
6181976
6183832
6185386
6186290
6187475
6187940
6188718
6189763
6190832
6192453
6196004
6196154
6196457
6197288
6199190
6200662
6202246
6203754
6204272
6204944
6204995
6205813
6206014
6207180
6208146
6209274
6211310
6212840
6213107
6219412
6219802
6219871
6219890
6219915
6220178
6221312
6222258
6225116
6225449
6226384
6227648
6228821
6229239
6229251
6229776
6233504
6233523
6234426
6237018
6237090
6238015
6238181
6238351
6238460
6239062
6240928
6241837
6242452
6243435
6243938
6245091
6245660
6246318
6246812
6247698
6248165
6248192
6249540
6253408
6254508
6255597
6255744
6256959
6257150
6258040
6258492
6259903
6262992
6263069
6264832
6265134
6265229
6265989
6267011
6267766
6268019
6268262
6268999
6270559
6270853
6271097
6271651
6271845
6272687
6273917
6274513
6274746
6274989
6275331
6275802
6275862
6275882
6276770
6277722
6277730
6279571
6280712
6281004
6281145
6282001
6283425
6284220
6286095
6286601
6286754
6287101
6287681
6290294
6291210
6292905
6294003
6294086
6295102
6295209
6297106
6297558
6298113
6299268
6299406
6299516
6299889
6300197
6300480
6300658
6300888
6303676
6304376
6304718
6305884
6305954
6306922
6307441
6308241
6308401
6310587
6312347
6312419
6312525
6312582
6313303
6313700
6313849
6314296
6314341
6315709
6316275
6318474
6318588
6322240
6326112
6327027
6327488
6328195
6329690
6330614
6331217
6331228
6331508
6331934
6333650
6336080
6336472
6337558
6338224
6339684
6340134
6341787
6342092
6344275
6344325
6345152
6345328
6345736
6346186
6346555
6347599
6349688
6349763
6350732
6351025
6351207
6353438
6356285
6356308
6356681
6357062
6357731
6358869
6359147
6359401
6361191
6361496
6362933
6363127
6363376
6363402
6364475
6364618
6364780
6364855
6366863
6367712
6368345
6368834
6370670
6370748
6372131
6373257
6373260
6373824
6374057
6376165
6376351
6378333
6380724
6381639
6381867
6386326
6388787
6389934
6391421
6391741
6391780
6392152
6392993
6393280
6393555
6394711
6396648
6396822
6397156
6399170
6403536
6404428
6404546
6405889
6410724
6411135
6411650
6411725
6413024
6413222
6417421
6417929
6418112
6419698
6420183
6420477
6420764
6421933
6422392
6422892
6423115
6423383
6423463
6425144
6426534
6426586
6429507
6430509
6431272
6431812
6433243
6434296
6434509
6434923
6435037
6435460
6435711
6435763
6436226
6436974
6437424
6438002
6441052
6443118
6443221
6444886
6445467
6445565
6446839
6447389
6449921
6450535
6451137
6451285
6451309
6452620
6453538
6454384
6455464
6456349
6456840
6456899
6456991
6458979
6459519
6460016
6461555
6461666
6463959
6465527
6467386
6467409
6468780
6468990
6469062
6469124
6469785
6469863
6471136
6471677
6471677
6472605
6472716
6473479
6475991
6478743
6479583
6479877
6480054
6481165
6481269
6482576
6482915
6483685
6483996
6484505
6486335
6486989
6487006
6490028
6490301
6490472
6490977
6491017
6491018
6492460
6494221
6500031
6501460
6502624
6503068
6503625
6504344
6506584
6507172
6507675
6510075
6510376
6511551
6511708
6512427
6512916
6514136
6514160
6515358
6516034
6516103
6516534
6516974
6519149
6520740
6522094
6524115
6525651
6526319
6526680
6527099
6528046
6528465
6529607
6530096
6530906
6531262
6531331
6534339
6534373
6535347
6537618
6537717
6537776
6538192
6538372
6538393
6538584
6538797
6540411
6543050
6543303
6543612
6543930
6544963
6545068
6545994
6546021
6547119
6547636
6548920
6550158
6550890
6551082
6551803
6551985
6552060
6552392
6553046
6553533
6555953
6558228
6558307
6559013
6561891
6563187
6568654
6571590
6573516
6574036
6576670
6577099
6578228
6578591
6579804
6580995
6583574
6583734
6586175
6586967
6587033
6587046
6587292
6587425
6588163
6588398
6588658
6589804
6591072
6591090
6591290
6591410
6592953
6593048
6593142
6593484
6597494
6598277
6599356
6599792
6599949
6601272
6609523
6609795
6610713
6611747
6614609
6615136
6615648
6617113
6619319
6619695
6620321
6621860
6622432
6622748
6623545
6623592
6623903
6624120
6624406
6625657
6625737
6627451
6627920
6628229
6629059
6629656
6629741
6632111
6632799
6633340
6634527
6635718
6636866
6637059
6637875
6640739
6640975
6641702
6643008
6644267
6645894
6646727
6649763
6650279
6650559
6650981
6652851
6652941
6653210
6654282
6655170
6656549
6656638
6657492
6662381
6663478
6663568
6663714
6665000
6666015
6669047
6669207
6670254
6671074
6671692
6675769
6676086
6676913
6677711
6677979
6678936
6680252
6680605
6681003
6681263
6681674
6683065
6683690
6684301
6684436
6685856
6688040
6689089
6689111
6689278
6690135
6691500
6692114
6692733
6692789
6693857
6694879
6695266
6695432
6695544
6695983
6698221
6698485
6698523
6699235
6700584
6701350
6701508
6702440
6703389
6705971
6706086
6706317
6706466
6706830
6707054
6707441
6707453
6711007
6712160
6714237
6714628
6714656
6715245
6715499
6716705
6716955
6717070
6718321
6718989
6719313
6720341
6721931
6722561
6722863
6723537
6726449
6726725
6727039
6729083
6729124
6730980
6732712
6732924
6735153
6736087
6737591
6740028
6741330
6742546
6742578
6745375
6747569
6750850
6752378
6752790
6752824
6753464
6754515
6755069
6755203
6756914
6757204
6758798
6759140
6759935
6763352
6763379
6763651
6763663
6763781
6764314
6764838
6766131
6766871
6767352
6768528
6770827
6770843
6771020
6772806
6773322
6774347
6775268
6775337
6776710
6777570
6777857
6779794
6781581
6781721
6782756
6785358
6788025
6789146
6789426
6790094
6790354
6791207
6792120
6792520
6793949
6795232
6795314
6795687
6795758
6798066
6800732
6801090
6801382
6801919
6803028
6803042
6805679
6806620
6807415
6807902
6808265
6809869
6810376
6810557
6813047
6813341
6815891
6816732
6816784
6816956
6819763
6824769
6825138
6826010
6826651
6827299
6827392
6827769
6829959
6830304
6830561
6831174
6831993
6832322
6834857
6835035
6838154
6839746
6842169
6843817
6844526
6846903
6848277
6849296
6852545
6852630
6853263
6853448
6854783
6855737
6856082
6856391
6857378
6857573
6859127
6859193
6860923
6861742
6871356
6872132
6873085
6874468
6874721
6876117
6877235
6878033
6879011
6879658
6882981
6883305
6883590
6883619
6884765
6884786
6885306
6886452
6886840
6887224
6887359
6888087
6889382
6889419
6890261
6890581
6892977
6895000
6895700
6895796
6896201
6896479
6899098
6899471
6899662
6899912
6899979
6900293
6900802
6901084
6901337
6901992
6902204
6903096
6903379
6904684
6905707
6907679
6908431
6910760
6911263
6911282
6911628
6912006
6913766
6914726
6915332
6915753
6915989
6918632
6918889
6919106
6920873
6921628
6922011
6922129
6923259
6926145
6926236
6927654
6928008
6928154
6928868
6930072
6930442
6930962
6931735
6932825
6933928
6934002
6934119
6937856
6938098
6939630
6941224
6941339
6941850
6942909
6943087
6946649
6946986
6947035
6947902
6948506
6948603
6948883
6949911
6950689
6951117
6952630
6952772
6952893
6953379
6954780
6956316
6956683
6956732
6959068
6960200
6961089
6963264
6963419
6964337
6965705
6965920
6969307
6969314
6969440
6969546
6971420
6971623
6972061
6974067
6974949
6978843
6979641
6982971
6983419
6983458
6984008
6984307
6984658
6988280
6989717
6990031
6990337
6993524
6995443
6997438
6997947
6998677
6998758
6999463
7001907
7001967
7002791
7004399
7004525
7004575
7004759
7006815
7007043
7007428
7007719
7008292
7008301
7011013
7011135
7012514
7015457
7015984
7017196
7018601
7019104
7019883
7020577
7020943
7021380
7021723
7021897
7022360
7022481
7023131
7023647
7023757
7024095
7026703
7026950
7028701
7030057
7030252
7032458
7033332
7033540
7035072
7035454
7035776
7035784
7037603
7038134
7038806
7039094
7039909
7040754
7041984
7042330
7042454
7044715
7045269
7046998
7047868
7048140
7048232
7048619
7048857
7049687
7049831
7050028
7052229
7054014
7054517
7054647
7055038
7055686
7056801
7056827
7057999
7058612
7059345
7061820
7061973
7063743
7064766
7066300
7066598
7066790
7067251
7068353
7069328
7070720
7071089
7072687
7074589
7075639
7076643
7078158
7078581
7079567
7080649
7085989
7089240
7089388
7090591
7090688
7091587
7093607
7094549
7095411
7098206
7100177
7100231
7103410
7103855
7105211
7106044
7106163
7106680
7107492
7107749
7109271
7109746
7111394
7111787
7111905
7112845
7113520
7114063
7114134
7115160
7115209
7115573
7115869
7117316
7117796
7118629
7119791
7120550
7121098
7121238
7121420
7121943
7122398
7123346
7123762
7124036
7124849
7125556
7125666
7125729
7126251
7126264
7129045
7130581
7131105
7131589
7133688
7134081
7135157
7136018
7136241
7139558
7142292
7144046
7144551
7145399
7146694
7148150
7149274
7151796
7152618
7152781
7153810
7153898
7154563
7154817
7155235
7156616
7156805
7158047
7158338
7158445
7161807
7162192
7162961
7163145
7163658
7163892
7166529
7167932
7169632
7170555
7170763
7170866
7170942
7172300
7172358
7174206
7174513
7174856
7175313
7175648
7175799
7176143
7176275
7176521
7176623
7176935
7177076
7177641
7177872
7179225
7179555
7180838
7180918
7181465
7182452
7182723
7183528
7183683
7185119
7185250
7185260
7187717
7189571
7191280
7193175
7196460
7196609
7196766
7200876
7201391
7201499
7201662
7202503
7203421
7208087
7208168
7209724
7209780
7210422
7210536
7210683
7214709
7215347
7218110
7218704
7219178
7220975
7221759
7222455
7223212
7224190
7225299
7226266
7226271
7226763
7226892
7227251
7227574
7227613
7227942
7228558
7229920
7230433
7231178
7233020
7235283
7235418
7236540
7236782
7236953
7238970
7239692
7240710
7241630
7242187
7242559
7243062
7245627
7245639
7245875
7248655
7252963
7253413
7253835
7254141
7254533
7255389
7258711
7259021
7260241
7261061
7262838
7263208
7263664
7263908
7264505
7265434
7267559
7267715
7268684
7269554
7269846
7269951
7271099
7272013
7272494
7272910
7272952
7275016
7275791
7275831
7276216
7276303
7278100
7278144
7280240
7280560
7281399
7282866
7283236
7284465
7284675
7284785
7285789
7287104
7288025
7288898
7291433
7293023
7294371
7295388
7295654
7297808
7297964
7298479
7298751
7299324
7300017
7301351
7303336
7304148
7304299
7307027
7307624
7309780
7309786
7310958
7311492
7311627
7312989
7313586
7313678
7313833
7313855
7314118
7315885
7318662
7320147
7322462
7322951
7323307
7323488
7325746
7327061
7329778
7330049
7331012
7331521
7332064
7332750
7332850
7335015
7337030
7337177
7339132
7339219
7339449
7339517
7340978
7341439
7342685
7344428
7345002
7347091
7347673
7348037
7348059
7348459
7349757
7349901
7351224
7352729
7353428
7354159
7356896
7357027
7357758
7358473
7360573
7361525
7362616
7362707
7363718
7364675
7366866
7366956
7367297
7368536
7370134
7371531
7371845
7372826
7372851
7373099
7373231
7373489
7374072
7376037
7376332
7376397
7376682
7377275
7377567
7377632
7377656
7379435
7379924
7380587
7381692
7382538
7384912
7387260
7387306
7387809
7388174
7388405
7389022
7390416
7391847
7392080
7393590
7393634
7394760
7394880
7395863
7396454
7397471
7398121
7398676
7398963
7399417
7399807
7400613
7400953
7402805
7403423
7405225
7405851
7407329
7409657
7409799
7410670
7410799
7411234
7412307
7412432
7412928
7413332
7414034
7414249
7414418
7414702
7415278
7415766
7416373
7416980
7418020
7418629
7418783
7419164
7419384
7419815
7420252
7423901
7423917
7424298
7424651
7425269
7425652
7427073
7427286
7427491
7428841
7429665
7430645
7430655
7430659
7431356
7434962
7435134
7435544
7438706
7439133
7440053
7442566
7444251
7444582
7445938
7446316
7446575
7446662
7448860
7449020
7450988
7453490
7454126
7454432
7455118
7456250
7457596
7458174
7458779
7458790
7459905
7461013
7461081
7461964
7463112
7463489
7463818
7465090
7465169
7465497
7466089
7468172
7469355
7469380
7471262
7472482
7473413
7474101
7474203
7474759
7474928
7475467
7477530
7477917
7479052
7479993
7480105
7480620
7480848
7482364
7484275
7484279
7484302
7485867
7486900
7487186
7487823
7488388
7488405
7488527
7490873
7491157
7491303
7491692
7492118
7494377
7494399
7495109
7498103
7498416
7498879
7499823
7500812
7500987
7501350
7502126
7502922
7503338
7503992
7504349
7504770
7504883
7504912
7506416
7506763
7508191
7508612
7509418
7510262
7511408
7515811
7516015
7516412
7518315
7518721
7519169
7519245
7525306
7525384
7526128
7526634
7527046
7527171
7531095
7533344
7533843
7535627
7535750
7535811
7537210
7537574
7537671
7537851
7538301
7539506
7543122
7547031
7547799
7547834
7548416
7548584
7550064
7551170
7554074
7554505
7554801
7554917
7556570
7556770
7556782
7557072
7557289
7557972
7558776
7558854
7558954
7559131
7559744
7561819
7562397
7562728
7562771
7562787
7563930
7563952
7564448
7565058
7568956
7569499
7569883
7570027
7571322
7572546
7572757
7574414
7574689
7575297
7576511
7576736
7577213
7577219
7577299
7578151
7581725
7584259
7584799
7586052
7586613
7587567
7592469
7593768
7595032
7595794
7596148
7597763
7600163
7600852
7601929
7602956
7603932
7605193
7605261
7605995
7606264
7606297
7607128
7607534
7607868
7610270
7610713
7611509
7612530
7613481
7614638
7614695
7615037
7618833
7618987
7619843
7620133
7620706
7621020
7621438
7621720
7622266
7622651
7623030
7623370
7623619
7627123
7627248
7627464
7629603
7629715
7629784
7630524
7631114
7631771
7634061
7634245
7634451
7635337
7636384
7638035
7639086
7639616
7643071
7643323
7644221
7645739
7645838
7645966
7646589
7646982
7647962
7648014
7649207
7650616
7651783
7651889
7653187
7654225
7654315
7655667
7656790
7657915
7658534
7658574
7660229
7660347
7661479
7662019
7662344
7662770
7663880
7664016
7667050
7667210
7667910
7669231
7669440
7669536
7670320
7672834
7674208
7674908
7676202
7681081
7681463
7681479
7681517
7681612
7683139
7684438
7684501
7684797
7685299
7685718
7685737
7687339
7687996
7688996
7689133
7690545
7691261
7691577
7691782
7693068
7694008
7697195
7697837
7698952
7699745
7700220
7700675
7704988
7705066
7705286
7706332
7706489
7707214
7709384
7710043
7711527
7711749
7713051
7714267
7715255
7715579
7716103
7716542
7717412
7717759
7717849
7718357
7719623
7719968
7721902
7722161
7722697
7723627
7724164
7725672
7725691
7726205
7728659
7731687
7733878
7735148
7738030
7739104
7740169
7740584
7740846
7744953
7747129
7747403
7747951
7748973
7749363
7749496
7751769
7751964
7752229
7753548
7753936
7754368
7755796
7756140
7757542
7758690
7760130
7760775
7761128
7761449
7763198
7764625
7764952
7765113
7765412
7769773
7769919
7770043
7774113
7774204
7774830
7775072
7775458
7776388
7776568
7779883
7780065
7780485
7781484
7782598
7783222
7783981
7786735
7788575
7788680
7789076
7789674
7790567
7791497
7792244
7792964
7794447
7794697
7795060
7796619
7797730
7797950
7798914
7799982
7802487
7803700
7804647
7805565
7805680
7806052
7806072
7807934
7808576
7808627
7809793
7810079
7810140
7810715
7810978
7811662
7811697
7812000
7812985
7813082
7813140
7814566
7814917
7815356
7816282
7816947
7816965
7817543
7818284
7819583
7820550
7821421
7821552
7822343
7822529
7824555
7825543
7826858
7827379
7829271
7829753
7830035
7830155
7830247
7830269
7832043
7832086
7832235
7832461
7833067
7833792
7834454
7834688
7836453
7837596
7837975
7839290
7841504
7841566
7842075
7842959
7843342
7844149
7844836
7846331
7846525
7847456
7847819
7848222
7849017
7850811
7852274
7852515
7853967
7856162
7856774
7858111
7858262
7859664
7860157
7861001
7861323
7862141
7864457
7865530
7866225
7866883
7867630
7868426
7871317
7872413
7875182
7875934
7876003
7876993
7877195
7878576
7878606
7878956
7879214
7881832
7882869
7883565
7885342
7886835
7887020
7887630
7888940
7890839
7891297
7892016
7895346
7896522
7898845
7900728
7900892
7901270
7902493
7903035
7903558
7906478
7908014
7908732
7909450
7909661
7910082
7911121
7912933
7914775
7915629
7915716
7915862
7916235
7916404
7918071
7918106
7918412
7918457
7918537
7918622
7919909
7921291
7923074
7923733
7925445
7926256
7926406
7927409
7929144
7929737
7930037
7930156
7931579
7932372
7932460
7933812
7934428
7935797
7940568
7941522
7941788
7941856
7942540
7943222
7943257
7943299
7943481
7944046
7944821
7945663
7946179
7946539
7946695
7948755
7949187
7951391
7952682
7953270
7953737
7955274
7955694
7956766
7957618
7959326
7960267
7960639
7962420
7962542
7962646
7963487
7963866
7963974
7965307
7966113
7968201
7968441
7969618
7971067
7971342
7971527
7971909
7972189
7973972
7974645
7975774
7978105
7979446
7980477
7981313
7981586
7981835
7983553
7983689
7984575
7986292
7987186
7987417
7988965
7990114
7990585
7991708
7992214
7993315
7994036
7994060
7994397
7997663
7997878
7998046
7999137
8000728
8001444
8002194
8002234
8002352
8003070
8004463
8010938
8011307
8011634
8012223
8014837
8015747
8016880
8017566
8018260
8018975
8019030
8019571
8021289
8021871
8022152
8026595
8029892
8032035
8032117
8032384
8032702
8033130
8034472
8035376
8035586
8036933
8037362
8037372
8039328
8039736
8039856
8041475
8041915
8041964
8042499
8043336
8043699
8043737
8044688
8044777
8044883
8047460
8047696
8049231
8049660
8050417
8051072
8051287
8054304
8056380
8056389
8056696
8057315
8057940
8058074
8058564
8058966
8059205
8059814
8060128
8061120
8062007
8063723
8064026
8064034
8064802
8065952
8067218
8067576
8068894
8069941
8070481
8070747
8071066
8071940
8072344
8074500
8074554
8074598
8077688
8078857
8079453
8080196
8080773
8080894
8081063
8086099
8086176
8086969
8087053
8088469
8088745
8090795
8091021
8091989
8093218
8094350
8096380
8097805
8097829
8098516
8099558
8099808
8100543
8101109
8101572
8102540
8102863
8103366
8103688
8103916
8106945
8107259
8108847
8109142
8110154
8110547
8110974
8112690
8114021
8114127
8115131
8117033
8117859
8117949
8118333
8118886
8120766
8121700
8121770
8123263
8123727
8124066
8124312
8124956
8125247
8126477
8127006
8127054
8129663
8130011
8130773
8131988
8133033
8133990
8136178
8136202
8136513
8136569
8137500
8137771
8138234
8139677
8139882
8139893
8140115
8141529
8141754
8141872
8143162
8143523
8144142
8144616
8145244
8145566
8145853
8146781
8149049
8149153
8149218
8151412
8151508
8151546
8152912
8154107
8154747
8156757
8157369
8157394
8158015
8158093
8159168
8162048
8162952
8163081
8164021
8164206
8165340
8165444
8166566
8168787
8168893
8169659
8169858
8171805
8172602
8173747
8175934
8176305
8176594
8180715
8182510
8182640
8182986
8185347
8188091
8189168
8189859
8190441
8190923
8191462
8192755
8193820
8194909
8196515
8196545
8196868
8197026
8197416
8198319
8198807
8203209
8206003
8208438
8208877
8209029
8209826
8210682
8212288
8212662
8212813
8213554
8215716
8216016
8217649
8218037
8219286
8220239
8221394
8222074
8223038
8223105
8223669
8223674
8223988
8226209
8226583
8230212
8230831
8230880
8234050
8235247
8235452
8235454
8236353
8237081
8237119
8237206
8238274
8238647
8239292
8241508
8242231
8243886
8244590
8244844
8244996
8245809
8248511
8249324
8249454
8250120
8251419
8251568
8254083
8254521
8254587
8255292
8255925
8256158
8257224
8257312
8259138
8261136
8261322
8261506
8262138
8262509
8263236
8263498
8263698
8264253
8264336
8264738
8265156
8265245
8267273
8268362
8268419
8268582
8269012
8269801
8272289
8273191
8274771
8275406
8275821
8276958
8278242
8279660
8279826
8280163
8280557
8281800
8282812
8283431
8286653
8287299
8287626
8289370
8290267
8290763
8291159
8291395
8291432
8291651
8291785
8292743
8293377
8293430
8293433
8294525
8295106
8295899
8296072
8296814
8297009
8297664
8297802
8299404
8301352
8302512
8302813
8303441
8304183
8305576
8306069
8306850
8307604
8307645
8307856
8309321
8311842
8312637
8313339
8313692
8315088
8315371
8316589
8317356
8317891
8318187
8320733
8321731
8321989
8322589
8323775
8324877
8324878
8325814
8326487
8326521
8326550
8327398
8330033
8331033
8334811
8335037
8335220
8335340
8335515
8335920
8337251
8338325
8338719
8339028
8339097
8341049
8341982
8344544
8346450
8348456
8349653
8349972
8350981
8352176
8352286
8352885
8353679
8355526
8357677
8358583
8358839
8359175
8359248
8359756
8361671
8362153
8362399
8363338
8365983
8367540
8369465
8369801
8370744
8371541
8374537
8374810
8378992
8379800
8379886
8379957
8380776
8380933
8381183
8381925
8382693
8384745
8384895
8385232
8385591
8387124
8388936
8389768
8389897
8392903
8394606
8394612
8395176
8395209
8396860
8398418
8398715
8399072
8399248
8399686
8402281
8404724
8405944
8406479
8406888
8409638
8409698
8410042
8410451
8410454
8410688
8412145
8412766
8412995
8413375
8414500
8417148
8417811
8418819
8420485
8420793
8421109
8421468
8422708
8423215
8423480
8424440
8425168
8425805
8426129
8426737
8428477
8429475
8430031
8430140
8431850
8432388
8433462
8435089
8435851
8436595
8436676
8439096
8439210
8439588
8440061
8440302
8440385
8440875
8443215
8444877
8445063
8445311
8445794
8446811
8447124
8448113
8449031
8451241
8452664
8454418
8456348
8457060
8457626
8458869
8459031
8459057
8459998
8460063
8461390
8461652
8462046
8463533
8465912
8466558
8467304
8467755
8467857
8468329
8468584
8469418
8469688
8471580
8471603
8474636
8478749
8479921
8480144
8481787
8483163
8485194
8485634
8486502
8486608
8487795
8489432
8489992
8490055
8490534
8490560
8490637
8490647
8491437
8491567
8491678
8492193
8492299
8493184
8493528
8494987
8496035
8496343
8496871
8497344
8497777
8500432
8501107
8501294
8501569
8501904
8502242
8502842
8503106
8503943
8506082
8506840
8507339
8507455
8509353
8509498
8509713
8510873
8511706
8512519
8512628
8514796
8515217
8515521
8517048
8519049
8519980
8520218
8520260
8521336
8522046
8522521
8523525
8525738
8526881
8529358
8529830
8530503
8532977
8535436
8535541
8535929
8536200
8536279
8536516
8537499
8537971
8541749
8541940
8544038
8544143
8544149
8544698
8545192
8545741
8546562
8547289
8547466
8547891
8548549
8549449
8549577
8550301
8550502
8550888
8550930
8550989
8552938
8554267
8555203
8555595
8555647
8555934
8558575
8559281
8561184
8561364
8561478
8561578
8562529
8563337
8563630
8564910
8565837
8565843
8567062
8568336
8568475
8569036
8570479
8571503
8571588
8571947
8572311
8572868
8574731
8575382
8575544
8577242
8577259
8577409
8577950
8579584
8579794
8579861
8582138
8583660
8584468
8584547
8585261
8586001
8586138
8588548
8589414
8589441
8589945
8590631
8590705
8591070
8591484
8592511
8593012
8595593
8597105
8597856
8598206
8599413
8600147
8601100
8601833
8602806
8603560
8603996
8605013
8605425
8608061
8608183
8609324
8609379
8609393
8609493
8609502
8610788
8611098
8611581
8612364
8612437
8615151
8615242
8615370
8617235
8620293
8620441
8622947
8624929
8625522
8627074
8628248
8628697
8629067
8630133
8630309
8630599
8630695
8633171
8636397
8637730
8637934
8638017
8638855
8638903
8639501
8640926
8642200
8642468
8643586
8644055
8644146
8644708
8645448
8648104
8648673
8651048
8652771
8654457
8654733
8656018
8656050
8656247
8659007
8659310
8660581
8661578
8661782
8662133
8663503
8665518
8667246
8667761
8668413
8668430
8668892
8669822
8670048
8672744
8673065
8675070
8675483
8678635
8678726
8679819
8679854
8679994
8681259
8681756
8681893
8683614
8683778
8685145
8685847
8685885
8686230
8686666
8689667
8689998
8690700
8691505
8692147
8692704
8693401
8694273
8694549
8694665
8695480
8696692
8698011
8699003
8699642
8699896
8699902
8700446
8701654
8704925
8705176
8705404
8706268
8707875
8708054
8708580
8708794
8708828
8709514
8709783
8709852
8710673
8710701
8710971
8715311
8716341
8719554
8719891
8723083
8724089
8724540
8728806
8729442
8729577
8730111
8730778
8730993
8731051
8731109
8733077
8736864
8738133
8738330
8738566
8738946
8739603
8741456
8742365
8742924
8744377
8744960
8745066
8745755
8746307
8746923
8748465
8751254
8751649
8753064
8755460
8755761
8757073
8757111
8760819
8761457
8763160
8765847
8767043
8767300
8770047
8770802
8771709
8772103
8772593
8772616
8773791
8774554
8774581
8774806
8774896
8777022
8777096
8777661
8777841
8779753
8780163
8780829
8781362
8781719
8782569
8783628
8784079
8784954
8785811
8786619
8786910
8787106
8787734
8788940
8789194
8790886
8792222
8792380
8792779
8793093
8793465
8794354
8794461
8795269
8798119
8798120
8798785
8799059
8800007
8801676
8801936
8802540
8803496
8804371
8805202
8807000
8807748
8808667
8809394
8809558
8810966
8814874
8815700
8816677
8817420
8817704
8819800
8820152
8820521
8822598
8823883
8824571
8824837
8827381
8827958
8829167
8829857
8830867
8831367
8832572
8832982
8834765
8835050
8836231
8837718
8837980
8840955
8844406
8845678
8846112
8846125
8846548
8847149
8847165
8847690
8847756
8848934
8849184
8849665
8849689
8850094
8850557
8851189
8852118
8852288
8852869
8854862
8855275
8857538
8857956
8859663
8863797
8863944
8864782
8865304
8865398
8866520
8868239
8870318
8870642
8873455
8873480
8874851
8875253
8876856
8878347
8879543
8879734
8881098
8881657
8882165
8882553
8883290
8883326
8883682
8884962
8885109
8887489
8888777
8888845
8888846
8889059
8889505
8890076
8892713
8893228
8893571
8893764
8894607
8894608
8894733
8896355
8896531
8897134
8898162
8901700
8901748
8904477
8905955
8906061
8906539
8907387
8907579
8908626
8909271
8912965
8913675
8913727
8915353
8915603
8915624
8916119
8916518
8917307
8918119
8918548
8919085
8919227
8923747
8923765
8926155
8926853
8927014
8928260
8928641
8929596
8930075
8930426
8930617
8931009
8931429
8931926
8932051
8932813
8932927
8933412
8934398
8936011
8939141
8940277
8941069
8942253
8942299
8942418
8943562
8943608
8944073
8944547
8945592
8945902
8946339
8947813
8948593
8948999
8949108
8949813
8950485
8951225
8952400
8952733
8953194
8953207
8953416
8954811
8955085
8955475
8955589
8957270
8957782
8957895
8959055
8961912
8963160
8963260
8963308
8963733
8963768
8967566
8968085
8968785
8970394
8970767
8970838
8971467
8971844
8972925
8973264
8973476
8974222
8974314
8974488
8975180
8975322
8976054
8976348
8979331
8979336
8979772
8979888
8980283
8980362
8981704
8982276
8983579
8984186
8984982
8988868
8989230
8989308
8994178
8994843
8995036
8995090
8996018
8997078
8997343
8997759
8999391
9000662
9001132
9001277
9002680
9003282
9005065
9005790
9008616
9009404
9009408
9011640
9012474
9012616
9013945
9018799
9019739
9020119
9022219
9023161
9023729
9023868
9024562
9024800
9026310
9031967
9032363
9033160
9034072
9034276
9034608
9037232
9042360
9043426
9045769
9048242
9050068
9051847
9052362
9052960
9055781
9056183
9057353
9057391
9057761
9059032
9059274
9059285
9059651
9060281
9061141
9061383
9062092
9063104
9063507
9065046
9065584
9067178
9068971
9069434
9069847
9070485
9070592
9071187
9071341
9071616
9074030
9074545
9074960
9075307
9075380
9075571
9075795
9077672
9077698
9078549
9078557
9080543
9081482
9081864
9082391
9086344
9089147
9090420
9090864
9094135
9095478
9095889
9096917
9099256
9100839
9103101
9103376
9103790
9104791
9104934
9105664
9106609
9106733
9107370
9108994
9110683
9112468
9113073
9113203
9113564
9113702
9113980
9114360
9116223
9116868
9118420
9118424
9118555
9118938
9120490
9122058
9122929
9123176
9124759
9125002
9126643
9126668
9128443
9130364
9130652
9131790
9131890
9133778
9134168
9134339
9139234
9139821
9140770
9140853
9141658
9142718
9142793
9142798
9142909
9142990
9143583
9143878
9144841
9145951
9147524
9148143
9148168
9149674
9149714
9149925
9150605
9150694
9151506
9151567
9152586
9153494
9154030
9154334
9155117
9159534
9159550
9160176
9160212
9161233
9161646
9161868
9162365
9162477
9162607
9162653
9163223
9164960
9166761
9168530
9168575
9168894
9169307
9171873
9172525
9173679
9173725
9175071
9175314
9176075
9177282
9177743
9177984
9179025
9179464
9181242
9182816
9183775
9185802
9186191
9186548
9186586
9187274
9189289
9190312
9191731
9192633
9192824
9193896
9197599
9198556
9200807
9200853
9201047
9201105
9203670
9204128
9204388
9205436
9206514
9206893
9208330
9209176
9209206
9210009
9211519
9212153
9214700
9215141
9215256
9215855
9216648
9218928
9219078
9219809
9221670
9224018
9224787
9224835
9225751
9225948
9226539
9227450
9227616
9229999
9231996
9232852
9234898
9239378
9239999
9240546
9240616
9242128
9242372
9242897
9245395
9246489
9247398
9248442
9249359
9249412
9250534
9250672
9251029
9251320
9251493
9253580
9255351
9256486
9256847
9257360
9257665
9258404
9258779
9261076
9261724
9262489
9267483
9269655
9271458
9271905
9272080
9272815
9273035
9273222
9273534
9275057
9275415
9275837
9276809
9277780
9277907
9279792
9281260
9283242
9284661
9285180
9285564
9286142
9286353
9286784
9289368
9293321
9294532
9295685
9296642
9298292
9302671
9305497
9307046
9308390
9311038
9311080
9311551
9312351
9312850
9313448
9313997
9314858
9316406
9316662
9317688
9318614
9318835
9318969
9319707
9320267
9320788
9321417
9323375
9326357
9327630
9329513
9331652
9332395
9333370
9334215
9334953
9335441
9336838
9337499
9338099
9339754
9340542
9340625
9340817
9342064
9342138
9342172
9342281
9344447
9347237
9348184
9348414
9350024
9351016
9351102
9353807
9356039
9357501
9357970
9363676
9364135
9365475
9366877
9367669
9368285
9369018
9369071
9370089
9370668
9371307
9373573
9374563
9374629
9376242
9376332
9377560
9378650
9380543
9380778
9380903
9381681
9382421
9385708
9387014
9387606
9389376
9389570
9390054
9390186
9390346
9390862
9391910
9392424
9392429
9393425
9393439
9395721
9396593
9396751
9397059
9397277
9397796
9398078
9399245
9401323
9401536
9401959
9403507
9404488
9405127
9405600
9407200
9408327
9408537
9410376
9413347
9413535
9414519
9415002
9416411
9419170
9420230
9421091
9421360
9421865
9422609
9423320
9425128
9425271
9425402
9427063
9427485
9427497
9427634
9427695
9428761
9428828
9429182
9431129
9432244
9434412
9434506
9434871
9436103
9437941
9438535
9438798
9440652
9441787
9441794
9442947
9443542
9443714
9444440
9444741
9445097
9445507
9446302
9446617
9447433
9447857
9451246
9451445
9452431
9452438
9452579
9453683
9453717
9454438
9454629
9454990
9455131
9455739
9455816
9455989
9456635
9458626
9459504
9459809
9460141
9461554
9461787
9462827
9462940
9465088
9465469
9467098
9468043
9468371
9468528
9468576
9468801
9469169
9469350
9469377
9470677
9471324
9471426
9472538
9472670
9473803
9475425
9475650
9476032
9476076
9476249
9476454
9477161
9477461
9477635
9478305
9479122
9479621
9479728
9481768
9482470
9483535
9483818
9484245
9484414
9484587
9484641
9484850
9484914
9485190
9486453
9486498
9487351
9487926
9488475
9489598
9491562
9491778
9492243
9494309
9495902
9497922
9500426
9501583
9502163
9503333
9503812
9503840
9504576
9505689
9505922
9506300
9506595
9507434
9507690
9509135
9510703
9512318
9513211
9514513
9515822
9515843
9515921
9516974
9518549
9519975
9522420
9522592
9522795
9523102
9526673
9527461
9528117
9528299
9528610
9528848
9530782
9531069
9531415
9531873
9532069
9534188
9535465
9538482
9538490
9539122
9539438
9539443
9539990
9540298
9543632
9545033
9545675
9546889
9547369
9549989
9552783
9553555
9553569
9553586
9555644
9556249
9556336
9556778
9556933
9556994
9557127
9557231
9558582
9558917
9564363
9565730
9566058
9566961
9569246
9569254
9571693
9572367
9572921
9573847
9575761
9576386
9576997
9577317
9577861
9578466
9578758
9579542
9579747
9579987
9580461
9580851
9581181
9582400
9583211
9584032
9584273
9585346
9588217
9588970
9589167
9589815
9589947
9590348
9590400
9592373
9592559
9592988
9594885
9595331
9596742
9597020
9597313
9597343
9597899
9598356
9598660
9599920
9601529
9601926
9603164
9603537
9604662
9605852
9606205
9607188
9609215
9609584
9613010
9615286
9615367
9615600
9618503
9618703
9619731
9621289
9622991
9623439
9625268
9625497
9626250
9626261
9626720
9627836
9629131
9631012
9631041
9632487
9632845
9636481
9636639
9636828
9637773
9638844
9639978
9641212
9642030
9642070
9642396
9642680
9645567
9646152
9648694
9649404
9649629
9651300
9651770
9651979
9653165
9654287
9655493
9657245
9657907
9658985
9659077
9660282
9662504
9663289
9663656
9664621
9664819
9665149
9665595
9665888
9668072
9669737
9669785
9671358
9675869
9677235
9677975
9678161
9678506
9679366
9681333
9682802
9682950
9684683
9686357
9687004
9688448
9690432
9691619
9691683
9692047
9693638
9693853
9694233
9694710
9696910
9697399
9697633
9699928
9701917
9702228
9704236
9705016
9705179
9706001
9707116
9707144
9707350
9707360
9707727
9708862
9709799
9709857
9710723
9711212
9712009
9712693
9712887
9715619
9716826
9717421
9719486
9720353
9720644
9721595
9722111
9722692
9722981
9723807
9725262
9725949
9726771
9727974
9728269
9729567
9730232
9731126
9731987
9732064
9734484
9734891
9735619
9736626
9738204
9739377
9739414
9739423
9740178
9741047
9742559
9743118
9743769
9743883
9744587
9744645
9747235
9750228
9750791
9751957
9752064
9753716
9753825
9754493
9754772
9755761
9755959
9757132
9757520
9757682
9758606
9759484
9760045
9760318
9762888
9763843
9763926
9765249
9765256
9765803
9766096
9767364
9770694
9771219
9771403
9772426
9772877
9774933
9780069
9780302
9781529
9781984
9783628
9784653
9784805
9785238
9785797
9786008
9786891
9787487
9790692
9790708
9792958
9795401
9796328
9796790
9796819
9797626
9798126
9799709
9800347
9800363
9800618
9801888
9804601
9804883
9806113
9806269
9807644
9808476
9809509
9810201
9810468
9810788
9811102
9811178
9813110
9813217
9813676
9815400
9815596
9815771
9816332
9819053
9819144
9819220
9819567
9820052
9821690
9821862
9822146
9822438
9822714
9822734
9822958
9823151
9823245
9823767
9824096
9826369
9827091
9828957
9830991
9833489
9834490
9836515
9839895
9842222
9842771
9843094
9845056
9845699
9845877
9846556
9846634
9847264
9847618
9847710
9849773
9851141
9851698
9852589
9852818
9853595
9854113
9855906
9857961
9858302
9858985
9859139
9859899
9860812
9861951
9862261
9863030
9864372
9864469
9865801
9866165
9866918
9867426
9868261
9868345
9870372
9870724
9870831
9871504
9871978
9873119
9875882
9877061
9877593
9877971
9878755
9879748
9880440
9880559
9881157
9881521
9881737
9881884
9883190
9883573
9883642
9883842
9888203
9889196
9893113
9893385
9895140
9895478
9896307
9897099
9897679
9897872
9898395
9899280
9899532
9899689
9899749
9899841
9901164
9906240
9907194
9907523
9909134
9909483
9910169
9911857
9912159
9912399
9912800
9912861
9913136
9915558
9916230
9918372
9918779
9918985
9919353
9920168
9921704
9921822
9922697
9923034
9923561
9924230
9924246
9924441
9925594
9929338
9930116
9930929
9931521
9932370
9933161
9935531
9936770
9937208
9937567
9938123
9938886
9941015
9941365
9941378
9942174
9942484
9942999
9943352
9943691
9944099
9948933
9949638
9951028
9951932
9952470
9952885
9953067
9953441
9953683
9954908
9956030
9957314
9957537
9958009
9958798
9959232
9959770
9960048
9960124
9962423
9966225
9967311
9969063
9969182
9972024
9972309
9974133
9974829
9976741
9977609
9978124
9978287
9980042
9980074
9980549
9980723
9981997
9982805
9984487
9985154
9986657
9986901
9987164
9987294
9988335
9989091
9990209
9991699
9993232
9993650
9993766
9994234
9994346
9994463
9994712
9995335
9995995
9996145
9996381
9998146
9998514
9998863
9998954
9999174
