100
1118733
1191235
1255725
1263001
1314167
1372786
1375566
1567673
1572714
1591407
1634059
1638895
1643900
1705073
1891898
1905968
1916520
2055323
2086025
2160287
2252696
2261462
2267556
2377985
2929113
2934446
3031666
3280838
3308599
3414661
3473623
3629006
3633770
3679554
3729010
3896117
3906980
4054155
4251633
4258348
4308368
4400664
4563348
4599579
4697034
4707800
4756280
4812018
4893806
4924932
4945219
5052918
5400903
5612207
5623091
5638931
5760283
5975810
6122806
6182093
6263509
6413965
6428083
6569586
6810803
6855204
6882119
6999573
7015940
7200199
7296279
7302057
7488560
7514993
7576580
7642462
7873758
7897643
7927646
7933865
7985056
8089701
8161795
8171238
8211532
8266339
8383661
8396964
8879614
9053076
9085548
9228095
9230033
9354167
9497100
9518882
9777212
9963746
9993664
9998444
