100
3999901
3999902
3999903
3999904
3999905
3999906
3999907
3999908
3999909
3999910
3999911
3999912
3999913
3999914
3999915
3999916
3999917
3999918
3999919
3999920
3999921
3999922
3999923
3999924
3999925
3999926
3999927
3999928
3999929
3999930
3999931
3999932
3999933
3999934
3999935
3999936
3999937
3999938
3999939
3999940
3999941
3999942
3999943
3999944
3999945
3999946
3999947
3999948
3999949
3999950
3999951
3999952
3999953
3999954
3999955
3999956
3999957
3999958
3999959
3999960
3999961
3999962
3999963
3999964
3999965
3999966
3999967
3999968
3999969
3999970
3999971
3999972
3999973
3999974
3999975
3999976
3999977
3999978
3999979
3999980
3999981
3999982
3999983
3999984
3999985
3999986
3999987
3999988
3999989
3999990
3999991
3999992
3999993
3999994
3999995
3999996
3999997
3999998
3999999
4000000
