1000
1009158
1041497
1054502
1057838
1067244
1072124
1078015
1089780
1097225
1105832
1111112
1122558
1126950
1152035
1158440
1161655
1183052
1184697
1193469
1217226
1251718
1253663
1257670
1257815
1263667
1281230
1281627
1296256
1296677
1301183
1329410
1332320
1332534
1336289
1336622
1343097
1349392
1350921
1371953
1378355
1379700
1381463
1390567
1412771
1413432
1422637
1432520
1440636
1441863
1466519
1469867
1470563
1494012
1496158
1496817
1508410
1519164
1519573
1536486
1544785
1550472
1552044
1555919
1566788
1580039
1604197
1604843
1608386
1613286
1614456
1620014
1622076
1640410
1645229
1669076
1669874
1675062
1680407
1683533
1712816
1713794
1713802
1734430
1741407
1750212
1754399
1762870
1770060
1782336
1787994
1800189
1807593
1844084
1864501
1875950
1907264
1913121
1923202
1951869
1955497
1960053
1961073
1965817
1966961
1985779
1996968
2005509
2005641
2010099
2020667
2032170
2038544
2044492
2054234
2064561
2078977
2083450
2084710
2109738
2109917
2137697
2171195
2171311
2175221
2182727
2198656
2199174
2201264
2214149
2214364
2220197
2222739
2243847
2250111
2274962
2293721
2299022
2313795
2329363
2338769
2342105
2348400
2379314
2385910
2411379
2426449
2428186
2432589
2432718
2444621
2449503
2456961
2476452
2501630
2526189
2533932
2544397
2559230
2571308
2583206
2583704
2594712
2605898
2606397
2626248
2632476
2666955
2667763
2675466
2679080
2679273
2679621
2680687
2697460
2712095
2716903
2721696
2740761
2748332
2748841
2749030
2770264
2781862
2786448
2790659
2790696
2790708
2798429
2798708
2801089
2831161
2833378
2840343
2856885
2866881
2901605
2920880
2937958
2953067
2967585
2968552
2971694
2985893
2999293
3008659
3012111
3015830
3015957
3025723
3027502
3031592
3036113
3039787
3045591
3068367
3072099
3084420
3095248
3108351
3111656
3116503
3125580
3135350
3170320
3172749
3176110
3187135
3190243
3193414
3195064
3228323
3229558
3237799
3252680
3266402
3269435
3272164
3276678
3306083
3306753
3307611
3317836
3320567
3323320
3341645
3349903
3351799
3365677
3366861
3367068
3374810
3377092
3387474
3388224
3388747
3389662
3405767
3422793
3428648
3455075
3465379
3481478
3484013
3487300
3491517
3502593
3506723
3507385
3508596
3511586
3521186
3534232
3542464
3546197
3574045
3605108
3607495
3625916
3626282
3632869
3637632
3654917
3663400
3666519
3668020
3668190
3674017
3694063
3695518
3695612
3700680
3706307
3710963
3714621
3717953
3726715
3727161
3734818
3745523
3746028
3754431
3766077
3767257
3780359
3789989
3791481
3809456
3813817
3817881
3830811
3845897
3857641
3858635
3862055
3867122
3873005
3876055
3885992
3888571
3900923
3909996
3911832
3916645
3922081
3933066
3945681
3948183
3955023
3974504
3980510
3991096
3996751
4008638
4018065
4035337
4053998
4097193
4100244
4106293
4121961
4122313
4126450
4160599
4188574
4194528
4197680
4205428
4208942
4212527
4245488
4255279
4258488
4276740
4278395
4282573
4295148
4300208
4300874
4317878
4343708
4348510
4351091
4362078
4365348
4376600
4378807
4383141
4385239
4411241
4418617
4423316
4427496
4432529
4447613
4453695
4458793
4467257
4471613
4476378
4483146
4495039
4508276
4526097
4531366
4534414
4539944
4559674
4562434
4564355
4570448
4578155
4585890
4589571
4592158
4592442
4600540
4601285
4608101
4618004
4621822
4631689
4651450
4660596
4671950
4678543
4682723
4691386
4694794
4723586
4732867
4736545
4744228
4751729
4756714
4767868
4771187
4785337
4805410
4809016
4812398
4816644
4833925
4864726
4872177
4879984
4888864
4920270
4922948
4934731
4942881
4982051
4998504
4998738
4999980
5004963
5033495
5048024
5061276
5069828
5081388
5085697
5102456
5106519
5111120
5130857
5143625
5160679
5162858
5168163
5201013
5207935
5214340
5227572
5231763
5238109
5243384
5244150
5248528
5250656
5263241
5264476
5273072
5305763
5312828
5315689
5329818
5329833
5341220
5347683
5348418
5348623
5355846
5357965
5365239
5365988
5370674
5371772
5388621
5390880
5398230
5406718
5425711
5429010
5438432
5441654
5443376
5450393
5466602
5476967
5486472
5490400
5532002
5543771
5548964
5562842
5569024
5574224
5575298
5578654
5585123
5600053
5619644
5634259
5636971
5639191
5658743
5662853
5672770
5683187
5692765
5696055
5697653
5705459
5709235
5716823
5725335
5731918
5737165
5743784
5744303
5758712
5773736
5774985
5787780
5788025
5792782
5805766
5835217
5835406
5853765
5862979
5863773
5865841
5870723
5897739
5900138
5903702
5953288
5957514
5960581
5960601
5962742
5966187
5974492
5998266
6014813
6017297
6035863
6044662
6056582
6059684
6066908
6068078
6071487
6074301
6083076
6085559
6087406
6097620
6097696
6108440
6109048
6115636
6116378
6136459
6136575
6136869
6148952
6156162
6157837
6162554
6167831
6169109
6183275
6188258
6198739
6200889
6204580
6204655
6206582
6211738
6221097
6223685
6224322
6230380
6237243
6241382
6255960
6268105
6271176
6274780
6287955
6288750
6296892
6297594
6304797
6304988
6310988
6311612
6330797
6331926
6389730
6400428
6422185
6424707
6428273
6428324
6428460
6436663
6460898
6476437
6479834
6499022
6503263
6538780
6538931
6539468
6542867
6544936
6562171
6567749
6572663
6574729
6577635
6578191
6607076
6608046
6623665
6635350
6637674
6644741
6648666
6650209
6652921
6675130
6676398
6676692
6682067
6695694
6697890
6700572
6703389
6704019
6715053
6715963
6725484
6728266
6737028
6753119
6757685
6758486
6764672
6772007
6784556
6816349
6819192
6836581
6842287
6849754
6859637
6895961
6900574
6900699
6928587
6930295
6934492
6939719
6941104
6941236
6944997
6963726
6969290
7042614
7056725
7079430
7087760
7097078
7121698
7172561
7180777
7185732
7187831
7200337
7224760
7227007
7247980
7250331
7254305
7269633
7271578
7279392
7281666
7292312
7296419
7298682
7300182
7301035
7305570
7307190
7310575
7322304
7332059
7336471
7337328
7337851
7358487
7369756
7373871
7398700
7399399
7406056
7422959
7423405
7434168
7437368
7441775
7452013
7453319
7471862
7483029
7495437
7513636
7518141
7554459
7557393
7559464
7559882
7560884
7572526
7583183
7605021
7615702
7618062
7630845
7639814
7641874
7651336
7653185
7659579
7662939
7664911
7671272
7671590
7678000
7701400
7707088
7714291
7720479
7725474
7727850
7729138
7741848
7752496
7768099
7782397
7784737
7790715
7793624
7808571
7813367
7814606
7852450
7862463
7866968
7881050
7883113
7897329
7914540
7915913
7926038
7927118
7943086
7947740
7950096
7960681
7962054
7974942
7983680
7984034
7986639
7995233
7996507
7999965
8001999
8012333
8027827
8033759
8049239
8049562
8054318
8059442
8070233
8076451
8078036
8084752
8087409
8091844
8098130
8099974
8124963
8128092
8144532
8157963
8164698
8174086
8176932
8185548
8197066
8220291
8223408
8226283
8250481
8253768
8257507
8260496
8290895
8296880
8300783
8307370
8314365
8315391
8318106
8322191
8335244
8337078
8359137
8365619
8367657
8369941
8381410
8384608
8385249
8390220
8399992
8403538
8413538
8421686
8441447
8442331
8446470
8447053
8453922
8456008
8461117
8465281
8469499
8477410
8480194
8483310
8487934
8518013
8540738
8554545
8565677
8573141
8585759
8594990
8608470
8621563
8625668
8630245
8646146
8649768
8656424
8663896
8667889
8688303
8691815
8698145
8700564
8719320
8730219
8745637
8754156
8760347
8769060
8790385
8791816
8800439
8812519
8828687
8846423
8849336
8866561
8873527
8882625
8884915
8889079
8891929
8896949
8902121
8905016
8909556
8912776
8920014
8926777
8932069
8963159
8988265
9013571
9025311
9026752
9076815
9087308
9090887
9104040
9107394
9131995
9142022
9146113
9146852
9163480
9164204
9171010
9173085
9176622
9184194
9195405
9198791
9201114
9216628
9223536
9228665
9270442
9287364
9290000
9290665
9294874
9314568
9330401
9335490
9341247
9353090
9359458
9360056
9369332
9383832
9405265
9435248
9435671
9452292
9461777
9468470
9478305
9481910
9485720
9502867
9526889
9547446
9555347
9560667
9574987
9582618
9591413
9600336
9606782
9608332
9608533
9615869
9617323
9630541
9661007
9664347
9667100
9668635
9668852
9674626
9707887
9710478
9710653
9750662
9754680
9762578
9762930
9771313
9771854
9791117
9807740
9827477
9827676
9843971
9859558
9862514
9867681
9871107
9872282
9879660
9880488
9895084
9896473
9898037
9920722
9940517
9956899
9957093
9976791
9980702
9982122
9987141
9994737
