100
1034381
1050325
1094740
1170761
1178115
1180835
1210978
1298436
1308698
1323026
1411086
1425358
1467301
1716887
2038271
2190636
2221723
2297282
2409350
2519097
2666011
2862743
2892956
2994836
3021504
3128032
3160503
3248882
3260796
3342719
3439685
3455014
3470876
3527182
3576392
3626216
3664057
3767699
3770718
3931968
4063423
4079036
4116500
4164862
4170222
4253836
4308665
4663062
5022514
5043767
5074493
5151288
5213580
5311600
5371006
5402241
5441480
5462352
5717216
5774990
5826559
5873633
6095286
6521038
6530649
6669384
6785789
6809319
6810159
6890931
7022757
7039581
7144897
7208369
7395712
7454883
7464269
7635835
7644013
8061523
8081942
8147211
8194823
8218692
8234485
8318724
8351804
8420483
8694614
8796074
8861699
8933257
9045586
9049513
9364675
9407412
9464720
9687708
9784208
9805352
