10000
3009999
3009998
3009997
3009996
3009995
3009994
3009993
3009992
3009991
3009990
3009989
3009988
3009987
3009986
3009985
3009984
3009983
3009982
3009981
3009980
3009979
3009978
3009977
3009976
3009975
3009974
3009973
3009972
3009971
3009970
3009969
3009968
3009967
3009966
3009965
3009964
3009963
3009962
3009961
3009960
3009959
3009958
3009957
3009956
3009955
3009954
3009953
3009952
3009951
3009950
3009949
3009948
3009947
3009946
3009945
3009944
3009943
3009942
3009941
3009940
3009939
3009938
3009937
3009936
3009935
3009934
3009933
3009932
3009931
3009930
3009929
3009928
3009927
3009926
3009925
3009924
3009923
3009922
3009921
3009920
3009919
3009918
3009917
3009916
3009915
3009914
3009913
3009912
3009911
3009910
3009909
3009908
3009907
3009906
3009905
3009904
3009903
3009902
3009901
3009900
3009899
3009898
3009897
3009896
3009895
3009894
3009893
3009892
3009891
3009890
3009889
3009888
3009887
3009886
3009885
3009884
3009883
3009882
3009881
3009880
3009879
3009878
3009877
3009876
3009875
3009874
3009873
3009872
3009871
3009870
3009869
3009868
3009867
3009866
3009865
3009864
3009863
3009862
3009861
3009860
3009859
3009858
3009857
3009856
3009855
3009854
3009853
3009852
3009851
3009850
3009849
3009848
3009847
3009846
3009845
3009844
3009843
3009842
3009841
3009840
3009839
3009838
3009837
3009836
3009835
3009834
3009833
3009832
3009831
3009830
3009829
3009828
3009827
3009826
3009825
3009824
3009823
3009822
3009821
3009820
3009819
3009818
3009817
3009816
3009815
3009814
3009813
3009812
3009811
3009810
3009809
3009808
3009807
3009806
3009805
3009804
3009803
3009802
3009801
3009800
3009799
3009798
3009797
3009796
3009795
3009794
3009793
3009792
3009791
3009790
3009789
3009788
3009787
3009786
3009785
3009784
3009783
3009782
3009781
3009780
3009779
3009778
3009777
3009776
3009775
3009774
3009773
3009772
3009771
3009770
3009769
3009768
3009767
3009766
3009765
3009764
3009763
3009762
3009761
3009760
3009759
3009758
3009757
3009756
3009755
3009754
3009753
3009752
3009751
3009750
3009749
3009748
3009747
3009746
3009745
3009744
3009743
3009742
3009741
3009740
3009739
3009738
3009737
3009736
3009735
3009734
3009733
3009732
3009731
3009730
3009729
3009728
3009727
3009726
3009725
3009724
3009723
3009722
3009721
3009720
3009719
3009718
3009717
3009716
3009715
3009714
3009713
3009712
3009711
3009710
3009709
3009708
3009707
3009706
3009705
3009704
3009703
3009702
3009701
3009700
3009699
3009698
3009697
3009696
3009695
3009694
3009693
3009692
3009691
3009690
3009689
3009688
3009687
3009686
3009685
3009684
3009683
3009682
3009681
3009680
3009679
3009678
3009677
3009676
3009675
3009674
3009673
3009672
3009671
3009670
3009669
3009668
3009667
3009666
3009665
3009664
3009663
3009662
3009661
3009660
3009659
3009658
3009657
3009656
3009655
3009654
3009653
3009652
3009651
3009650
3009649
3009648
3009647
3009646
3009645
3009644
3009643
3009642
3009641
3009640
3009639
3009638
3009637
3009636
3009635
3009634
3009633
3009632
3009631
3009630
3009629
3009628
3009627
3009626
3009625
3009624
3009623
3009622
3009621
3009620
3009619
3009618
3009617
3009616
3009615
3009614
3009613
3009612
3009611
3009610
3009609
3009608
3009607
3009606
3009605
3009604
3009603
3009602
3009601
3009600
3009599
3009598
3009597
3009596
3009595
3009594
3009593
3009592
3009591
3009590
3009589
3009588
3009587
3009586
3009585
3009584
3009583
3009582
3009581
3009580
3009579
3009578
3009577
3009576
3009575
3009574
3009573
3009572
3009571
3009570
3009569
3009568
3009567
3009566
3009565
3009564
3009563
3009562
3009561
3009560
3009559
3009558
3009557
3009556
3009555
3009554
3009553
3009552
3009551
3009550
3009549
3009548
3009547
3009546
3009545
3009544
3009543
3009542
3009541
3009540
3009539
3009538
3009537
3009536
3009535
3009534
3009533
3009532
3009531
3009530
3009529
3009528
3009527
3009526
3009525
3009524
3009523
3009522
3009521
3009520
3009519
3009518
3009517
3009516
3009515
3009514
3009513
3009512
3009511
3009510
3009509
3009508
3009507
3009506
3009505
3009504
3009503
3009502
3009501
3009500
3009499
3009498
3009497
3009496
3009495
3009494
3009493
3009492
3009491
3009490
3009489
3009488
3009487
3009486
3009485
3009484
3009483
3009482
3009481
3009480
3009479
3009478
3009477
3009476
3009475
3009474
3009473
3009472
3009471
3009470
3009469
3009468
3009467
3009466
3009465
3009464
3009463
3009462
3009461
3009460
3009459
3009458
3009457
3009456
3009455
3009454
3009453
3009452
3009451
3009450
3009449
3009448
3009447
3009446
3009445
3009444
3009443
3009442
3009441
3009440
3009439
3009438
3009437
3009436
3009435
3009434
3009433
3009432
3009431
3009430
3009429
3009428
3009427
3009426
3009425
3009424
3009423
3009422
3009421
3009420
3009419
3009418
3009417
3009416
3009415
3009414
3009413
3009412
3009411
3009410
3009409
3009408
3009407
3009406
3009405
3009404
3009403
3009402
3009401
3009400
3009399
3009398
3009397
3009396
3009395
3009394
3009393
3009392
3009391
3009390
3009389
3009388
3009387
3009386
3009385
3009384
3009383
3009382
3009381
3009380
3009379
3009378
3009377
3009376
3009375
3009374
3009373
3009372
3009371
3009370
3009369
3009368
3009367
3009366
3009365
3009364
3009363
3009362
3009361
3009360
3009359
3009358
3009357
3009356
3009355
3009354
3009353
3009352
3009351
3009350
3009349
3009348
3009347
3009346
3009345
3009344
3009343
3009342
3009341
3009340
3009339
3009338
3009337
3009336
3009335
3009334
3009333
3009332
3009331
3009330
3009329
3009328
3009327
3009326
3009325
3009324
3009323
3009322
3009321
3009320
3009319
3009318
3009317
3009316
3009315
3009314
3009313
3009312
3009311
3009310
3009309
3009308
3009307
3009306
3009305
3009304
3009303
3009302
3009301
3009300
3009299
3009298
3009297
3009296
3009295
3009294
3009293
3009292
3009291
3009290
3009289
3009288
3009287
3009286
3009285
3009284
3009283
3009282
3009281
3009280
3009279
3009278
3009277
3009276
3009275
3009274
3009273
3009272
3009271
3009270
3009269
3009268
3009267
3009266
3009265
3009264
3009263
3009262
3009261
3009260
3009259
3009258
3009257
3009256
3009255
3009254
3009253
3009252
3009251
3009250
3009249
3009248
3009247
3009246
3009245
3009244
3009243
3009242
3009241
3009240
3009239
3009238
3009237
3009236
3009235
3009234
3009233
3009232
3009231
3009230
3009229
3009228
3009227
3009226
3009225
3009224
3009223
3009222
3009221
3009220
3009219
3009218
3009217
3009216
3009215
3009214
3009213
3009212
3009211
3009210
3009209
3009208
3009207
3009206
3009205
3009204
3009203
3009202
3009201
3009200
3009199
3009198
3009197
3009196
3009195
3009194
3009193
3009192
3009191
3009190
3009189
3009188
3009187
3009186
3009185
3009184
3009183
3009182
3009181
3009180
3009179
3009178
3009177
3009176
3009175
3009174
3009173
3009172
3009171
3009170
3009169
3009168
3009167
3009166
3009165
3009164
3009163
3009162
3009161
3009160
3009159
3009158
3009157
3009156
3009155
3009154
3009153
3009152
3009151
3009150
3009149
3009148
3009147
3009146
3009145
3009144
3009143
3009142
3009141
3009140
3009139
3009138
3009137
3009136
3009135
3009134
3009133
3009132
3009131
3009130
3009129
3009128
3009127
3009126
3009125
3009124
3009123
3009122
3009121
3009120
3009119
3009118
3009117
3009116
3009115
3009114
3009113
3009112
3009111
3009110
3009109
3009108
3009107
3009106
3009105
3009104
3009103
3009102
3009101
3009100
3009099
3009098
3009097
3009096
3009095
3009094
3009093
3009092
3009091
3009090
3009089
3009088
3009087
3009086
3009085
3009084
3009083
3009082
3009081
3009080
3009079
3009078
3009077
3009076
3009075
3009074
3009073
3009072
3009071
3009070
3009069
3009068
3009067
3009066
3009065
3009064
3009063
3009062
3009061
3009060
3009059
3009058
3009057
3009056
3009055
3009054
3009053
3009052
3009051
3009050
3009049
3009048
3009047
3009046
3009045
3009044
3009043
3009042
3009041
3009040
3009039
3009038
3009037
3009036
3009035
3009034
3009033
3009032
3009031
3009030
3009029
3009028
3009027
3009026
3009025
3009024
3009023
3009022
3009021
3009020
3009019
3009018
3009017
3009016
3009015
3009014
3009013
3009012
3009011
3009010
3009009
3009008
3009007
3009006
3009005
3009004
3009003
3009002
3009001
3009000
3008999
3008998
3008997
3008996
3008995
3008994
3008993
3008992
3008991
3008990
3008989
3008988
3008987
3008986
3008985
3008984
3008983
3008982
3008981
3008980
3008979
3008978
3008977
3008976
3008975
3008974
3008973
3008972
3008971
3008970
3008969
3008968
3008967
3008966
3008965
3008964
3008963
3008962
3008961
3008960
3008959
3008958
3008957
3008956
3008955
3008954
3008953
3008952
3008951
3008950
3008949
3008948
3008947
3008946
3008945
3008944
3008943
3008942
3008941
3008940
3008939
3008938
3008937
3008936
3008935
3008934
3008933
3008932
3008931
3008930
3008929
3008928
3008927
3008926
3008925
3008924
3008923
3008922
3008921
3008920
3008919
3008918
3008917
3008916
3008915
3008914
3008913
3008912
3008911
3008910
3008909
3008908
3008907
3008906
3008905
3008904
3008903
3008902
3008901
3008900
3008899
3008898
3008897
3008896
3008895
3008894
3008893
3008892
3008891
3008890
3008889
3008888
3008887
3008886
3008885
3008884
3008883
3008882
3008881
3008880
3008879
3008878
3008877
3008876
3008875
3008874
3008873
3008872
3008871
3008870
3008869
3008868
3008867
3008866
3008865
3008864
3008863
3008862
3008861
3008860
3008859
3008858
3008857
3008856
3008855
3008854
3008853
3008852
3008851
3008850
3008849
3008848
3008847
3008846
3008845
3008844
3008843
3008842
3008841
3008840
3008839
3008838
3008837
3008836
3008835
3008834
3008833
3008832
3008831
3008830
3008829
3008828
3008827
3008826
3008825
3008824
3008823
3008822
3008821
3008820
3008819
3008818
3008817
3008816
3008815
3008814
3008813
3008812
3008811
3008810
3008809
3008808
3008807
3008806
3008805
3008804
3008803
3008802
3008801
3008800
3008799
3008798
3008797
3008796
3008795
3008794
3008793
3008792
3008791
3008790
3008789
3008788
3008787
3008786
3008785
3008784
3008783
3008782
3008781
3008780
3008779
3008778
3008777
3008776
3008775
3008774
3008773
3008772
3008771
3008770
3008769
3008768
3008767
3008766
3008765
3008764
3008763
3008762
3008761
3008760
3008759
3008758
3008757
3008756
3008755
3008754
3008753
3008752
3008751
3008750
3008749
3008748
3008747
3008746
3008745
3008744
3008743
3008742
3008741
3008740
3008739
3008738
3008737
3008736
3008735
3008734
3008733
3008732
3008731
3008730
3008729
3008728
3008727
3008726
3008725
3008724
3008723
3008722
3008721
3008720
3008719
3008718
3008717
3008716
3008715
3008714
3008713
3008712
3008711
3008710
3008709
3008708
3008707
3008706
3008705
3008704
3008703
3008702
3008701
3008700
3008699
3008698
3008697
3008696
3008695
3008694
3008693
3008692
3008691
3008690
3008689
3008688
3008687
3008686
3008685
3008684
3008683
3008682
3008681
3008680
3008679
3008678
3008677
3008676
3008675
3008674
3008673
3008672
3008671
3008670
3008669
3008668
3008667
3008666
3008665
3008664
3008663
3008662
3008661
3008660
3008659
3008658
3008657
3008656
3008655
3008654
3008653
3008652
3008651
3008650
3008649
3008648
3008647
3008646
3008645
3008644
3008643
3008642
3008641
3008640
3008639
3008638
3008637
3008636
3008635
3008634
3008633
3008632
3008631
3008630
3008629
3008628
3008627
3008626
3008625
3008624
3008623
3008622
3008621
3008620
3008619
3008618
3008617
3008616
3008615
3008614
3008613
3008612
3008611
3008610
3008609
3008608
3008607
3008606
3008605
3008604
3008603
3008602
3008601
3008600
3008599
3008598
3008597
3008596
3008595
3008594
3008593
3008592
3008591
3008590
3008589
3008588
3008587
3008586
3008585
3008584
3008583
3008582
3008581
3008580
3008579
3008578
3008577
3008576
3008575
3008574
3008573
3008572
3008571
3008570
3008569
3008568
3008567
3008566
3008565
3008564
3008563
3008562
3008561
3008560
3008559
3008558
3008557
3008556
3008555
3008554
3008553
3008552
3008551
3008550
3008549
3008548
3008547
3008546
3008545
3008544
3008543
3008542
3008541
3008540
3008539
3008538
3008537
3008536
3008535
3008534
3008533
3008532
3008531
3008530
3008529
3008528
3008527
3008526
3008525
3008524
3008523
3008522
3008521
3008520
3008519
3008518
3008517
3008516
3008515
3008514
3008513
3008512
3008511
3008510
3008509
3008508
3008507
3008506
3008505
3008504
3008503
3008502
3008501
3008500
3008499
3008498
3008497
3008496
3008495
3008494
3008493
3008492
3008491
3008490
3008489
3008488
3008487
3008486
3008485
3008484
3008483
3008482
3008481
3008480
3008479
3008478
3008477
3008476
3008475
3008474
3008473
3008472
3008471
3008470
3008469
3008468
3008467
3008466
3008465
3008464
3008463
3008462
3008461
3008460
3008459
3008458
3008457
3008456
3008455
3008454
3008453
3008452
3008451
3008450
3008449
3008448
3008447
3008446
3008445
3008444
3008443
3008442
3008441
3008440
3008439
3008438
3008437
3008436
3008435
3008434
3008433
3008432
3008431
3008430
3008429
3008428
3008427
3008426
3008425
3008424
3008423
3008422
3008421
3008420
3008419
3008418
3008417
3008416
3008415
3008414
3008413
3008412
3008411
3008410
3008409
3008408
3008407
3008406
3008405
3008404
3008403
3008402
3008401
3008400
3008399
3008398
3008397
3008396
3008395
3008394
3008393
3008392
3008391
3008390
3008389
3008388
3008387
3008386
3008385
3008384
3008383
3008382
3008381
3008380
3008379
3008378
3008377
3008376
3008375
3008374
3008373
3008372
3008371
3008370
3008369
3008368
3008367
3008366
3008365
3008364
3008363
3008362
3008361
3008360
3008359
3008358
3008357
3008356
3008355
3008354
3008353
3008352
3008351
3008350
3008349
3008348
3008347
3008346
3008345
3008344
3008343
3008342
3008341
3008340
3008339
3008338
3008337
3008336
3008335
3008334
3008333
3008332
3008331
3008330
3008329
3008328
3008327
3008326
3008325
3008324
3008323
3008322
3008321
3008320
3008319
3008318
3008317
3008316
3008315
3008314
3008313
3008312
3008311
3008310
3008309
3008308
3008307
3008306
3008305
3008304
3008303
3008302
3008301
3008300
3008299
3008298
3008297
3008296
3008295
3008294
3008293
3008292
3008291
3008290
3008289
3008288
3008287
3008286
3008285
3008284
3008283
3008282
3008281
3008280
3008279
3008278
3008277
3008276
3008275
3008274
3008273
3008272
3008271
3008270
3008269
3008268
3008267
3008266
3008265
3008264
3008263
3008262
3008261
3008260
3008259
3008258
3008257
3008256
3008255
3008254
3008253
3008252
3008251
3008250
3008249
3008248
3008247
3008246
3008245
3008244
3008243
3008242
3008241
3008240
3008239
3008238
3008237
3008236
3008235
3008234
3008233
3008232
3008231
3008230
3008229
3008228
3008227
3008226
3008225
3008224
3008223
3008222
3008221
3008220
3008219
3008218
3008217
3008216
3008215
3008214
3008213
3008212
3008211
3008210
3008209
3008208
3008207
3008206
3008205
3008204
3008203
3008202
3008201
3008200
3008199
3008198
3008197
3008196
3008195
3008194
3008193
3008192
3008191
3008190
3008189
3008188
3008187
3008186
3008185
3008184
3008183
3008182
3008181
3008180
3008179
3008178
3008177
3008176
3008175
3008174
3008173
3008172
3008171
3008170
3008169
3008168
3008167
3008166
3008165
3008164
3008163
3008162
3008161
3008160
3008159
3008158
3008157
3008156
3008155
3008154
3008153
3008152
3008151
3008150
3008149
3008148
3008147
3008146
3008145
3008144
3008143
3008142
3008141
3008140
3008139
3008138
3008137
3008136
3008135
3008134
3008133
3008132
3008131
3008130
3008129
3008128
3008127
3008126
3008125
3008124
3008123
3008122
3008121
3008120
3008119
3008118
3008117
3008116
3008115
3008114
3008113
3008112
3008111
3008110
3008109
3008108
3008107
3008106
3008105
3008104
3008103
3008102
3008101
3008100
3008099
3008098
3008097
3008096
3008095
3008094
3008093
3008092
3008091
3008090
3008089
3008088
3008087
3008086
3008085
3008084
3008083
3008082
3008081
3008080
3008079
3008078
3008077
3008076
3008075
3008074
3008073
3008072
3008071
3008070
3008069
3008068
3008067
3008066
3008065
3008064
3008063
3008062
3008061
3008060
3008059
3008058
3008057
3008056
3008055
3008054
3008053
3008052
3008051
3008050
3008049
3008048
3008047
3008046
3008045
3008044
3008043
3008042
3008041
3008040
3008039
3008038
3008037
3008036
3008035
3008034
3008033
3008032
3008031
3008030
3008029
3008028
3008027
3008026
3008025
3008024
3008023
3008022
3008021
3008020
3008019
3008018
3008017
3008016
3008015
3008014
3008013
3008012
3008011
3008010
3008009
3008008
3008007
3008006
3008005
3008004
3008003
3008002
3008001
3008000
3007999
3007998
3007997
3007996
3007995
3007994
3007993
3007992
3007991
3007990
3007989
3007988
3007987
3007986
3007985
3007984
3007983
3007982
3007981
3007980
3007979
3007978
3007977
3007976
3007975
3007974
3007973
3007972
3007971
3007970
3007969
3007968
3007967
3007966
3007965
3007964
3007963
3007962
3007961
3007960
3007959
3007958
3007957
3007956
3007955
3007954
3007953
3007952
3007951
3007950
3007949
3007948
3007947
3007946
3007945
3007944
3007943
3007942
3007941
3007940
3007939
3007938
3007937
3007936
3007935
3007934
3007933
3007932
3007931
3007930
3007929
3007928
3007927
3007926
3007925
3007924
3007923
3007922
3007921
3007920
3007919
3007918
3007917
3007916
3007915
3007914
3007913
3007912
3007911
3007910
3007909
3007908
3007907
3007906
3007905
3007904
3007903
3007902
3007901
3007900
3007899
3007898
3007897
3007896
3007895
3007894
3007893
3007892
3007891
3007890
3007889
3007888
3007887
3007886
3007885
3007884
3007883
3007882
3007881
3007880
3007879
3007878
3007877
3007876
3007875
3007874
3007873
3007872
3007871
3007870
3007869
3007868
3007867
3007866
3007865
3007864
3007863
3007862
3007861
3007860
3007859
3007858
3007857
3007856
3007855
3007854
3007853
3007852
3007851
3007850
3007849
3007848
3007847
3007846
3007845
3007844
3007843
3007842
3007841
3007840
3007839
3007838
3007837
3007836
3007835
3007834
3007833
3007832
3007831
3007830
3007829
3007828
3007827
3007826
3007825
3007824
3007823
3007822
3007821
3007820
3007819
3007818
3007817
3007816
3007815
3007814
3007813
3007812
3007811
3007810
3007809
3007808
3007807
3007806
3007805
3007804
3007803
3007802
3007801
3007800
3007799
3007798
3007797
3007796
3007795
3007794
3007793
3007792
3007791
3007790
3007789
3007788
3007787
3007786
3007785
3007784
3007783
3007782
3007781
3007780
3007779
3007778
3007777
3007776
3007775
3007774
3007773
3007772
3007771
3007770
3007769
3007768
3007767
3007766
3007765
3007764
3007763
3007762
3007761
3007760
3007759
3007758
3007757
3007756
3007755
3007754
3007753
3007752
3007751
3007750
3007749
3007748
3007747
3007746
3007745
3007744
3007743
3007742
3007741
3007740
3007739
3007738
3007737
3007736
3007735
3007734
3007733
3007732
3007731
3007730
3007729
3007728
3007727
3007726
3007725
3007724
3007723
3007722
3007721
3007720
3007719
3007718
3007717
3007716
3007715
3007714
3007713
3007712
3007711
3007710
3007709
3007708
3007707
3007706
3007705
3007704
3007703
3007702
3007701
3007700
3007699
3007698
3007697
3007696
3007695
3007694
3007693
3007692
3007691
3007690
3007689
3007688
3007687
3007686
3007685
3007684
3007683
3007682
3007681
3007680
3007679
3007678
3007677
3007676
3007675
3007674
3007673
3007672
3007671
3007670
3007669
3007668
3007667
3007666
3007665
3007664
3007663
3007662
3007661
3007660
3007659
3007658
3007657
3007656
3007655
3007654
3007653
3007652
3007651
3007650
3007649
3007648
3007647
3007646
3007645
3007644
3007643
3007642
3007641
3007640
3007639
3007638
3007637
3007636
3007635
3007634
3007633
3007632
3007631
3007630
3007629
3007628
3007627
3007626
3007625
3007624
3007623
3007622
3007621
3007620
3007619
3007618
3007617
3007616
3007615
3007614
3007613
3007612
3007611
3007610
3007609
3007608
3007607
3007606
3007605
3007604
3007603
3007602
3007601
3007600
3007599
3007598
3007597
3007596
3007595
3007594
3007593
3007592
3007591
3007590
3007589
3007588
3007587
3007586
3007585
3007584
3007583
3007582
3007581
3007580
3007579
3007578
3007577
3007576
3007575
3007574
3007573
3007572
3007571
3007570
3007569
3007568
3007567
3007566
3007565
3007564
3007563
3007562
3007561
3007560
3007559
3007558
3007557
3007556
3007555
3007554
3007553
3007552
3007551
3007550
3007549
3007548
3007547
3007546
3007545
3007544
3007543
3007542
3007541
3007540
3007539
3007538
3007537
3007536
3007535
3007534
3007533
3007532
3007531
3007530
3007529
3007528
3007527
3007526
3007525
3007524
3007523
3007522
3007521
3007520
3007519
3007518
3007517
3007516
3007515
3007514
3007513
3007512
3007511
3007510
3007509
3007508
3007507
3007506
3007505
3007504
3007503
3007502
3007501
3007500
3007499
3007498
3007497
3007496
3007495
3007494
3007493
3007492
3007491
3007490
3007489
3007488
3007487
3007486
3007485
3007484
3007483
3007482
3007481
3007480
3007479
3007478
3007477
3007476
3007475
3007474
3007473
3007472
3007471
3007470
3007469
3007468
3007467
3007466
3007465
3007464
3007463
3007462
3007461
3007460
3007459
3007458
3007457
3007456
3007455
3007454
3007453
3007452
3007451
3007450
3007449
3007448
3007447
3007446
3007445
3007444
3007443
3007442
3007441
3007440
3007439
3007438
3007437
3007436
3007435
3007434
3007433
3007432
3007431
3007430
3007429
3007428
3007427
3007426
3007425
3007424
3007423
3007422
3007421
3007420
3007419
3007418
3007417
3007416
3007415
3007414
3007413
3007412
3007411
3007410
3007409
3007408
3007407
3007406
3007405
3007404
3007403
3007402
3007401
3007400
3007399
3007398
3007397
3007396
3007395
3007394
3007393
3007392
3007391
3007390
3007389
3007388
3007387
3007386
3007385
3007384
3007383
3007382
3007381
3007380
3007379
3007378
3007377
3007376
3007375
3007374
3007373
3007372
3007371
3007370
3007369
3007368
3007367
3007366
3007365
3007364
3007363
3007362
3007361
3007360
3007359
3007358
3007357
3007356
3007355
3007354
3007353
3007352
3007351
3007350
3007349
3007348
3007347
3007346
3007345
3007344
3007343
3007342
3007341
3007340
3007339
3007338
3007337
3007336
3007335
3007334
3007333
3007332
3007331
3007330
3007329
3007328
3007327
3007326
3007325
3007324
3007323
3007322
3007321
3007320
3007319
3007318
3007317
3007316
3007315
3007314
3007313
3007312
3007311
3007310
3007309
3007308
3007307
3007306
3007305
3007304
3007303
3007302
3007301
3007300
3007299
3007298
3007297
3007296
3007295
3007294
3007293
3007292
3007291
3007290
3007289
3007288
3007287
3007286
3007285
3007284
3007283
3007282
3007281
3007280
3007279
3007278
3007277
3007276
3007275
3007274
3007273
3007272
3007271
3007270
3007269
3007268
3007267
3007266
3007265
3007264
3007263
3007262
3007261
3007260
3007259
3007258
3007257
3007256
3007255
3007254
3007253
3007252
3007251
3007250
3007249
3007248
3007247
3007246
3007245
3007244
3007243
3007242
3007241
3007240
3007239
3007238
3007237
3007236
3007235
3007234
3007233
3007232
3007231
3007230
3007229
3007228
3007227
3007226
3007225
3007224
3007223
3007222
3007221
3007220
3007219
3007218
3007217
3007216
3007215
3007214
3007213
3007212
3007211
3007210
3007209
3007208
3007207
3007206
3007205
3007204
3007203
3007202
3007201
3007200
3007199
3007198
3007197
3007196
3007195
3007194
3007193
3007192
3007191
3007190
3007189
3007188
3007187
3007186
3007185
3007184
3007183
3007182
3007181
3007180
3007179
3007178
3007177
3007176
3007175
3007174
3007173
3007172
3007171
3007170
3007169
3007168
3007167
3007166
3007165
3007164
3007163
3007162
3007161
3007160
3007159
3007158
3007157
3007156
3007155
3007154
3007153
3007152
3007151
3007150
3007149
3007148
3007147
3007146
3007145
3007144
3007143
3007142
3007141
3007140
3007139
3007138
3007137
3007136
3007135
3007134
3007133
3007132
3007131
3007130
3007129
3007128
3007127
3007126
3007125
3007124
3007123
3007122
3007121
3007120
3007119
3007118
3007117
3007116
3007115
3007114
3007113
3007112
3007111
3007110
3007109
3007108
3007107
3007106
3007105
3007104
3007103
3007102
3007101
3007100
3007099
3007098
3007097
3007096
3007095
3007094
3007093
3007092
3007091
3007090
3007089
3007088
3007087
3007086
3007085
3007084
3007083
3007082
3007081
3007080
3007079
3007078
3007077
3007076
3007075
3007074
3007073
3007072
3007071
3007070
3007069
3007068
3007067
3007066
3007065
3007064
3007063
3007062
3007061
3007060
3007059
3007058
3007057
3007056
3007055
3007054
3007053
3007052
3007051
3007050
3007049
3007048
3007047
3007046
3007045
3007044
3007043
3007042
3007041
3007040
3007039
3007038
3007037
3007036
3007035
3007034
3007033
3007032
3007031
3007030
3007029
3007028
3007027
3007026
3007025
3007024
3007023
3007022
3007021
3007020
3007019
3007018
3007017
3007016
3007015
3007014
3007013
3007012
3007011
3007010
3007009
3007008
3007007
3007006
3007005
3007004
3007003
3007002
3007001
3007000
3006999
3006998
3006997
3006996
3006995
3006994
3006993
3006992
3006991
3006990
3006989
3006988
3006987
3006986
3006985
3006984
3006983
3006982
3006981
3006980
3006979
3006978
3006977
3006976
3006975
3006974
3006973
3006972
3006971
3006970
3006969
3006968
3006967
3006966
3006965
3006964
3006963
3006962
3006961
3006960
3006959
3006958
3006957
3006956
3006955
3006954
3006953
3006952
3006951
3006950
3006949
3006948
3006947
3006946
3006945
3006944
3006943
3006942
3006941
3006940
3006939
3006938
3006937
3006936
3006935
3006934
3006933
3006932
3006931
3006930
3006929
3006928
3006927
3006926
3006925
3006924
3006923
3006922
3006921
3006920
3006919
3006918
3006917
3006916
3006915
3006914
3006913
3006912
3006911
3006910
3006909
3006908
3006907
3006906
3006905
3006904
3006903
3006902
3006901
3006900
3006899
3006898
3006897
3006896
3006895
3006894
3006893
3006892
3006891
3006890
3006889
3006888
3006887
3006886
3006885
3006884
3006883
3006882
3006881
3006880
3006879
3006878
3006877
3006876
3006875
3006874
3006873
3006872
3006871
3006870
3006869
3006868
3006867
3006866
3006865
3006864
3006863
3006862
3006861
3006860
3006859
3006858
3006857
3006856
3006855
3006854
3006853
3006852
3006851
3006850
3006849
3006848
3006847
3006846
3006845
3006844
3006843
3006842
3006841
3006840
3006839
3006838
3006837
3006836
3006835
3006834
3006833
3006832
3006831
3006830
3006829
3006828
3006827
3006826
3006825
3006824
3006823
3006822
3006821
3006820
3006819
3006818
3006817
3006816
3006815
3006814
3006813
3006812
3006811
3006810
3006809
3006808
3006807
3006806
3006805
3006804
3006803
3006802
3006801
3006800
3006799
3006798
3006797
3006796
3006795
3006794
3006793
3006792
3006791
3006790
3006789
3006788
3006787
3006786
3006785
3006784
3006783
3006782
3006781
3006780
3006779
3006778
3006777
3006776
3006775
3006774
3006773
3006772
3006771
3006770
3006769
3006768
3006767
3006766
3006765
3006764
3006763
3006762
3006761
3006760
3006759
3006758
3006757
3006756
3006755
3006754
3006753
3006752
3006751
3006750
3006749
3006748
3006747
3006746
3006745
3006744
3006743
3006742
3006741
3006740
3006739
3006738
3006737
3006736
3006735
3006734
3006733
3006732
3006731
3006730
3006729
3006728
3006727
3006726
3006725
3006724
3006723
3006722
3006721
3006720
3006719
3006718
3006717
3006716
3006715
3006714
3006713
3006712
3006711
3006710
3006709
3006708
3006707
3006706
3006705
3006704
3006703
3006702
3006701
3006700
3006699
3006698
3006697
3006696
3006695
3006694
3006693
3006692
3006691
3006690
3006689
3006688
3006687
3006686
3006685
3006684
3006683
3006682
3006681
3006680
3006679
3006678
3006677
3006676
3006675
3006674
3006673
3006672
3006671
3006670
3006669
3006668
3006667
3006666
3006665
3006664
3006663
3006662
3006661
3006660
3006659
3006658
3006657
3006656
3006655
3006654
3006653
3006652
3006651
3006650
3006649
3006648
3006647
3006646
3006645
3006644
3006643
3006642
3006641
3006640
3006639
3006638
3006637
3006636
3006635
3006634
3006633
3006632
3006631
3006630
3006629
3006628
3006627
3006626
3006625
3006624
3006623
3006622
3006621
3006620
3006619
3006618
3006617
3006616
3006615
3006614
3006613
3006612
3006611
3006610
3006609
3006608
3006607
3006606
3006605
3006604
3006603
3006602
3006601
3006600
3006599
3006598
3006597
3006596
3006595
3006594
3006593
3006592
3006591
3006590
3006589
3006588
3006587
3006586
3006585
3006584
3006583
3006582
3006581
3006580
3006579
3006578
3006577
3006576
3006575
3006574
3006573
3006572
3006571
3006570
3006569
3006568
3006567
3006566
3006565
3006564
3006563
3006562
3006561
3006560
3006559
3006558
3006557
3006556
3006555
3006554
3006553
3006552
3006551
3006550
3006549
3006548
3006547
3006546
3006545
3006544
3006543
3006542
3006541
3006540
3006539
3006538
3006537
3006536
3006535
3006534
3006533
3006532
3006531
3006530
3006529
3006528
3006527
3006526
3006525
3006524
3006523
3006522
3006521
3006520
3006519
3006518
3006517
3006516
3006515
3006514
3006513
3006512
3006511
3006510
3006509
3006508
3006507
3006506
3006505
3006504
3006503
3006502
3006501
3006500
3006499
3006498
3006497
3006496
3006495
3006494
3006493
3006492
3006491
3006490
3006489
3006488
3006487
3006486
3006485
3006484
3006483
3006482
3006481
3006480
3006479
3006478
3006477
3006476
3006475
3006474
3006473
3006472
3006471
3006470
3006469
3006468
3006467
3006466
3006465
3006464
3006463
3006462
3006461
3006460
3006459
3006458
3006457
3006456
3006455
3006454
3006453
3006452
3006451
3006450
3006449
3006448
3006447
3006446
3006445
3006444
3006443
3006442
3006441
3006440
3006439
3006438
3006437
3006436
3006435
3006434
3006433
3006432
3006431
3006430
3006429
3006428
3006427
3006426
3006425
3006424
3006423
3006422
3006421
3006420
3006419
3006418
3006417
3006416
3006415
3006414
3006413
3006412
3006411
3006410
3006409
3006408
3006407
3006406
3006405
3006404
3006403
3006402
3006401
3006400
3006399
3006398
3006397
3006396
3006395
3006394
3006393
3006392
3006391
3006390
3006389
3006388
3006387
3006386
3006385
3006384
3006383
3006382
3006381
3006380
3006379
3006378
3006377
3006376
3006375
3006374
3006373
3006372
3006371
3006370
3006369
3006368
3006367
3006366
3006365
3006364
3006363
3006362
3006361
3006360
3006359
3006358
3006357
3006356
3006355
3006354
3006353
3006352
3006351
3006350
3006349
3006348
3006347
3006346
3006345
3006344
3006343
3006342
3006341
3006340
3006339
3006338
3006337
3006336
3006335
3006334
3006333
3006332
3006331
3006330
3006329
3006328
3006327
3006326
3006325
3006324
3006323
3006322
3006321
3006320
3006319
3006318
3006317
3006316
3006315
3006314
3006313
3006312
3006311
3006310
3006309
3006308
3006307
3006306
3006305
3006304
3006303
3006302
3006301
3006300
3006299
3006298
3006297
3006296
3006295
3006294
3006293
3006292
3006291
3006290
3006289
3006288
3006287
3006286
3006285
3006284
3006283
3006282
3006281
3006280
3006279
3006278
3006277
3006276
3006275
3006274
3006273
3006272
3006271
3006270
3006269
3006268
3006267
3006266
3006265
3006264
3006263
3006262
3006261
3006260
3006259
3006258
3006257
3006256
3006255
3006254
3006253
3006252
3006251
3006250
3006249
3006248
3006247
3006246
3006245
3006244
3006243
3006242
3006241
3006240
3006239
3006238
3006237
3006236
3006235
3006234
3006233
3006232
3006231
3006230
3006229
3006228
3006227
3006226
3006225
3006224
3006223
3006222
3006221
3006220
3006219
3006218
3006217
3006216
3006215
3006214
3006213
3006212
3006211
3006210
3006209
3006208
3006207
3006206
3006205
3006204
3006203
3006202
3006201
3006200
3006199
3006198
3006197
3006196
3006195
3006194
3006193
3006192
3006191
3006190
3006189
3006188
3006187
3006186
3006185
3006184
3006183
3006182
3006181
3006180
3006179
3006178
3006177
3006176
3006175
3006174
3006173
3006172
3006171
3006170
3006169
3006168
3006167
3006166
3006165
3006164
3006163
3006162
3006161
3006160
3006159
3006158
3006157
3006156
3006155
3006154
3006153
3006152
3006151
3006150
3006149
3006148
3006147
3006146
3006145
3006144
3006143
3006142
3006141
3006140
3006139
3006138
3006137
3006136
3006135
3006134
3006133
3006132
3006131
3006130
3006129
3006128
3006127
3006126
3006125
3006124
3006123
3006122
3006121
3006120
3006119
3006118
3006117
3006116
3006115
3006114
3006113
3006112
3006111
3006110
3006109
3006108
3006107
3006106
3006105
3006104
3006103
3006102
3006101
3006100
3006099
3006098
3006097
3006096
3006095
3006094
3006093
3006092
3006091
3006090
3006089
3006088
3006087
3006086
3006085
3006084
3006083
3006082
3006081
3006080
3006079
3006078
3006077
3006076
3006075
3006074
3006073
3006072
3006071
3006070
3006069
3006068
3006067
3006066
3006065
3006064
3006063
3006062
3006061
3006060
3006059
3006058
3006057
3006056
3006055
3006054
3006053
3006052
3006051
3006050
3006049
3006048
3006047
3006046
3006045
3006044
3006043
3006042
3006041
3006040
3006039
3006038
3006037
3006036
3006035
3006034
3006033
3006032
3006031
3006030
3006029
3006028
3006027
3006026
3006025
3006024
3006023
3006022
3006021
3006020
3006019
3006018
3006017
3006016
3006015
3006014
3006013
3006012
3006011
3006010
3006009
3006008
3006007
3006006
3006005
3006004
3006003
3006002
3006001
3006000
3005999
3005998
3005997
3005996
3005995
3005994
3005993
3005992
3005991
3005990
3005989
3005988
3005987
3005986
3005985
3005984
3005983
3005982
3005981
3005980
3005979
3005978
3005977
3005976
3005975
3005974
3005973
3005972
3005971
3005970
3005969
3005968
3005967
3005966
3005965
3005964
3005963
3005962
3005961
3005960
3005959
3005958
3005957
3005956
3005955
3005954
3005953
3005952
3005951
3005950
3005949
3005948
3005947
3005946
3005945
3005944
3005943
3005942
3005941
3005940
3005939
3005938
3005937
3005936
3005935
3005934
3005933
3005932
3005931
3005930
3005929
3005928
3005927
3005926
3005925
3005924
3005923
3005922
3005921
3005920
3005919
3005918
3005917
3005916
3005915
3005914
3005913
3005912
3005911
3005910
3005909
3005908
3005907
3005906
3005905
3005904
3005903
3005902
3005901
3005900
3005899
3005898
3005897
3005896
3005895
3005894
3005893
3005892
3005891
3005890
3005889
3005888
3005887
3005886
3005885
3005884
3005883
3005882
3005881
3005880
3005879
3005878
3005877
3005876
3005875
3005874
3005873
3005872
3005871
3005870
3005869
3005868
3005867
3005866
3005865
3005864
3005863
3005862
3005861
3005860
3005859
3005858
3005857
3005856
3005855
3005854
3005853
3005852
3005851
3005850
3005849
3005848
3005847
3005846
3005845
3005844
3005843
3005842
3005841
3005840
3005839
3005838
3005837
3005836
3005835
3005834
3005833
3005832
3005831
3005830
3005829
3005828
3005827
3005826
3005825
3005824
3005823
3005822
3005821
3005820
3005819
3005818
3005817
3005816
3005815
3005814
3005813
3005812
3005811
3005810
3005809
3005808
3005807
3005806
3005805
3005804
3005803
3005802
3005801
3005800
3005799
3005798
3005797
3005796
3005795
3005794
3005793
3005792
3005791
3005790
3005789
3005788
3005787
3005786
3005785
3005784
3005783
3005782
3005781
3005780
3005779
3005778
3005777
3005776
3005775
3005774
3005773
3005772
3005771
3005770
3005769
3005768
3005767
3005766
3005765
3005764
3005763
3005762
3005761
3005760
3005759
3005758
3005757
3005756
3005755
3005754
3005753
3005752
3005751
3005750
3005749
3005748
3005747
3005746
3005745
3005744
3005743
3005742
3005741
3005740
3005739
3005738
3005737
3005736
3005735
3005734
3005733
3005732
3005731
3005730
3005729
3005728
3005727
3005726
3005725
3005724
3005723
3005722
3005721
3005720
3005719
3005718
3005717
3005716
3005715
3005714
3005713
3005712
3005711
3005710
3005709
3005708
3005707
3005706
3005705
3005704
3005703
3005702
3005701
3005700
3005699
3005698
3005697
3005696
3005695
3005694
3005693
3005692
3005691
3005690
3005689
3005688
3005687
3005686
3005685
3005684
3005683
3005682
3005681
3005680
3005679
3005678
3005677
3005676
3005675
3005674
3005673
3005672
3005671
3005670
3005669
3005668
3005667
3005666
3005665
3005664
3005663
3005662
3005661
3005660
3005659
3005658
3005657
3005656
3005655
3005654
3005653
3005652
3005651
3005650
3005649
3005648
3005647
3005646
3005645
3005644
3005643
3005642
3005641
3005640
3005639
3005638
3005637
3005636
3005635
3005634
3005633
3005632
3005631
3005630
3005629
3005628
3005627
3005626
3005625
3005624
3005623
3005622
3005621
3005620
3005619
3005618
3005617
3005616
3005615
3005614
3005613
3005612
3005611
3005610
3005609
3005608
3005607
3005606
3005605
3005604
3005603
3005602
3005601
3005600
3005599
3005598
3005597
3005596
3005595
3005594
3005593
3005592
3005591
3005590
3005589
3005588
3005587
3005586
3005585
3005584
3005583
3005582
3005581
3005580
3005579
3005578
3005577
3005576
3005575
3005574
3005573
3005572
3005571
3005570
3005569
3005568
3005567
3005566
3005565
3005564
3005563
3005562
3005561
3005560
3005559
3005558
3005557
3005556
3005555
3005554
3005553
3005552
3005551
3005550
3005549
3005548
3005547
3005546
3005545
3005544
3005543
3005542
3005541
3005540
3005539
3005538
3005537
3005536
3005535
3005534
3005533
3005532
3005531
3005530
3005529
3005528
3005527
3005526
3005525
3005524
3005523
3005522
3005521
3005520
3005519
3005518
3005517
3005516
3005515
3005514
3005513
3005512
3005511
3005510
3005509
3005508
3005507
3005506
3005505
3005504
3005503
3005502
3005501
3005500
3005499
3005498
3005497
3005496
3005495
3005494
3005493
3005492
3005491
3005490
3005489
3005488
3005487
3005486
3005485
3005484
3005483
3005482
3005481
3005480
3005479
3005478
3005477
3005476
3005475
3005474
3005473
3005472
3005471
3005470
3005469
3005468
3005467
3005466
3005465
3005464
3005463
3005462
3005461
3005460
3005459
3005458
3005457
3005456
3005455
3005454
3005453
3005452
3005451
3005450
3005449
3005448
3005447
3005446
3005445
3005444
3005443
3005442
3005441
3005440
3005439
3005438
3005437
3005436
3005435
3005434
3005433
3005432
3005431
3005430
3005429
3005428
3005427
3005426
3005425
3005424
3005423
3005422
3005421
3005420
3005419
3005418
3005417
3005416
3005415
3005414
3005413
3005412
3005411
3005410
3005409
3005408
3005407
3005406
3005405
3005404
3005403
3005402
3005401
3005400
3005399
3005398
3005397
3005396
3005395
3005394
3005393
3005392
3005391
3005390
3005389
3005388
3005387
3005386
3005385
3005384
3005383
3005382
3005381
3005380
3005379
3005378
3005377
3005376
3005375
3005374
3005373
3005372
3005371
3005370
3005369
3005368
3005367
3005366
3005365
3005364
3005363
3005362
3005361
3005360
3005359
3005358
3005357
3005356
3005355
3005354
3005353
3005352
3005351
3005350
3005349
3005348
3005347
3005346
3005345
3005344
3005343
3005342
3005341
3005340
3005339
3005338
3005337
3005336
3005335
3005334
3005333
3005332
3005331
3005330
3005329
3005328
3005327
3005326
3005325
3005324
3005323
3005322
3005321
3005320
3005319
3005318
3005317
3005316
3005315
3005314
3005313
3005312
3005311
3005310
3005309
3005308
3005307
3005306
3005305
3005304
3005303
3005302
3005301
3005300
3005299
3005298
3005297
3005296
3005295
3005294
3005293
3005292
3005291
3005290
3005289
3005288
3005287
3005286
3005285
3005284
3005283
3005282
3005281
3005280
3005279
3005278
3005277
3005276
3005275
3005274
3005273
3005272
3005271
3005270
3005269
3005268
3005267
3005266
3005265
3005264
3005263
3005262
3005261
3005260
3005259
3005258
3005257
3005256
3005255
3005254
3005253
3005252
3005251
3005250
3005249
3005248
3005247
3005246
3005245
3005244
3005243
3005242
3005241
3005240
3005239
3005238
3005237
3005236
3005235
3005234
3005233
3005232
3005231
3005230
3005229
3005228
3005227
3005226
3005225
3005224
3005223
3005222
3005221
3005220
3005219
3005218
3005217
3005216
3005215
3005214
3005213
3005212
3005211
3005210
3005209
3005208
3005207
3005206
3005205
3005204
3005203
3005202
3005201
3005200
3005199
3005198
3005197
3005196
3005195
3005194
3005193
3005192
3005191
3005190
3005189
3005188
3005187
3005186
3005185
3005184
3005183
3005182
3005181
3005180
3005179
3005178
3005177
3005176
3005175
3005174
3005173
3005172
3005171
3005170
3005169
3005168
3005167
3005166
3005165
3005164
3005163
3005162
3005161
3005160
3005159
3005158
3005157
3005156
3005155
3005154
3005153
3005152
3005151
3005150
3005149
3005148
3005147
3005146
3005145
3005144
3005143
3005142
3005141
3005140
3005139
3005138
3005137
3005136
3005135
3005134
3005133
3005132
3005131
3005130
3005129
3005128
3005127
3005126
3005125
3005124
3005123
3005122
3005121
3005120
3005119
3005118
3005117
3005116
3005115
3005114
3005113
3005112
3005111
3005110
3005109
3005108
3005107
3005106
3005105
3005104
3005103
3005102
3005101
3005100
3005099
3005098
3005097
3005096
3005095
3005094
3005093
3005092
3005091
3005090
3005089
3005088
3005087
3005086
3005085
3005084
3005083
3005082
3005081
3005080
3005079
3005078
3005077
3005076
3005075
3005074
3005073
3005072
3005071
3005070
3005069
3005068
3005067
3005066
3005065
3005064
3005063
3005062
3005061
3005060
3005059
3005058
3005057
3005056
3005055
3005054
3005053
3005052
3005051
3005050
3005049
3005048
3005047
3005046
3005045
3005044
3005043
3005042
3005041
3005040
3005039
3005038
3005037
3005036
3005035
3005034
3005033
3005032
3005031
3005030
3005029
3005028
3005027
3005026
3005025
3005024
3005023
3005022
3005021
3005020
3005019
3005018
3005017
3005016
3005015
3005014
3005013
3005012
3005011
3005010
3005009
3005008
3005007
3005006
3005005
3005004
3005003
3005002
3005001
3005000
3004999
3004998
3004997
3004996
3004995
3004994
3004993
3004992
3004991
3004990
3004989
3004988
3004987
3004986
3004985
3004984
3004983
3004982
3004981
3004980
3004979
3004978
3004977
3004976
3004975
3004974
3004973
3004972
3004971
3004970
3004969
3004968
3004967
3004966
3004965
3004964
3004963
3004962
3004961
3004960
3004959
3004958
3004957
3004956
3004955
3004954
3004953
3004952
3004951
3004950
3004949
3004948
3004947
3004946
3004945
3004944
3004943
3004942
3004941
3004940
3004939
3004938
3004937
3004936
3004935
3004934
3004933
3004932
3004931
3004930
3004929
3004928
3004927
3004926
3004925
3004924
3004923
3004922
3004921
3004920
3004919
3004918
3004917
3004916
3004915
3004914
3004913
3004912
3004911
3004910
3004909
3004908
3004907
3004906
3004905
3004904
3004903
3004902
3004901
3004900
3004899
3004898
3004897
3004896
3004895
3004894
3004893
3004892
3004891
3004890
3004889
3004888
3004887
3004886
3004885
3004884
3004883
3004882
3004881
3004880
3004879
3004878
3004877
3004876
3004875
3004874
3004873
3004872
3004871
3004870
3004869
3004868
3004867
3004866
3004865
3004864
3004863
3004862
3004861
3004860
3004859
3004858
3004857
3004856
3004855
3004854
3004853
3004852
3004851
3004850
3004849
3004848
3004847
3004846
3004845
3004844
3004843
3004842
3004841
3004840
3004839
3004838
3004837
3004836
3004835
3004834
3004833
3004832
3004831
3004830
3004829
3004828
3004827
3004826
3004825
3004824
3004823
3004822
3004821
3004820
3004819
3004818
3004817
3004816
3004815
3004814
3004813
3004812
3004811
3004810
3004809
3004808
3004807
3004806
3004805
3004804
3004803
3004802
3004801
3004800
3004799
3004798
3004797
3004796
3004795
3004794
3004793
3004792
3004791
3004790
3004789
3004788
3004787
3004786
3004785
3004784
3004783
3004782
3004781
3004780
3004779
3004778
3004777
3004776
3004775
3004774
3004773
3004772
3004771
3004770
3004769
3004768
3004767
3004766
3004765
3004764
3004763
3004762
3004761
3004760
3004759
3004758
3004757
3004756
3004755
3004754
3004753
3004752
3004751
3004750
3004749
3004748
3004747
3004746
3004745
3004744
3004743
3004742
3004741
3004740
3004739
3004738
3004737
3004736
3004735
3004734
3004733
3004732
3004731
3004730
3004729
3004728
3004727
3004726
3004725
3004724
3004723
3004722
3004721
3004720
3004719
3004718
3004717
3004716
3004715
3004714
3004713
3004712
3004711
3004710
3004709
3004708
3004707
3004706
3004705
3004704
3004703
3004702
3004701
3004700
3004699
3004698
3004697
3004696
3004695
3004694
3004693
3004692
3004691
3004690
3004689
3004688
3004687
3004686
3004685
3004684
3004683
3004682
3004681
3004680
3004679
3004678
3004677
3004676
3004675
3004674
3004673
3004672
3004671
3004670
3004669
3004668
3004667
3004666
3004665
3004664
3004663
3004662
3004661
3004660
3004659
3004658
3004657
3004656
3004655
3004654
3004653
3004652
3004651
3004650
3004649
3004648
3004647
3004646
3004645
3004644
3004643
3004642
3004641
3004640
3004639
3004638
3004637
3004636
3004635
3004634
3004633
3004632
3004631
3004630
3004629
3004628
3004627
3004626
3004625
3004624
3004623
3004622
3004621
3004620
3004619
3004618
3004617
3004616
3004615
3004614
3004613
3004612
3004611
3004610
3004609
3004608
3004607
3004606
3004605
3004604
3004603
3004602
3004601
3004600
3004599
3004598
3004597
3004596
3004595
3004594
3004593
3004592
3004591
3004590
3004589
3004588
3004587
3004586
3004585
3004584
3004583
3004582
3004581
3004580
3004579
3004578
3004577
3004576
3004575
3004574
3004573
3004572
3004571
3004570
3004569
3004568
3004567
3004566
3004565
3004564
3004563
3004562
3004561
3004560
3004559
3004558
3004557
3004556
3004555
3004554
3004553
3004552
3004551
3004550
3004549
3004548
3004547
3004546
3004545
3004544
3004543
3004542
3004541
3004540
3004539
3004538
3004537
3004536
3004535
3004534
3004533
3004532
3004531
3004530
3004529
3004528
3004527
3004526
3004525
3004524
3004523
3004522
3004521
3004520
3004519
3004518
3004517
3004516
3004515
3004514
3004513
3004512
3004511
3004510
3004509
3004508
3004507
3004506
3004505
3004504
3004503
3004502
3004501
3004500
3004499
3004498
3004497
3004496
3004495
3004494
3004493
3004492
3004491
3004490
3004489
3004488
3004487
3004486
3004485
3004484
3004483
3004482
3004481
3004480
3004479
3004478
3004477
3004476
3004475
3004474
3004473
3004472
3004471
3004470
3004469
3004468
3004467
3004466
3004465
3004464
3004463
3004462
3004461
3004460
3004459
3004458
3004457
3004456
3004455
3004454
3004453
3004452
3004451
3004450
3004449
3004448
3004447
3004446
3004445
3004444
3004443
3004442
3004441
3004440
3004439
3004438
3004437
3004436
3004435
3004434
3004433
3004432
3004431
3004430
3004429
3004428
3004427
3004426
3004425
3004424
3004423
3004422
3004421
3004420
3004419
3004418
3004417
3004416
3004415
3004414
3004413
3004412
3004411
3004410
3004409
3004408
3004407
3004406
3004405
3004404
3004403
3004402
3004401
3004400
3004399
3004398
3004397
3004396
3004395
3004394
3004393
3004392
3004391
3004390
3004389
3004388
3004387
3004386
3004385
3004384
3004383
3004382
3004381
3004380
3004379
3004378
3004377
3004376
3004375
3004374
3004373
3004372
3004371
3004370
3004369
3004368
3004367
3004366
3004365
3004364
3004363
3004362
3004361
3004360
3004359
3004358
3004357
3004356
3004355
3004354
3004353
3004352
3004351
3004350
3004349
3004348
3004347
3004346
3004345
3004344
3004343
3004342
3004341
3004340
3004339
3004338
3004337
3004336
3004335
3004334
3004333
3004332
3004331
3004330
3004329
3004328
3004327
3004326
3004325
3004324
3004323
3004322
3004321
3004320
3004319
3004318
3004317
3004316
3004315
3004314
3004313
3004312
3004311
3004310
3004309
3004308
3004307
3004306
3004305
3004304
3004303
3004302
3004301
3004300
3004299
3004298
3004297
3004296
3004295
3004294
3004293
3004292
3004291
3004290
3004289
3004288
3004287
3004286
3004285
3004284
3004283
3004282
3004281
3004280
3004279
3004278
3004277
3004276
3004275
3004274
3004273
3004272
3004271
3004270
3004269
3004268
3004267
3004266
3004265
3004264
3004263
3004262
3004261
3004260
3004259
3004258
3004257
3004256
3004255
3004254
3004253
3004252
3004251
3004250
3004249
3004248
3004247
3004246
3004245
3004244
3004243
3004242
3004241
3004240
3004239
3004238
3004237
3004236
3004235
3004234
3004233
3004232
3004231
3004230
3004229
3004228
3004227
3004226
3004225
3004224
3004223
3004222
3004221
3004220
3004219
3004218
3004217
3004216
3004215
3004214
3004213
3004212
3004211
3004210
3004209
3004208
3004207
3004206
3004205
3004204
3004203
3004202
3004201
3004200
3004199
3004198
3004197
3004196
3004195
3004194
3004193
3004192
3004191
3004190
3004189
3004188
3004187
3004186
3004185
3004184
3004183
3004182
3004181
3004180
3004179
3004178
3004177
3004176
3004175
3004174
3004173
3004172
3004171
3004170
3004169
3004168
3004167
3004166
3004165
3004164
3004163
3004162
3004161
3004160
3004159
3004158
3004157
3004156
3004155
3004154
3004153
3004152
3004151
3004150
3004149
3004148
3004147
3004146
3004145
3004144
3004143
3004142
3004141
3004140
3004139
3004138
3004137
3004136
3004135
3004134
3004133
3004132
3004131
3004130
3004129
3004128
3004127
3004126
3004125
3004124
3004123
3004122
3004121
3004120
3004119
3004118
3004117
3004116
3004115
3004114
3004113
3004112
3004111
3004110
3004109
3004108
3004107
3004106
3004105
3004104
3004103
3004102
3004101
3004100
3004099
3004098
3004097
3004096
3004095
3004094
3004093
3004092
3004091
3004090
3004089
3004088
3004087
3004086
3004085
3004084
3004083
3004082
3004081
3004080
3004079
3004078
3004077
3004076
3004075
3004074
3004073
3004072
3004071
3004070
3004069
3004068
3004067
3004066
3004065
3004064
3004063
3004062
3004061
3004060
3004059
3004058
3004057
3004056
3004055
3004054
3004053
3004052
3004051
3004050
3004049
3004048
3004047
3004046
3004045
3004044
3004043
3004042
3004041
3004040
3004039
3004038
3004037
3004036
3004035
3004034
3004033
3004032
3004031
3004030
3004029
3004028
3004027
3004026
3004025
3004024
3004023
3004022
3004021
3004020
3004019
3004018
3004017
3004016
3004015
3004014
3004013
3004012
3004011
3004010
3004009
3004008
3004007
3004006
3004005
3004004
3004003
3004002
3004001
3004000
3003999
3003998
3003997
3003996
3003995
3003994
3003993
3003992
3003991
3003990
3003989
3003988
3003987
3003986
3003985
3003984
3003983
3003982
3003981
3003980
3003979
3003978
3003977
3003976
3003975
3003974
3003973
3003972
3003971
3003970
3003969
3003968
3003967
3003966
3003965
3003964
3003963
3003962
3003961
3003960
3003959
3003958
3003957
3003956
3003955
3003954
3003953
3003952
3003951
3003950
3003949
3003948
3003947
3003946
3003945
3003944
3003943
3003942
3003941
3003940
3003939
3003938
3003937
3003936
3003935
3003934
3003933
3003932
3003931
3003930
3003929
3003928
3003927
3003926
3003925
3003924
3003923
3003922
3003921
3003920
3003919
3003918
3003917
3003916
3003915
3003914
3003913
3003912
3003911
3003910
3003909
3003908
3003907
3003906
3003905
3003904
3003903
3003902
3003901
3003900
3003899
3003898
3003897
3003896
3003895
3003894
3003893
3003892
3003891
3003890
3003889
3003888
3003887
3003886
3003885
3003884
3003883
3003882
3003881
3003880
3003879
3003878
3003877
3003876
3003875
3003874
3003873
3003872
3003871
3003870
3003869
3003868
3003867
3003866
3003865
3003864
3003863
3003862
3003861
3003860
3003859
3003858
3003857
3003856
3003855
3003854
3003853
3003852
3003851
3003850
3003849
3003848
3003847
3003846
3003845
3003844
3003843
3003842
3003841
3003840
3003839
3003838
3003837
3003836
3003835
3003834
3003833
3003832
3003831
3003830
3003829
3003828
3003827
3003826
3003825
3003824
3003823
3003822
3003821
3003820
3003819
3003818
3003817
3003816
3003815
3003814
3003813
3003812
3003811
3003810
3003809
3003808
3003807
3003806
3003805
3003804
3003803
3003802
3003801
3003800
3003799
3003798
3003797
3003796
3003795
3003794
3003793
3003792
3003791
3003790
3003789
3003788
3003787
3003786
3003785
3003784
3003783
3003782
3003781
3003780
3003779
3003778
3003777
3003776
3003775
3003774
3003773
3003772
3003771
3003770
3003769
3003768
3003767
3003766
3003765
3003764
3003763
3003762
3003761
3003760
3003759
3003758
3003757
3003756
3003755
3003754
3003753
3003752
3003751
3003750
3003749
3003748
3003747
3003746
3003745
3003744
3003743
3003742
3003741
3003740
3003739
3003738
3003737
3003736
3003735
3003734
3003733
3003732
3003731
3003730
3003729
3003728
3003727
3003726
3003725
3003724
3003723
3003722
3003721
3003720
3003719
3003718
3003717
3003716
3003715
3003714
3003713
3003712
3003711
3003710
3003709
3003708
3003707
3003706
3003705
3003704
3003703
3003702
3003701
3003700
3003699
3003698
3003697
3003696
3003695
3003694
3003693
3003692
3003691
3003690
3003689
3003688
3003687
3003686
3003685
3003684
3003683
3003682
3003681
3003680
3003679
3003678
3003677
3003676
3003675
3003674
3003673
3003672
3003671
3003670
3003669
3003668
3003667
3003666
3003665
3003664
3003663
3003662
3003661
3003660
3003659
3003658
3003657
3003656
3003655
3003654
3003653
3003652
3003651
3003650
3003649
3003648
3003647
3003646
3003645
3003644
3003643
3003642
3003641
3003640
3003639
3003638
3003637
3003636
3003635
3003634
3003633
3003632
3003631
3003630
3003629
3003628
3003627
3003626
3003625
3003624
3003623
3003622
3003621
3003620
3003619
3003618
3003617
3003616
3003615
3003614
3003613
3003612
3003611
3003610
3003609
3003608
3003607
3003606
3003605
3003604
3003603
3003602
3003601
3003600
3003599
3003598
3003597
3003596
3003595
3003594
3003593
3003592
3003591
3003590
3003589
3003588
3003587
3003586
3003585
3003584
3003583
3003582
3003581
3003580
3003579
3003578
3003577
3003576
3003575
3003574
3003573
3003572
3003571
3003570
3003569
3003568
3003567
3003566
3003565
3003564
3003563
3003562
3003561
3003560
3003559
3003558
3003557
3003556
3003555
3003554
3003553
3003552
3003551
3003550
3003549
3003548
3003547
3003546
3003545
3003544
3003543
3003542
3003541
3003540
3003539
3003538
3003537
3003536
3003535
3003534
3003533
3003532
3003531
3003530
3003529
3003528
3003527
3003526
3003525
3003524
3003523
3003522
3003521
3003520
3003519
3003518
3003517
3003516
3003515
3003514
3003513
3003512
3003511
3003510
3003509
3003508
3003507
3003506
3003505
3003504
3003503
3003502
3003501
3003500
3003499
3003498
3003497
3003496
3003495
3003494
3003493
3003492
3003491
3003490
3003489
3003488
3003487
3003486
3003485
3003484
3003483
3003482
3003481
3003480
3003479
3003478
3003477
3003476
3003475
3003474
3003473
3003472
3003471
3003470
3003469
3003468
3003467
3003466
3003465
3003464
3003463
3003462
3003461
3003460
3003459
3003458
3003457
3003456
3003455
3003454
3003453
3003452
3003451
3003450
3003449
3003448
3003447
3003446
3003445
3003444
3003443
3003442
3003441
3003440
3003439
3003438
3003437
3003436
3003435
3003434
3003433
3003432
3003431
3003430
3003429
3003428
3003427
3003426
3003425
3003424
3003423
3003422
3003421
3003420
3003419
3003418
3003417
3003416
3003415
3003414
3003413
3003412
3003411
3003410
3003409
3003408
3003407
3003406
3003405
3003404
3003403
3003402
3003401
3003400
3003399
3003398
3003397
3003396
3003395
3003394
3003393
3003392
3003391
3003390
3003389
3003388
3003387
3003386
3003385
3003384
3003383
3003382
3003381
3003380
3003379
3003378
3003377
3003376
3003375
3003374
3003373
3003372
3003371
3003370
3003369
3003368
3003367
3003366
3003365
3003364
3003363
3003362
3003361
3003360
3003359
3003358
3003357
3003356
3003355
3003354
3003353
3003352
3003351
3003350
3003349
3003348
3003347
3003346
3003345
3003344
3003343
3003342
3003341
3003340
3003339
3003338
3003337
3003336
3003335
3003334
3003333
3003332
3003331
3003330
3003329
3003328
3003327
3003326
3003325
3003324
3003323
3003322
3003321
3003320
3003319
3003318
3003317
3003316
3003315
3003314
3003313
3003312
3003311
3003310
3003309
3003308
3003307
3003306
3003305
3003304
3003303
3003302
3003301
3003300
3003299
3003298
3003297
3003296
3003295
3003294
3003293
3003292
3003291
3003290
3003289
3003288
3003287
3003286
3003285
3003284
3003283
3003282
3003281
3003280
3003279
3003278
3003277
3003276
3003275
3003274
3003273
3003272
3003271
3003270
3003269
3003268
3003267
3003266
3003265
3003264
3003263
3003262
3003261
3003260
3003259
3003258
3003257
3003256
3003255
3003254
3003253
3003252
3003251
3003250
3003249
3003248
3003247
3003246
3003245
3003244
3003243
3003242
3003241
3003240
3003239
3003238
3003237
3003236
3003235
3003234
3003233
3003232
3003231
3003230
3003229
3003228
3003227
3003226
3003225
3003224
3003223
3003222
3003221
3003220
3003219
3003218
3003217
3003216
3003215
3003214
3003213
3003212
3003211
3003210
3003209
3003208
3003207
3003206
3003205
3003204
3003203
3003202
3003201
3003200
3003199
3003198
3003197
3003196
3003195
3003194
3003193
3003192
3003191
3003190
3003189
3003188
3003187
3003186
3003185
3003184
3003183
3003182
3003181
3003180
3003179
3003178
3003177
3003176
3003175
3003174
3003173
3003172
3003171
3003170
3003169
3003168
3003167
3003166
3003165
3003164
3003163
3003162
3003161
3003160
3003159
3003158
3003157
3003156
3003155
3003154
3003153
3003152
3003151
3003150
3003149
3003148
3003147
3003146
3003145
3003144
3003143
3003142
3003141
3003140
3003139
3003138
3003137
3003136
3003135
3003134
3003133
3003132
3003131
3003130
3003129
3003128
3003127
3003126
3003125
3003124
3003123
3003122
3003121
3003120
3003119
3003118
3003117
3003116
3003115
3003114
3003113
3003112
3003111
3003110
3003109
3003108
3003107
3003106
3003105
3003104
3003103
3003102
3003101
3003100
3003099
3003098
3003097
3003096
3003095
3003094
3003093
3003092
3003091
3003090
3003089
3003088
3003087
3003086
3003085
3003084
3003083
3003082
3003081
3003080
3003079
3003078
3003077
3003076
3003075
3003074
3003073
3003072
3003071
3003070
3003069
3003068
3003067
3003066
3003065
3003064
3003063
3003062
3003061
3003060
3003059
3003058
3003057
3003056
3003055
3003054
3003053
3003052
3003051
3003050
3003049
3003048
3003047
3003046
3003045
3003044
3003043
3003042
3003041
3003040
3003039
3003038
3003037
3003036
3003035
3003034
3003033
3003032
3003031
3003030
3003029
3003028
3003027
3003026
3003025
3003024
3003023
3003022
3003021
3003020
3003019
3003018
3003017
3003016
3003015
3003014
3003013
3003012
3003011
3003010
3003009
3003008
3003007
3003006
3003005
3003004
3003003
3003002
3003001
3003000
3002999
3002998
3002997
3002996
3002995
3002994
3002993
3002992
3002991
3002990
3002989
3002988
3002987
3002986
3002985
3002984
3002983
3002982
3002981
3002980
3002979
3002978
3002977
3002976
3002975
3002974
3002973
3002972
3002971
3002970
3002969
3002968
3002967
3002966
3002965
3002964
3002963
3002962
3002961
3002960
3002959
3002958
3002957
3002956
3002955
3002954
3002953
3002952
3002951
3002950
3002949
3002948
3002947
3002946
3002945
3002944
3002943
3002942
3002941
3002940
3002939
3002938
3002937
3002936
3002935
3002934
3002933
3002932
3002931
3002930
3002929
3002928
3002927
3002926
3002925
3002924
3002923
3002922
3002921
3002920
3002919
3002918
3002917
3002916
3002915
3002914
3002913
3002912
3002911
3002910
3002909
3002908
3002907
3002906
3002905
3002904
3002903
3002902
3002901
3002900
3002899
3002898
3002897
3002896
3002895
3002894
3002893
3002892
3002891
3002890
3002889
3002888
3002887
3002886
3002885
3002884
3002883
3002882
3002881
3002880
3002879
3002878
3002877
3002876
3002875
3002874
3002873
3002872
3002871
3002870
3002869
3002868
3002867
3002866
3002865
3002864
3002863
3002862
3002861
3002860
3002859
3002858
3002857
3002856
3002855
3002854
3002853
3002852
3002851
3002850
3002849
3002848
3002847
3002846
3002845
3002844
3002843
3002842
3002841
3002840
3002839
3002838
3002837
3002836
3002835
3002834
3002833
3002832
3002831
3002830
3002829
3002828
3002827
3002826
3002825
3002824
3002823
3002822
3002821
3002820
3002819
3002818
3002817
3002816
3002815
3002814
3002813
3002812
3002811
3002810
3002809
3002808
3002807
3002806
3002805
3002804
3002803
3002802
3002801
3002800
3002799
3002798
3002797
3002796
3002795
3002794
3002793
3002792
3002791
3002790
3002789
3002788
3002787
3002786
3002785
3002784
3002783
3002782
3002781
3002780
3002779
3002778
3002777
3002776
3002775
3002774
3002773
3002772
3002771
3002770
3002769
3002768
3002767
3002766
3002765
3002764
3002763
3002762
3002761
3002760
3002759
3002758
3002757
3002756
3002755
3002754
3002753
3002752
3002751
3002750
3002749
3002748
3002747
3002746
3002745
3002744
3002743
3002742
3002741
3002740
3002739
3002738
3002737
3002736
3002735
3002734
3002733
3002732
3002731
3002730
3002729
3002728
3002727
3002726
3002725
3002724
3002723
3002722
3002721
3002720
3002719
3002718
3002717
3002716
3002715
3002714
3002713
3002712
3002711
3002710
3002709
3002708
3002707
3002706
3002705
3002704
3002703
3002702
3002701
3002700
3002699
3002698
3002697
3002696
3002695
3002694
3002693
3002692
3002691
3002690
3002689
3002688
3002687
3002686
3002685
3002684
3002683
3002682
3002681
3002680
3002679
3002678
3002677
3002676
3002675
3002674
3002673
3002672
3002671
3002670
3002669
3002668
3002667
3002666
3002665
3002664
3002663
3002662
3002661
3002660
3002659
3002658
3002657
3002656
3002655
3002654
3002653
3002652
3002651
3002650
3002649
3002648
3002647
3002646
3002645
3002644
3002643
3002642
3002641
3002640
3002639
3002638
3002637
3002636
3002635
3002634
3002633
3002632
3002631
3002630
3002629
3002628
3002627
3002626
3002625
3002624
3002623
3002622
3002621
3002620
3002619
3002618
3002617
3002616
3002615
3002614
3002613
3002612
3002611
3002610
3002609
3002608
3002607
3002606
3002605
3002604
3002603
3002602
3002601
3002600
3002599
3002598
3002597
3002596
3002595
3002594
3002593
3002592
3002591
3002590
3002589
3002588
3002587
3002586
3002585
3002584
3002583
3002582
3002581
3002580
3002579
3002578
3002577
3002576
3002575
3002574
3002573
3002572
3002571
3002570
3002569
3002568
3002567
3002566
3002565
3002564
3002563
3002562
3002561
3002560
3002559
3002558
3002557
3002556
3002555
3002554
3002553
3002552
3002551
3002550
3002549
3002548
3002547
3002546
3002545
3002544
3002543
3002542
3002541
3002540
3002539
3002538
3002537
3002536
3002535
3002534
3002533
3002532
3002531
3002530
3002529
3002528
3002527
3002526
3002525
3002524
3002523
3002522
3002521
3002520
3002519
3002518
3002517
3002516
3002515
3002514
3002513
3002512
3002511
3002510
3002509
3002508
3002507
3002506
3002505
3002504
3002503
3002502
3002501
3002500
3002499
3002498
3002497
3002496
3002495
3002494
3002493
3002492
3002491
3002490
3002489
3002488
3002487
3002486
3002485
3002484
3002483
3002482
3002481
3002480
3002479
3002478
3002477
3002476
3002475
3002474
3002473
3002472
3002471
3002470
3002469
3002468
3002467
3002466
3002465
3002464
3002463
3002462
3002461
3002460
3002459
3002458
3002457
3002456
3002455
3002454
3002453
3002452
3002451
3002450
3002449
3002448
3002447
3002446
3002445
3002444
3002443
3002442
3002441
3002440
3002439
3002438
3002437
3002436
3002435
3002434
3002433
3002432
3002431
3002430
3002429
3002428
3002427
3002426
3002425
3002424
3002423
3002422
3002421
3002420
3002419
3002418
3002417
3002416
3002415
3002414
3002413
3002412
3002411
3002410
3002409
3002408
3002407
3002406
3002405
3002404
3002403
3002402
3002401
3002400
3002399
3002398
3002397
3002396
3002395
3002394
3002393
3002392
3002391
3002390
3002389
3002388
3002387
3002386
3002385
3002384
3002383
3002382
3002381
3002380
3002379
3002378
3002377
3002376
3002375
3002374
3002373
3002372
3002371
3002370
3002369
3002368
3002367
3002366
3002365
3002364
3002363
3002362
3002361
3002360
3002359
3002358
3002357
3002356
3002355
3002354
3002353
3002352
3002351
3002350
3002349
3002348
3002347
3002346
3002345
3002344
3002343
3002342
3002341
3002340
3002339
3002338
3002337
3002336
3002335
3002334
3002333
3002332
3002331
3002330
3002329
3002328
3002327
3002326
3002325
3002324
3002323
3002322
3002321
3002320
3002319
3002318
3002317
3002316
3002315
3002314
3002313
3002312
3002311
3002310
3002309
3002308
3002307
3002306
3002305
3002304
3002303
3002302
3002301
3002300
3002299
3002298
3002297
3002296
3002295
3002294
3002293
3002292
3002291
3002290
3002289
3002288
3002287
3002286
3002285
3002284
3002283
3002282
3002281
3002280
3002279
3002278
3002277
3002276
3002275
3002274
3002273
3002272
3002271
3002270
3002269
3002268
3002267
3002266
3002265
3002264
3002263
3002262
3002261
3002260
3002259
3002258
3002257
3002256
3002255
3002254
3002253
3002252
3002251
3002250
3002249
3002248
3002247
3002246
3002245
3002244
3002243
3002242
3002241
3002240
3002239
3002238
3002237
3002236
3002235
3002234
3002233
3002232
3002231
3002230
3002229
3002228
3002227
3002226
3002225
3002224
3002223
3002222
3002221
3002220
3002219
3002218
3002217
3002216
3002215
3002214
3002213
3002212
3002211
3002210
3002209
3002208
3002207
3002206
3002205
3002204
3002203
3002202
3002201
3002200
3002199
3002198
3002197
3002196
3002195
3002194
3002193
3002192
3002191
3002190
3002189
3002188
3002187
3002186
3002185
3002184
3002183
3002182
3002181
3002180
3002179
3002178
3002177
3002176
3002175
3002174
3002173
3002172
3002171
3002170
3002169
3002168
3002167
3002166
3002165
3002164
3002163
3002162
3002161
3002160
3002159
3002158
3002157
3002156
3002155
3002154
3002153
3002152
3002151
3002150
3002149
3002148
3002147
3002146
3002145
3002144
3002143
3002142
3002141
3002140
3002139
3002138
3002137
3002136
3002135
3002134
3002133
3002132
3002131
3002130
3002129
3002128
3002127
3002126
3002125
3002124
3002123
3002122
3002121
3002120
3002119
3002118
3002117
3002116
3002115
3002114
3002113
3002112
3002111
3002110
3002109
3002108
3002107
3002106
3002105
3002104
3002103
3002102
3002101
3002100
3002099
3002098
3002097
3002096
3002095
3002094
3002093
3002092
3002091
3002090
3002089
3002088
3002087
3002086
3002085
3002084
3002083
3002082
3002081
3002080
3002079
3002078
3002077
3002076
3002075
3002074
3002073
3002072
3002071
3002070
3002069
3002068
3002067
3002066
3002065
3002064
3002063
3002062
3002061
3002060
3002059
3002058
3002057
3002056
3002055
3002054
3002053
3002052
3002051
3002050
3002049
3002048
3002047
3002046
3002045
3002044
3002043
3002042
3002041
3002040
3002039
3002038
3002037
3002036
3002035
3002034
3002033
3002032
3002031
3002030
3002029
3002028
3002027
3002026
3002025
3002024
3002023
3002022
3002021
3002020
3002019
3002018
3002017
3002016
3002015
3002014
3002013
3002012
3002011
3002010
3002009
3002008
3002007
3002006
3002005
3002004
3002003
3002002
3002001
3002000
3001999
3001998
3001997
3001996
3001995
3001994
3001993
3001992
3001991
3001990
3001989
3001988
3001987
3001986
3001985
3001984
3001983
3001982
3001981
3001980
3001979
3001978
3001977
3001976
3001975
3001974
3001973
3001972
3001971
3001970
3001969
3001968
3001967
3001966
3001965
3001964
3001963
3001962
3001961
3001960
3001959
3001958
3001957
3001956
3001955
3001954
3001953
3001952
3001951
3001950
3001949
3001948
3001947
3001946
3001945
3001944
3001943
3001942
3001941
3001940
3001939
3001938
3001937
3001936
3001935
3001934
3001933
3001932
3001931
3001930
3001929
3001928
3001927
3001926
3001925
3001924
3001923
3001922
3001921
3001920
3001919
3001918
3001917
3001916
3001915
3001914
3001913
3001912
3001911
3001910
3001909
3001908
3001907
3001906
3001905
3001904
3001903
3001902
3001901
3001900
3001899
3001898
3001897
3001896
3001895
3001894
3001893
3001892
3001891
3001890
3001889
3001888
3001887
3001886
3001885
3001884
3001883
3001882
3001881
3001880
3001879
3001878
3001877
3001876
3001875
3001874
3001873
3001872
3001871
3001870
3001869
3001868
3001867
3001866
3001865
3001864
3001863
3001862
3001861
3001860
3001859
3001858
3001857
3001856
3001855
3001854
3001853
3001852
3001851
3001850
3001849
3001848
3001847
3001846
3001845
3001844
3001843
3001842
3001841
3001840
3001839
3001838
3001837
3001836
3001835
3001834
3001833
3001832
3001831
3001830
3001829
3001828
3001827
3001826
3001825
3001824
3001823
3001822
3001821
3001820
3001819
3001818
3001817
3001816
3001815
3001814
3001813
3001812
3001811
3001810
3001809
3001808
3001807
3001806
3001805
3001804
3001803
3001802
3001801
3001800
3001799
3001798
3001797
3001796
3001795
3001794
3001793
3001792
3001791
3001790
3001789
3001788
3001787
3001786
3001785
3001784
3001783
3001782
3001781
3001780
3001779
3001778
3001777
3001776
3001775
3001774
3001773
3001772
3001771
3001770
3001769
3001768
3001767
3001766
3001765
3001764
3001763
3001762
3001761
3001760
3001759
3001758
3001757
3001756
3001755
3001754
3001753
3001752
3001751
3001750
3001749
3001748
3001747
3001746
3001745
3001744
3001743
3001742
3001741
3001740
3001739
3001738
3001737
3001736
3001735
3001734
3001733
3001732
3001731
3001730
3001729
3001728
3001727
3001726
3001725
3001724
3001723
3001722
3001721
3001720
3001719
3001718
3001717
3001716
3001715
3001714
3001713
3001712
3001711
3001710
3001709
3001708
3001707
3001706
3001705
3001704
3001703
3001702
3001701
3001700
3001699
3001698
3001697
3001696
3001695
3001694
3001693
3001692
3001691
3001690
3001689
3001688
3001687
3001686
3001685
3001684
3001683
3001682
3001681
3001680
3001679
3001678
3001677
3001676
3001675
3001674
3001673
3001672
3001671
3001670
3001669
3001668
3001667
3001666
3001665
3001664
3001663
3001662
3001661
3001660
3001659
3001658
3001657
3001656
3001655
3001654
3001653
3001652
3001651
3001650
3001649
3001648
3001647
3001646
3001645
3001644
3001643
3001642
3001641
3001640
3001639
3001638
3001637
3001636
3001635
3001634
3001633
3001632
3001631
3001630
3001629
3001628
3001627
3001626
3001625
3001624
3001623
3001622
3001621
3001620
3001619
3001618
3001617
3001616
3001615
3001614
3001613
3001612
3001611
3001610
3001609
3001608
3001607
3001606
3001605
3001604
3001603
3001602
3001601
3001600
3001599
3001598
3001597
3001596
3001595
3001594
3001593
3001592
3001591
3001590
3001589
3001588
3001587
3001586
3001585
3001584
3001583
3001582
3001581
3001580
3001579
3001578
3001577
3001576
3001575
3001574
3001573
3001572
3001571
3001570
3001569
3001568
3001567
3001566
3001565
3001564
3001563
3001562
3001561
3001560
3001559
3001558
3001557
3001556
3001555
3001554
3001553
3001552
3001551
3001550
3001549
3001548
3001547
3001546
3001545
3001544
3001543
3001542
3001541
3001540
3001539
3001538
3001537
3001536
3001535
3001534
3001533
3001532
3001531
3001530
3001529
3001528
3001527
3001526
3001525
3001524
3001523
3001522
3001521
3001520
3001519
3001518
3001517
3001516
3001515
3001514
3001513
3001512
3001511
3001510
3001509
3001508
3001507
3001506
3001505
3001504
3001503
3001502
3001501
3001500
3001499
3001498
3001497
3001496
3001495
3001494
3001493
3001492
3001491
3001490
3001489
3001488
3001487
3001486
3001485
3001484
3001483
3001482
3001481
3001480
3001479
3001478
3001477
3001476
3001475
3001474
3001473
3001472
3001471
3001470
3001469
3001468
3001467
3001466
3001465
3001464
3001463
3001462
3001461
3001460
3001459
3001458
3001457
3001456
3001455
3001454
3001453
3001452
3001451
3001450
3001449
3001448
3001447
3001446
3001445
3001444
3001443
3001442
3001441
3001440
3001439
3001438
3001437
3001436
3001435
3001434
3001433
3001432
3001431
3001430
3001429
3001428
3001427
3001426
3001425
3001424
3001423
3001422
3001421
3001420
3001419
3001418
3001417
3001416
3001415
3001414
3001413
3001412
3001411
3001410
3001409
3001408
3001407
3001406
3001405
3001404
3001403
3001402
3001401
3001400
3001399
3001398
3001397
3001396
3001395
3001394
3001393
3001392
3001391
3001390
3001389
3001388
3001387
3001386
3001385
3001384
3001383
3001382
3001381
3001380
3001379
3001378
3001377
3001376
3001375
3001374
3001373
3001372
3001371
3001370
3001369
3001368
3001367
3001366
3001365
3001364
3001363
3001362
3001361
3001360
3001359
3001358
3001357
3001356
3001355
3001354
3001353
3001352
3001351
3001350
3001349
3001348
3001347
3001346
3001345
3001344
3001343
3001342
3001341
3001340
3001339
3001338
3001337
3001336
3001335
3001334
3001333
3001332
3001331
3001330
3001329
3001328
3001327
3001326
3001325
3001324
3001323
3001322
3001321
3001320
3001319
3001318
3001317
3001316
3001315
3001314
3001313
3001312
3001311
3001310
3001309
3001308
3001307
3001306
3001305
3001304
3001303
3001302
3001301
3001300
3001299
3001298
3001297
3001296
3001295
3001294
3001293
3001292
3001291
3001290
3001289
3001288
3001287
3001286
3001285
3001284
3001283
3001282
3001281
3001280
3001279
3001278
3001277
3001276
3001275
3001274
3001273
3001272
3001271
3001270
3001269
3001268
3001267
3001266
3001265
3001264
3001263
3001262
3001261
3001260
3001259
3001258
3001257
3001256
3001255
3001254
3001253
3001252
3001251
3001250
3001249
3001248
3001247
3001246
3001245
3001244
3001243
3001242
3001241
3001240
3001239
3001238
3001237
3001236
3001235
3001234
3001233
3001232
3001231
3001230
3001229
3001228
3001227
3001226
3001225
3001224
3001223
3001222
3001221
3001220
3001219
3001218
3001217
3001216
3001215
3001214
3001213
3001212
3001211
3001210
3001209
3001208
3001207
3001206
3001205
3001204
3001203
3001202
3001201
3001200
3001199
3001198
3001197
3001196
3001195
3001194
3001193
3001192
3001191
3001190
3001189
3001188
3001187
3001186
3001185
3001184
3001183
3001182
3001181
3001180
3001179
3001178
3001177
3001176
3001175
3001174
3001173
3001172
3001171
3001170
3001169
3001168
3001167
3001166
3001165
3001164
3001163
3001162
3001161
3001160
3001159
3001158
3001157
3001156
3001155
3001154
3001153
3001152
3001151
3001150
3001149
3001148
3001147
3001146
3001145
3001144
3001143
3001142
3001141
3001140
3001139
3001138
3001137
3001136
3001135
3001134
3001133
3001132
3001131
3001130
3001129
3001128
3001127
3001126
3001125
3001124
3001123
3001122
3001121
3001120
3001119
3001118
3001117
3001116
3001115
3001114
3001113
3001112
3001111
3001110
3001109
3001108
3001107
3001106
3001105
3001104
3001103
3001102
3001101
3001100
3001099
3001098
3001097
3001096
3001095
3001094
3001093
3001092
3001091
3001090
3001089
3001088
3001087
3001086
3001085
3001084
3001083
3001082
3001081
3001080
3001079
3001078
3001077
3001076
3001075
3001074
3001073
3001072
3001071
3001070
3001069
3001068
3001067
3001066
3001065
3001064
3001063
3001062
3001061
3001060
3001059
3001058
3001057
3001056
3001055
3001054
3001053
3001052
3001051
3001050
3001049
3001048
3001047
3001046
3001045
3001044
3001043
3001042
3001041
3001040
3001039
3001038
3001037
3001036
3001035
3001034
3001033
3001032
3001031
3001030
3001029
3001028
3001027
3001026
3001025
3001024
3001023
3001022
3001021
3001020
3001019
3001018
3001017
3001016
3001015
3001014
3001013
3001012
3001011
3001010
3001009
3001008
3001007
3001006
3001005
3001004
3001003
3001002
3001001
3001000
3000999
3000998
3000997
3000996
3000995
3000994
3000993
3000992
3000991
3000990
3000989
3000988
3000987
3000986
3000985
3000984
3000983
3000982
3000981
3000980
3000979
3000978
3000977
3000976
3000975
3000974
3000973
3000972
3000971
3000970
3000969
3000968
3000967
3000966
3000965
3000964
3000963
3000962
3000961
3000960
3000959
3000958
3000957
3000956
3000955
3000954
3000953
3000952
3000951
3000950
3000949
3000948
3000947
3000946
3000945
3000944
3000943
3000942
3000941
3000940
3000939
3000938
3000937
3000936
3000935
3000934
3000933
3000932
3000931
3000930
3000929
3000928
3000927
3000926
3000925
3000924
3000923
3000922
3000921
3000920
3000919
3000918
3000917
3000916
3000915
3000914
3000913
3000912
3000911
3000910
3000909
3000908
3000907
3000906
3000905
3000904
3000903
3000902
3000901
3000900
3000899
3000898
3000897
3000896
3000895
3000894
3000893
3000892
3000891
3000890
3000889
3000888
3000887
3000886
3000885
3000884
3000883
3000882
3000881
3000880
3000879
3000878
3000877
3000876
3000875
3000874
3000873
3000872
3000871
3000870
3000869
3000868
3000867
3000866
3000865
3000864
3000863
3000862
3000861
3000860
3000859
3000858
3000857
3000856
3000855
3000854
3000853
3000852
3000851
3000850
3000849
3000848
3000847
3000846
3000845
3000844
3000843
3000842
3000841
3000840
3000839
3000838
3000837
3000836
3000835
3000834
3000833
3000832
3000831
3000830
3000829
3000828
3000827
3000826
3000825
3000824
3000823
3000822
3000821
3000820
3000819
3000818
3000817
3000816
3000815
3000814
3000813
3000812
3000811
3000810
3000809
3000808
3000807
3000806
3000805
3000804
3000803
3000802
3000801
3000800
3000799
3000798
3000797
3000796
3000795
3000794
3000793
3000792
3000791
3000790
3000789
3000788
3000787
3000786
3000785
3000784
3000783
3000782
3000781
3000780
3000779
3000778
3000777
3000776
3000775
3000774
3000773
3000772
3000771
3000770
3000769
3000768
3000767
3000766
3000765
3000764
3000763
3000762
3000761
3000760
3000759
3000758
3000757
3000756
3000755
3000754
3000753
3000752
3000751
3000750
3000749
3000748
3000747
3000746
3000745
3000744
3000743
3000742
3000741
3000740
3000739
3000738
3000737
3000736
3000735
3000734
3000733
3000732
3000731
3000730
3000729
3000728
3000727
3000726
3000725
3000724
3000723
3000722
3000721
3000720
3000719
3000718
3000717
3000716
3000715
3000714
3000713
3000712
3000711
3000710
3000709
3000708
3000707
3000706
3000705
3000704
3000703
3000702
3000701
3000700
3000699
3000698
3000697
3000696
3000695
3000694
3000693
3000692
3000691
3000690
3000689
3000688
3000687
3000686
3000685
3000684
3000683
3000682
3000681
3000680
3000679
3000678
3000677
3000676
3000675
3000674
3000673
3000672
3000671
3000670
3000669
3000668
3000667
3000666
3000665
3000664
3000663
3000662
3000661
3000660
3000659
3000658
3000657
3000656
3000655
3000654
3000653
3000652
3000651
3000650
3000649
3000648
3000647
3000646
3000645
3000644
3000643
3000642
3000641
3000640
3000639
3000638
3000637
3000636
3000635
3000634
3000633
3000632
3000631
3000630
3000629
3000628
3000627
3000626
3000625
3000624
3000623
3000622
3000621
3000620
3000619
3000618
3000617
3000616
3000615
3000614
3000613
3000612
3000611
3000610
3000609
3000608
3000607
3000606
3000605
3000604
3000603
3000602
3000601
3000600
3000599
3000598
3000597
3000596
3000595
3000594
3000593
3000592
3000591
3000590
3000589
3000588
3000587
3000586
3000585
3000584
3000583
3000582
3000581
3000580
3000579
3000578
3000577
3000576
3000575
3000574
3000573
3000572
3000571
3000570
3000569
3000568
3000567
3000566
3000565
3000564
3000563
3000562
3000561
3000560
3000559
3000558
3000557
3000556
3000555
3000554
3000553
3000552
3000551
3000550
3000549
3000548
3000547
3000546
3000545
3000544
3000543
3000542
3000541
3000540
3000539
3000538
3000537
3000536
3000535
3000534
3000533
3000532
3000531
3000530
3000529
3000528
3000527
3000526
3000525
3000524
3000523
3000522
3000521
3000520
3000519
3000518
3000517
3000516
3000515
3000514
3000513
3000512
3000511
3000510
3000509
3000508
3000507
3000506
3000505
3000504
3000503
3000502
3000501
3000500
3000499
3000498
3000497
3000496
3000495
3000494
3000493
3000492
3000491
3000490
3000489
3000488
3000487
3000486
3000485
3000484
3000483
3000482
3000481
3000480
3000479
3000478
3000477
3000476
3000475
3000474
3000473
3000472
3000471
3000470
3000469
3000468
3000467
3000466
3000465
3000464
3000463
3000462
3000461
3000460
3000459
3000458
3000457
3000456
3000455
3000454
3000453
3000452
3000451
3000450
3000449
3000448
3000447
3000446
3000445
3000444
3000443
3000442
3000441
3000440
3000439
3000438
3000437
3000436
3000435
3000434
3000433
3000432
3000431
3000430
3000429
3000428
3000427
3000426
3000425
3000424
3000423
3000422
3000421
3000420
3000419
3000418
3000417
3000416
3000415
3000414
3000413
3000412
3000411
3000410
3000409
3000408
3000407
3000406
3000405
3000404
3000403
3000402
3000401
3000400
3000399
3000398
3000397
3000396
3000395
3000394
3000393
3000392
3000391
3000390
3000389
3000388
3000387
3000386
3000385
3000384
3000383
3000382
3000381
3000380
3000379
3000378
3000377
3000376
3000375
3000374
3000373
3000372
3000371
3000370
3000369
3000368
3000367
3000366
3000365
3000364
3000363
3000362
3000361
3000360
3000359
3000358
3000357
3000356
3000355
3000354
3000353
3000352
3000351
3000350
3000349
3000348
3000347
3000346
3000345
3000344
3000343
3000342
3000341
3000340
3000339
3000338
3000337
3000336
3000335
3000334
3000333
3000332
3000331
3000330
3000329
3000328
3000327
3000326
3000325
3000324
3000323
3000322
3000321
3000320
3000319
3000318
3000317
3000316
3000315
3000314
3000313
3000312
3000311
3000310
3000309
3000308
3000307
3000306
3000305
3000304
3000303
3000302
3000301
3000300
3000299
3000298
3000297
3000296
3000295
3000294
3000293
3000292
3000291
3000290
3000289
3000288
3000287
3000286
3000285
3000284
3000283
3000282
3000281
3000280
3000279
3000278
3000277
3000276
3000275
3000274
3000273
3000272
3000271
3000270
3000269
3000268
3000267
3000266
3000265
3000264
3000263
3000262
3000261
3000260
3000259
3000258
3000257
3000256
3000255
3000254
3000253
3000252
3000251
3000250
3000249
3000248
3000247
3000246
3000245
3000244
3000243
3000242
3000241
3000240
3000239
3000238
3000237
3000236
3000235
3000234
3000233
3000232
3000231
3000230
3000229
3000228
3000227
3000226
3000225
3000224
3000223
3000222
3000221
3000220
3000219
3000218
3000217
3000216
3000215
3000214
3000213
3000212
3000211
3000210
3000209
3000208
3000207
3000206
3000205
3000204
3000203
3000202
3000201
3000200
3000199
3000198
3000197
3000196
3000195
3000194
3000193
3000192
3000191
3000190
3000189
3000188
3000187
3000186
3000185
3000184
3000183
3000182
3000181
3000180
3000179
3000178
3000177
3000176
3000175
3000174
3000173
3000172
3000171
3000170
3000169
3000168
3000167
3000166
3000165
3000164
3000163
3000162
3000161
3000160
3000159
3000158
3000157
3000156
3000155
3000154
3000153
3000152
3000151
3000150
3000149
3000148
3000147
3000146
3000145
3000144
3000143
3000142
3000141
3000140
3000139
3000138
3000137
3000136
3000135
3000134
3000133
3000132
3000131
3000130
3000129
3000128
3000127
3000126
3000125
3000124
3000123
3000122
3000121
3000120
3000119
3000118
3000117
3000116
3000115
3000114
3000113
3000112
3000111
3000110
3000109
3000108
3000107
3000106
3000105
3000104
3000103
3000102
3000101
3000100
3000099
3000098
3000097
3000096
3000095
3000094
3000093
3000092
3000091
3000090
3000089
3000088
3000087
3000086
3000085
3000084
3000083
3000082
3000081
3000080
3000079
3000078
3000077
3000076
3000075
3000074
3000073
3000072
3000071
3000070
3000069
3000068
3000067
3000066
3000065
3000064
3000063
3000062
3000061
3000060
3000059
3000058
3000057
3000056
3000055
3000054
3000053
3000052
3000051
3000050
3000049
3000048
3000047
3000046
3000045
3000044
3000043
3000042
3000041
3000040
3000039
3000038
3000037
3000036
3000035
3000034
3000033
3000032
3000031
3000030
3000029
3000028
3000027
3000026
3000025
3000024
3000023
3000022
3000021
3000020
3000019
3000018
3000017
3000016
3000015
3000014
3000013
3000012
3000011
3000010
3000009
3000008
3000007
3000006
3000005
3000004
3000003
3000002
3000001
3000000
