100
9000099
9000098
9000097
9000096
9000095
9000094
9000093
9000092
9000091
9000090
9000089
9000088
9000087
9000086
9000085
9000084
9000083
9000082
9000081
9000080
9000079
9000078
9000077
9000076
9000075
9000074
9000073
9000072
9000071
9000070
9000069
9000068
9000067
9000066
9000065
9000064
9000063
9000062
9000061
9000060
9000059
9000058
9000057
9000056
9000055
9000054
9000053
9000052
9000051
9000050
9000049
9000048
9000047
9000046
9000045
9000044
9000043
9000042
9000041
9000040
9000039
9000038
9000037
9000036
9000035
9000034
9000033
9000032
9000031
9000030
9000029
9000028
9000027
9000026
9000025
9000024
9000023
9000022
9000021
9000020
9000019
9000018
9000017
9000016
9000015
9000014
9000013
9000012
9000011
9000010
9000009
9000008
9000007
9000006
9000005
9000004
9000003
9000002
9000001
9000000
