100
6263509
9230033
5638931
1567673
8171238
3629006
9085548
5975810
1372786
4893806
1643900
6855204
1572714
8266339
3633770
9053076
2261462
4251633
7514993
5612207
1263001
2252696
9354167
1705073
9777212
5400903
3473623
1891898
1591407
4945219
6428083
3308599
2267556
4756280
6413965
7642462
7927646
7200199
6882119
4258348
9963746
3679554
4308368
3031666
6810803
5760283
3729010
8383661
1634059
4563348
7933865
3414661
4707800
4054155
5052918
7302057
1255725
6182093
4924932
2086025
4812018
8089701
6569586
9497100
1375566
8211532
4697034
3906980
8161795
4599579
1905968
1638895
9518882
7296279
6999573
1314167
9228095
3896117
6122806
9998444
7985056
2160287
7488560
2377985
2929113
3280838
8879614
1118733
2055323
4400664
2934446
5623091
7873758
7015940
1916520
7576580
7897643
8396964
9993664
1191235
