1000
9567598
6004457
7421285
1076370
8899755
3747597
2655267
3493695
5085678
7542354
4382513
7147655
7521917
8478487
3481084
1217557
8589769
3832817
2512021
1891107
3923028
9884459
2449032
9303882
8086600
5958831
2173477
5707565
8042010
6804718
5258741
6958551
7456384
2888910
9922142
8995802
1592689
7024394
9004978
1611730
6599051
7195534
3130548
5369433
6427722
6173666
8003484
8123293
4389639
3255255
7315412
3878175
1767237
7464584
7712836
7722965
9862019
8320868
4805738
1480643
4354726
4542386
1277541
1177333
9508575
3215003
1648082
2080945
5800636
6041894
2578863
1377019
8811026
5440048
3694153
8195833
6630459
9472644
9204041
8476112
6268764
2844610
2083035
8563414
5433673
4501162
7291137
5731002
4821260
2062323
2674212
6389105
2255635
4423055
3082612
2158235
7829665
7920738
1112682
1379998
3242639
2400179
2961139
8945074
7233947
6381554
5449703
9481164
4931537
2966219
9276130
7059543
3956377
5055930
2705873
4114128
8539456
3852056
6723209
7944880
8409555
5496981
3146300
2258216
8825840
9680695
2898468
8534313
4929926
5907210
8274333
4715994
4737896
9284664
4872597
4698926
4250702
2699963
1523390
2859109
4152060
1599601
1938327
3514633
6748557
5776056
2748031
6778612
1027634
1796538
6839523
5210240
7715983
8831115
6573057
6295536
8400911
8736520
4476517
8025070
2730712
2585235
9309315
1762564
1586537
3302245
6560693
8643519
5652490
1737211
7726599
3273641
2143060
8436405
6279713
1711343
7419394
9168314
6229196
7349067
7099183
1197288
5608823
8768866
1468865
9082091
4756355
5179224
8572342
1063780
4705742
8118227
1023149
9096957
1610796
6198941
6350384
1341618
9408924
3253551
3105056
7879026
4616993
5442107
3007192
9660118
5450871
1451152
9315590
4894130
5915712
6929988
5977238
4575394
1294590
6020293
1570601
9233463
2711491
7440041
4493790
2558970
5304095
3159183
7775679
6859240
1016529
2016653
1685654
1249959
7329521
5928628
5215688
3709624
1433428
5935913
4175882
1575406
4436121
4694917
3491322
1818342
7255043
4935472
2143633
7035048
8528039
8596274
8799903
9773645
8669576
7916578
2804607
5699922
9290728
6490859
5828820
5719740
4352385
7288131
9663794
3690316
5370916
4227110
2464522
4620781
4866577
2328067
2033176
7374804
5356751
7327550
3339918
7077656
7145238
3558214
5100894
3568386
1471890
2289008
1337795
5925007
3543610
1224492
7935304
4089876
3047602
3080318
1197869
9334905
5889125
2629568
4989646
1681378
4412117
7408806
3738701
5667761
1354767
9581178
4292819
6831792
4627322
2704106
8730178
7310031
3232464
5072207
4680942
3751417
7954832
4819143
5778308
6881244
2532714
9059574
8343091
2677016
4790876
6361145
5770433
6559439
1348859
4201523
7549976
7893239
4399797
1653971
1567451
8947389
1018910
8358150
6152715
1845186
9728897
3567625
6874518
3357146
4845313
1059347
6899929
4046323
8570824
9298313
8585092
5106003
9445127
8895377
3509870
5841094
5568214
6157835
2843434
9754071
5433821
2474157
3328786
6118636
4874899
8075079
3118306
1290975
6194807
9938254
6605231
3429514
8276973
6357365
7618593
1330011
2295658
1112521
1637630
9808161
9046562
5837364
2398569
7567798
6377209
8282357
8167938
9772342
1028785
7755405
9888334
3784783
8527363
4233461
7031929
5965946
5214104
7714351
4735811
6266624
5433609
1146595
1899897
2489641
8183852
1442028
7523676
7846889
3575794
2439057
6726287
8738396
3407479
3174056
1728708
4432092
4337673
3085265
2615287
6014096
7883955
6373015
1481910
2480120
1534955
1806724
1152728
3465719
3858363
8538157
3634126
4179233
4504588
9118340
1842167
5280373
2960041
7118534
8483815
3488068
3660905
3024277
3558298
7894130
2277974
6507670
7033788
4910909
8853350
7944221
2867604
4304101
5677903
2153576
5142250
9178651
8736423
3064138
1213966
6234149
6383060
6443617
4207186
2603184
6622673
3766026
1730658
9178391
3488313
1608788
6339370
4577860
5743456
2626171
1549760
7450877
7647719
7197934
9104171
2639529
6364192
5043642
6269971
7425971
7321234
3632449
7960218
9719662
6698479
1961422
1525282
1009066
7428387
9788066
5718473
4316423
3220839
9082253
3651218
2912551
6174646
4834605
3035245
5704601
3696638
2855723
8371696
3705556
5574891
8532487
7445223
1838024
8759271
2950080
6652698
7282267
7791830
8577977
8037525
7678771
7671417
8991897
7888317
6413176
8930737
3790521
3071777
1366612
4946254
2601220
4949854
3865350
3563823
7106554
7692655
6429419
1142155
2629590
7721060
5608958
9409632
8495257
1896929
9616954
8445780
7168614
7872490
9201190
8664306
3918417
1278661
7367848
2348959
7195482
4661335
7422894
7961005
3665982
8114971
8535977
8895366
6941191
5761200
2469386
5494060
4201651
3068361
5816162
9385904
2109955
7085963
1161285
6641825
6232318
2010745
2895439
3743030
4122229
3344747
3328810
7812783
1509008
7764656
9067791
7644640
1461697
7926064
1365739
2656823
9021896
5567935
9577533
8147584
3724800
4477654
1349741
8408846
2823127
5100972
6666006
2947364
8839139
9976980
5788680
4357851
3581491
7673279
1330624
9956686
1476669
1974261
4695841
2242348
8368743
3517623
2865751
9453885
6149360
5858160
4225641
6751096
1162695
4022397
6283551
9231363
8423972
2283473
6712062
9345636
9835663
9829333
7514616
2329135
9602990
5163848
7495087
3406600
2311051
3718843
4545139
2069531
9438813
8689055
4684706
5027593
8973525
8899218
6281440
5119237
4002117
1353206
6570167
4816159
3319725
3016860
2646025
9123047
2285006
9385145
3118708
1176926
6799386
3470143
8169214
7718937
2032723
6668231
6948466
9307695
2350716
6618132
5669409
5585237
7064373
2209314
3801164
9302382
2964476
9676176
5340290
2204824
2542520
3331180
6088061
4480156
3654615
2955141
2929578
2782869
4872027
5481318
8784377
5605876
8201945
1878641
2637514
9280379
1303155
4613720
5858809
6109496
8089422
2483619
7333651
5921060
2953894
7511151
4437153
5108244
2679697
1562475
3336829
3177198
7063882
8272056
8356171
8746431
4485144
8656137
6596250
7617412
3822230
2593799
1509244
8402223
2458131
4319378
6200250
9863884
8368165
2533605
5130356
8460332
4082858
7298088
7369103
2709145
1482984
8593836
3337248
2245050
8844974
5140705
4768537
2568496
7478651
5913667
6533289
7676601
2364301
3576750
8920177
5252613
2784173
1467630
1213053
1700903
3146489
4928683
9874488
7068301
2027234
2595100
2482451
2375570
6807624
9760099
9186727
1796523
8107618
5248873
5596433
2880568
2421075
8098235
8169454
6513205
7707570
9476844
4204079
1934481
1701601
6810732
3835751
3990294
3486248
2406705
9705492
3470586
4304243
3017732
3409474
8175828
1624905
6921814
1292310
8399546
4905535
9668292
4319810
4015042
8828837
9292624
8966564
2013375
8760983
7604513
2509644
7204702
1981752
9514045
9000846
4249928
9135930
7397613
8087852
5423633
7736376
7738153
2143121
2742218
8134136
4305477
9063322
6679484
8510323
8422819
1752093
1443565
9248624
9461618
1416895
5109207
7725513
3030447
2784673
1246782
9910363
3929763
7563195
8208481
3614372
4836420
2209068
3717997
2001464
8483999
2388921
4752462
8350149
1279262
4809676
4148942
9762289
1618413
3059095
5061474
4423464
2802883
8245601
5788738
5100674
1757807
2022552
2111641
7886653
9324095
7504200
9008533
9078863
5219520
5539219
5381928
5156975
3504818
8239634
8497016
8492292
8619507
5185420
1233659
1223454
3405783
8335533
2921174
8245341
6955118
6126416
2248824
8337903
1021166
8435504
8241609
2885846
3579433
8952372
9660784
9246025
9296016
5472689
3030717
6938346
8330633
9686549
6956475
1312400
4608247
3619769
2581049
6800718
7997369
6662070
4265762
1797244
7748862
7008708
4357067
5103381
3493478
9263935
8849213
7309281
8295523
9178651
4979995
6026587
3287313
8062971
7453269
4286534
7088050
3616628
7941549
3552892
9452263
5219647
3221744
6258856
5794411
7692407
2331129
5509797
1752825
1507384
8001962
1590070
7964569
8700625
2583276
1480712
7742158
8670555
5991137
4706605
9400507
7147763
7242679
5804026
9721646
6872221
3330774
4262916
5638037
3519377
5904589
3217494
4490344
9858395
1839177
6250847
7432174
8994590
3632327
4666730
7590427
3913128
7040500
1130853
5501905
5403580
9328194
9751319
2159134
5051204
1947516
1442180
9368062
8669502
3637949
9731507
4825874
8711322
9650174
6278202
7136672
4349705
6445062
1317664
1916660
1524999
5763102
6623780
1216095
1878300
7511684
7945004
