10000
1694574
8039328
5431503
4563577
6295102
7998046
5919411
4918705
4840462
8615370
2509855
7971909
2487596
6656638
2837598
2711821
4183283
6106658
3918850
9445097
8032117
3930018
9924230
8772593
5450237
9712693
8320733
8490055
5332663
3583395
9822438
2248484
1352676
4317102
1437755
8272289
4842016
2948901
5749329
9211519
4754205
5305261
9380778
3063297
2374909
4141114
6345152
1343745
2787170
2090477
2157684
8493528
1333226
2903902
9766096
6125690
7613481
5814963
2359104
5507745
9987294
2701370
5485407
3640322
4493683
3380756
8307856
7488405
1127198
4373899
5041316
9023161
1579276
5570414
1784259
7564448
7595032
7810978
3266878
6157502
6805679
4198747
7304299
5388864
1535016
2563043
2763393
6082579
2635041
2799091
3943670
6946986
7413332
2480128
5021071
2113581
9987164
9899689
9969063
5988407
3692361
2978430
7620706
2674246
9564363
8057315
1091700
2098225
3047390
2938757
8535541
5375765
8509498
1702460
4814280
9179464
1462430
6558307
6770827
6577099
1390413
2834844
8817704
4551442
8402281
4217983
1782948
4587541
4811926
2746021
9334215
2860372
7339449
2354600
2141341
7643071
6438002
2454549
9186548
7603932
6115103
8146781
6689111
9382421
7347091
6842169
7288025
1762129
7658574
9889196
4476373
5939770
8852869
5055318
9941365
4682447
4466108
2399118
7183528
9677235
8117859
1297663
5763041
2968447
4890798
8445311
1094101
2644147
4728969
5417957
1872908
5326634
1742451
3484857
7559131
9722111
9408537
6899912
9845056
7504883
7691782
1979392
1169511
9192633
7479993
7407329
2258469
8474636
6677711
2331893
3545570
1392607
9930929
4201321
1063387
3023909
4195672
2316717
2564528
4243739
4977887
8339097
8699003
8290763
6591410
1047897
3346041
5939387
2186389
1352522
9518549
6391421
4689783
4068678
2735922
7287104
6526680
8264253
1625880
2376935
6363376
1436076
6947035
7740584
8448113
6305954
6795687
6747569
1356263
7918537
9937208
8777022
9763926
5651627
2899641
2368814
7424651
1588221
9314858
7664016
7819583
2185088
5091262
5949736
5036233
2748246
2361557
4106654
2496371
6277722
7185119
3148944
8876856
7562771
6838154
7817543
4745467
8730778
3430797
1706369
9271458
8555203
6501460
3438157
1909332
6449921
3921054
9440652
4720472
2978557
9862261
4530750
8081063
8887489
5027309
8251419
5372252
4036232
8597105
3687900
7463818
6827392
3459057
5094025
3593830
3837562
3497895
1951844
5067127
8563337
5193155
3477781
8627074
3883483
9071341
7113520
3807594
2406685
5197291
4001205
4214167
6209274
9151506
3562558
8926853
5681628
7775458
3913127
2898584
3531108
3828756
8303441
2674085
1804943
5486222
4061903
4448140
8582138
1805730
4933294
3304468
1932128
1756555
9484414
4600855
9447857
9296642
1924934
4561816
6857573
3838519
4557232
3740889
6857378
7012514
1245320
9177984
8295899
9462827
1631651
2300204
6186290
8501904
3082326
3321548
6063847
9755959
3747909
5330320
6932825
7706332
2645381
8215716
6629741
9470677
9462940
3158473
9142909
7728659
9077672
3379877
8946339
8708794
5154093
3849557
6155054
3270244
4462668
6297106
3657021
5969890
5644544
4291249
5608066
3432748
9152586
6396822
9732064
7201499
5854664
9224835
4680360
1975412
2733114
1503173
1487721
4207319
3389862
1525760
2521631
1678192
9549989
7645739
8249454
5817293
2689749
8117949
1918359
1652392
7788680
8928641
7968201
4855007
7738030
3912783
9757132
6735153
8032702
8139677
8140115
5977963
1399931
2064309
5200888
6525651
6238181
3746384
1609941
2753635
8087053
1485243
1183191
6826010
7172358
6615136
1151182
5459311
7834688
3912535
7618987
7951391
5494423
5117558
3700673
9665888
1007092
9154030
8945592
7656790
8172602
5126119
4654774
6451285
3478996
5884598
1758959
6795232
2592717
6391741
4531295
9105664
4461448
4310915
3920093
6454384
5778698
1489117
4467811
9074960
5805301
3858485
6312347
3559640
7245639
5016136
8755460
6623903
2628082
2800678
2605422
5739067
1714965
4877469
7842075
3438827
8731051
4434414
8970767
2594075
8994843
2598947
1062632
9018799
7191280
5064624
1572554
3135323
9822146
6803042
8286653
6623545
6434509
8139893
7175648
7931579
1401056
7953737
8311842
1704699
4553721
5964342
2056775
4129825
1963384
9249359
2545608
5507532
8341049
5028468
1106606
3025068
7502126
1631716
2513665
6153551
4732685
8067218
6404428
5584569
2226285
5037582
6431812
1977185
4256367
1660015
3271577
7124849
2786083
3896495
6815891
5797653
1277489
2709031
2970441
8570479
8686666
2808500
2570455
8369465
1805614
2697097
9256486
2097140
1866583
8394606
9396593
5393784
9390862
5431937
7263908
2806372
3300917
6312419
8230880
9762888
5728764
9883573
5249925
9257360
4616112
9989091
9148168
3773420
4146537
9658985
9140853
8101109
7813140
7227613
4765254
3489577
2163361
1569333
1395286
6346186
7535750
4735722
8496871
7136018
8011307
4293948
4885435
5180484
5589823
2154615
3979241
2511015
2010116
4529677
1180430
6819763
6034750
1480053
4460791
8257312
6742546
7693068
8709852
3130603
6430509
4355267
6411135
6547636
7535811
5492672
8620293
8675070
6885306
3839712
3868981
5159590
4756421
4043117
1359248
1608623
7028701
8429475
3247303
8282812
8110974
7111905
5184395
8361671
5881054
4793917
2409137
3248993
5266028
5485376
7477917
7667050
4322766
1678036
8291785
4438603
3585547
5106002
2146669
7284465
6219915
7368536
4232962
5989259
8561364
6099466
8124066
6666015
9483535
2247383
9337499
6275882
5116722
9163223
8037372
4804974
1157296
4761067
9387606
7035784
4462630
5730397
8829167
8245809
9201047
6326112
2229612
1970253
3753986
4075138
8541749
8511706
3003458
2555465
7885342
5138370
3442967
1667252
7044715
9691619
6512916
8290267
6754515
1978942
7123346
3711296
9636481
2595295
5326194
7318662
2752159
7586052
6849296
5612314
1268668
6307441
2243007
7601929
8250120
7472482
1558376
1087362
8262509
1753169
3395263
9577317
5553441
4800618
8959055
7981586
1032890
1155900
7605261
5180134
1040832
5021066
1308355
8337251
8996018
4319994
8012223
1114407
1138938
8316589
5261571
6643008
8418819
3355776
5480214
6913766
4112765
5952074
8601100
9086344
7883565
5477966
9484641
5480218
8471603
7380587
4983124
7527046
1655766
1825289
8176594
9415002
1477723
1023749
8159168
9883842
2718455
4624400
3998765
2363855
4145721
3625540
4608063
1824983
7792964
5421152
7943222
8845678
1850563
8865398
8490534
1576453
5799941
4281946
9286353
3490841
2908428
4737749
1931965
2587902
5601857
2838258
5570458
5666733
3313178
4582536
5940726
8980283
9289368
1757880
2534189
6531331
7411234
3362168
9579747
9177743
2253086
7978105
8058564
9389570
9461554
6420477
8913727
9781984
8591070
5061693
6745375
9469169
8802540
9477161
2299434
2160587
7910082
3393480
1290613
5709736
1066519
4978857
2995112
7747951
2317509
3031770
9026310
2880942
8242231
3823089
5942664
3751183
1249043
6490977
9943691
4409354
6219802
6272687
1870023
6022931
5429254
5546293
8268362
6691500
8896355
8120766
8359756
1110461
9743769
3059361
8074500
1496963
4226553
4709802
2444468
9866918
3298270
5125911
7811697
7388174
9750791
5823040
6009454
5386361
2652866
9556778
6878033
5177253
5827627
3990757
3368597
8801676
2296206
8832572
9120490
3763904
7134081
5171092
3927987
9253580
8379886
6700584
2280775
5155677
8016880
7484275
5254002
7272952
5545452
3248342
4152061
2670989
9013945
9555644
4635588
6179563
8919227
8609324
5609006
3141341
5797141
5662302
3032226
4487068
2904814
8078857
1566080
2540303
7733878
9118555
3434014
1965392
9219809
6779794
8733077
5918456
7469355
2002066
1170060
7925445
6025725
4279911
2779635
1213193
3849055
8731109
3222602
1248470
9393439
9912861
3271707
1085696
1610713
6591290
5262518
1401883
3710839
5044444
1260204
3448391
7876003
1360228
1785558
7878576
2782554
3360913
4417727
1425650
8512628
5868089
8248511
1809788
2826707
9859899
7042330
7683139
6345736
2510300
1016169
9507690
3235988
7794447
5695448
5273943
6481269
3225578
9002680
9189289
9897679
5788902
7554917
8086176
2020198
2050231
1268938
2880205
5940546
5572596
5244796
6492460
1113602
5445608
6088365
4932230
3621348
7764625
2526275
5383259
3022628
8500432
2810257
8355526
1563235
4950338
4642756
3305090
1130459
6534373
7276216
2221686
7929144
6267766
7962420
8230212
4819233
8787106
3411539
7419815
8685847
1911931
9357501
7039094
5513973
3771541
9601926
2095251
6969546
1065609
1975814
8489992
2207627
1526305
1403665
8519980
3011948
1141292
5568607
2189849
9246489
6699235
5883767
3192865
2695448
9972309
9690432
7760130
3203434
3620215
2590345
8967566
8898162
1168583
7990114
9162607
8382693
1638626
5013866
7584259
9318835
2435644
8525738
4121859
2196189
5396143
8445794
6681674
6403536
6727039
8321731
8110547
3788825
1819381
4704037
7518315
1666449
8757073
8643586
6964337
4836083
6813341
3724171
9484850
7810140
2736183
3373514
5366065
9434506
8751254
7090688
6480054
9933161
1145256
2312592
5503693
5021258
1829755
9126643
2848233
2914813
4899346
5980997
9122058
5684721
3972842
6164793
3174452
4202410
2542340
8117033
8074554
6884786
2613085
1279665
4491451
1773763
9374563
3899869
1025146
9581181
1566402
2913960
7655667
8501107
6300480
6095063
8572868
3683802
7066300
5720277
4284137
2303237
9682950
8251568
5922796
6135459
8222074
3996172
2162852
2784235
5848358
5872070
6890581
2485177
9948933
9261076
6226384
8492193
4371828
3887028
3693539
7774204
5986701
8874851
2702755
7526128
5835545
3332360
6830304
2989118
8026595
6737591
4277866
9221670
5931785
4068746
3151258
2540806
7314118
5483373
3505323
7475467
4027645
9060281
4925993
3278143
6963264
9759484
2794290
6558228
9919353
4587287
7792244
6933928
9364135
4140361
9539438
8169858
9751957
5173370
9726771
5412452
3078807
8306850
9907523
7969618
8103366
2992587
1319948
7571322
1976364
2216197
1947296
3995060
3262923
4296625
4329680
3408828
8554267
5172032
6484505
8683614
2969714
3173693
7156805
2946657
8267273
6961089
5344764
7940568
1183723
4162966
1116275
1998845
1574688
6330614
5974678
6901992
8485634
9815596
7812985
9405127
1615631
1562043
5328901
7416373
8338719
8358583
1127840
7218704
1760328
3678233
4143829
5164430
8378992
9519975
4023381
8974488
7480105
6895700
6315709
1474706
9796819
9845699
8729442
6461666
2313182
2795810
6374057
1025111
8198807
3488493
2957731
2416828
6391780
8506840
8744960
5163406
3870226
4484314
8520218
3860963
4142110
6763663
3642685
9951932
1297002
5887309
9275837
4680307
5003441
4511457
1910176
6752824
4390726
4853338
8699902
5785233
3311282
5459199
8955085
1235401
2425300
8357677
5185392
8255292
6378333
3040188
3012226
7547031
9539443
1771731
4578102
9686357
6171469
2996729
7647962
9351016
4711832
1774622
6199190
8928260
1051745
8761457
5144999
4648650
5060427
3817403
9572367
5224660
3033867
9627836
9893113
9477461
2487569
9532069
6874721
8071940
3165697
8700446
2042842
2233065
4624338
5082657
8783628
6785358
6072078
8953207
5541477
1017753
5971770
2067522
7955694
2623514
9752064
5301395
7753936
4385553
8503106
5762325
7531095
4236618
1695937
3451914
4853655
7886835
2232039
2446732
5271782
1218453
2259328
2638343
7235418
1539194
6006616
5907901
9790708
6516534
7749496
2058938
1804204
1263321
4262609
3352834
3879685
5636260
9523102
3938264
5033908
9075307
6782756
7176521
2399421
3548266
3424613
6627920
2057917
2183867
3411637
7067251
2264415
3087535
3146643
2477438
4248256
9836515
7629715
5660255
1126029
1440941
3857171
8279826
3867583
2984839
3063412
5371366
8947813
3807716
8692147
3489424
8071066
5415561
4258032
5171854
8410688
2857558
4333134
3626247
8218037
5671149
5537027
6219890
8917307
1270914
4762569
7226892
4063285
2913764
3036581
5222654
2193896
5155892
5965368
3359142
1724448
4429532
7223212
8565837
6775268
2248889
9034608
7547834
5445956
7756140
7122398
4858173
8435089
6362933
3750860
5233279
1073077
6614609
4025842
9421360
4166923
6632111
1028994
5133928
2618433
4916086
9604662
5633323
4870621
7463489
7856774
9124759
8158093
1268566
5190544
7070720
2155020
6344275
8846548
3317750
4754280
1034506
3935287
7975774
9522592
8999391
3450503
6313303
7684797
5020584
8820521
1890125
2123040
4004132
1544391
7294371
2943484
5108031
1308141
1861397
7837596
5204629
2835661
9476076
7674208
7992214
9707144
7414702
6983419
8143162
3568079
6018798
4391744
6074765
2321866
8952400
9823245
7209724
9425128
2272903
7301351
1626816
3002168
5771098
3773208
9491778
3125815
4349877
8792222
5105489
5421402
3802997
6486989
6417929
8349653
9327630
4102711
8742924
1887556
8820152
7331521
2499398
2391738
7945663
6002906
5819195
3503039
9918779
9434871
7398676
9116223
4294800
8035586
6983458
7946695
3365103
9506595
5163642
7340978
6481165
6707054
3644594
2350405
5047922
1849815
4646099
1063031
5903789
6763379
4480553
1905757
7210422
5679536
6238015
2955412
8705404
9796790
7797950
3770983
1160320
9323375
1017319
4715090
9181242
8949813
5995535
2396447
8675483
3355379
7830035
2900713
8188091
2026085
3580052
8800007
7581725
4830099
8171805
6160658
1275216
6001755
3821059
3538762
5662543
9148143
7919909
8885109
8915603
6701350
8193820
8777841
2664183
7098206
7711749
5325923
8971844
9669737
2223013
7161807
1396031
6528046
7339132
3806435
9276809
9804883
1425742
7075639
7388405
8509713
8544038
4737055
3754711
1721241
5269116
6393555
9953067
3728869
4374696
9717421
8807748
4438464
2542775
3477261
5573207
7543122
1866318
2035265
3785055
9842222
5810198
5649128
5847754
3106397
1971527
2433216
4330068
5193640
1739720
3310165
6540411
8374537
4518277
8338325
3501139
1545931
5377730
9911857
3250692
2589555
1868784
8738133
4621624
6053942
5732654
8189859
6726449
5314659
3905170
1380316
2824923
6372131
9556336
8331033
4581573
8575544
9277907
1446712
1013687
4065244
9739377
3009490
2109639
4249299
7117796
3490692
5220196
4426154
6888087
6132659
5955863
2305817
6472605
1685540
3677847
2012518
6308241
9298292
4124948
6243435
2452170
4649093
7293023
2187186
9078549
4048578
2310928
1065143
9313448
8421468
9071616
3316814
8760819
6974949
1558736
3207502
5867890
8706268
7927409
3805326
2594545
3927153
1626479
9558582
9227616
3741667
2070632
5409625
6629656
5555647
2231657
8035376
4868276
8042499
4483603
6775337
4647132
5935627
2442938
7111394
2336653
2917147
6486335
1170328
7259021
7834454
7584799
6350732
8730111
3177750
5949907
7145399
3479802
5232572
8217649
1738860
3907295
6843817
8514796
6294086
4479195
1009284
8670048
7568956
8552938
9742559
4760440
2344929
7887020
8265245
3545708
4656576
9641212
4943766
1091693
2035992
7275831
1360581
8739603
9800347
9473803
3312489
3856882
8933412
6808265
9585346
6678936
4343433
5258380
5071718
2191218
8273191
5458330
7844836
9459504
9828957
3336858
8381183
1734142
7662770
3311791
4606999
8114021
1518746
1492676
9722692
8262138
5183639
4504041
5077179
7039909
5475020
1833566
4966421
5366661
6219871
3805678
6119414
5817650
4276166
4832629
3792682
1133843
2444154
3055637
3003134
4380161
3741940
4861302
6809869
2627684
4522828
6245660
7125729
7574414
6688040
3889550
5927717
5455413
7607868
1994316
2188368
7196460
3241271
7280560
5748139
4440100
4002974
5740497
5805213
3444247
2313931
2611132
9286142
3222518
2230352
4645636
8335515
8306069
5109544
9198556
2855001
8440875
5202999
7444251
1590940
7814566
5030138
1337664
2749681
6366863
6089601
6914726
6419698
2082681
3136091
9257665
9177282
9118424
3146082
6543050
3905921
1990704
1710216
1085160
8050417
4041852
2775089
6420183
8519049
3341793
3907491
2691630
2034545
9484587
3543106
4009596
7298479
7879214
9584032
9075571
5989849
3074199
3670292
7015984
3330995
1264444
4538858
1009089
2527682
7983689
4698483
9957537
5587449
2582909
2755517
3013848
4796179
2325357
3015901
8765847
6764314
8517048
6982971
9421091
9839895
4617523
7410670
8630599
4217090
3212701
9262489
8615151
6503068
8668430
2415486
5242210
4619354
4471372
9998954
5986761
1979756
1165014
1804928
4919334
4780214
7045269
2752409
4124286
1683453
8051072
1678179
1343066
2181621
5025831
2824329
7971067
8681259
6005523
3385371
1418876
9843094
1484428
8384895
3902541
8058074
8780163
4714727
2817165
1507071
3359769
8244844
1371167
6007039
4870120
6327027
7179225
4084366
7131105
3805013
3649121
3624686
8275406
9980549
5011154
7179555
2755289
9096917
1661405
4254963
5129956
2918585
7533843
8502242
5758939
5678104
5687595
1638188
7890839
9145951
8158015
9589947
4048157
4108768
3852052
3459419
2851094
3692154
8611098
8090795
2984952
8730993
6788025
1211374
6133366
3697025
7439133
6766131
7753548
8102863
3779979
9166761
3781558
7639616
1328397
3661558
2331993
3280589
5155802
9212153
9486498
6146790
1729570
7054517
5281037
6598277
4854721
6702440
5404321
4577310
8975322
6062661
8979331
3215861
3246158
1483902
2232489
4861320
3189365
4781637
7764952
8786910
6886452
6242452
7761128
4510927
3970304
2078035
3123103
2430366
9528299
9428761
2903243
5343035
4952276
7393590
3036364
8130773
3304429
5785463
5672017
4919191
3382063
3794555
6653210
3356369
6229776
3464309
6102214
9528610
7709384
4897634
8460063
7500812
5277280
9754493
7253835
3514448
7748973
5345167
9750228
6545994
9232852
3149229
5255546
5455175
8997759
1460172
4447768
3456662
6634527
3972503
2273765
5982652
3064202
8444877
1935772
1658116
1452319
6627451
1973510
6010694
8261136
6617113
5208654
7004399
5985408
7725691
8144142
3355729
7836453
9655493
4523241
7215347
3730951
2992588
2964176
9458626
2527282
7175313
2811633
2808665
2709857
3510697
5205213
4982015
6373260
4468459
8751649
4727016
7824555
7428841
3926480
7180838
8535436
8814874
4002415
8162048
6777570
3860742
9475650
3833090
4764734
6032442
6684301
9369071
7687339
2717062
2767501
6816732
5719981
3827493
2888024
8522046
2968282
4327532
3477610
4232758
1014395
7227942
3885691
6117755
4531045
2002574
2121526
1396232
9034276
7423917
6832322
1782447
5693527
7078158
4526486
2467941
2948146
9099256
5863713
5648431
3038088
2835923
7943257
6553533
1172400
4232230
5365757
7342685
9515921
6336080
4945268
1762290
5345641
3840164
8123727
6018102
8492299
1470634
4725413
9580461
3919519
6677979
4315495
3313827
3973295
2516644
7657915
3339921
4154960
7313678
1925533
7563930
9455989
3842564
6318474
3949460
4606026
2109782
4556559
9653165
6262992
2897605
2473330
8398715
8545741
4564936
9871504
6264832
1363926
5167125
7220975
4138341
5701207
5479299
1531037
2841966
2130915
1758951
2540497
1249829
6736087
7425652
7126264
9497922
2579396
8379800
7562787
7076643
9558917
5475140
1539911
2013223
1322894
8817420
5237077
3986297
5211774
4719871
7235283
6094107
1073255
3342504
4164644
9272080
1244483
5726389
5488036
3095486
5411753
1371255
3622159
4091162
8237081
3092859
5417858
9780302
1553916
7606264
6588658
1494904
4754608
6177265
3483740
5319604
6310587
6657492
5260085
1400460
9993766
9224787
2781243
1619557
2981172
9994346
1662915
3205349
9068971
3986730
8585261
4980788
9800363
5604549
7201662
6482576
1018901
1730786
6680252
7611509
6793949
7362707
3692151
6091996
7973972
8432388
3324423
8948593
5347591
3657909
9575761
7535627
5730844
7832235
4469542
8129663
7487823
1108348
9594885
2416214
1278096
5354001
6455464
3271048
2786159
2688480
2579061
5830423
3790379
6426586
9489598
1829528
1915383
3472769
9642396
7243062
8644055
7519245
6854783
3611561
6752378
6504344
8526881
1311847
9311080
3358040
2421788
6551985
5496142
5580092
7456250
5947201
4097992
1527459
8890076
5151057
8592511
4839280
1373317
7799982
7921291
2029449
4045960
3452423
8808667
8439210
3590118
4583480
1553082
2783773
1328165
6963419
1421748
2638356
4537750
6903096
2047418
8755761
5988575
3453555
7111787
3521749
7751769
9557231
3870436
4800790
2074514
9446617
3410578
3651606
7814917
7614695
9899749
4754305
6548920
1135337
5327735
1520143
4159880
4301784
7371845
4936178
3700057
1766390
1378758
2412625
7808576
1281046
2066210
5503158
1681940
5579557
8940277
3796604
8297802
4102455
3827844
9534188
3191409
5155606
3473079
6538393
4608950
6753464
5797345
5649050
5590977
8406888
7600852
4115031
8358839
6846903
2354385
1289407
8544698
6187475
5992718
7698952
8850094
2204064
9688448
8449031
5941373
2545646
3096316
6948603
5452542
7622651
7554505
8456348
5281842
9381681
4211224
4292537
4537104
9186586
1806239
6364618
4690145
5737074
3724002
8679994
5203454
8923765
3647540
6451137
1437544
4338522
7830269
4279256
5256177
8152912
2746764
6273917
3368346
1375095
8425168
1738505
9657245
8021289
7987417
1591935
2383340
2942346
1331244
5690983
9234898
4207821
6543303
8609379
9065584
4704904
2530194
4045505
8254083
3562922
7281399
5397322
4578965
6434923
6196004
2924041
7394760
7933812
9031967
2489319
9258779
4733952
3282656
2373726
4895302
7387306
7180918
9331652
8162952
1221113
9502163
9491562
6339684
9370089
3903745
1696972
6091208
3828234
7123762
7796619
4919846
4285622
4336851
5400345
1633846
6101078
9899841
2848468
1176844
7844149
1152503
6206014
8602806
7691577
6752790
2046034
4464634
4672030
9615286
4131635
4746102
6314341
7902493
2369994
7804647
6714237
1206486
6002310
6072374
8963160
2573996
3964816
3149000
8099808
6853263
7867630
3424990
3602770
2714190
7484279
2362797
8971467
5371693
8370744
2553014
2194106
2125209
4629318
6434296
7780485
7284675
3280061
3655733
8189168
4210074
3281351
8893571
8374810
5892316
8039736
1544429
9678161
2226278
4799161
3906865
9340817
6919106
7503338
9705179
1377257
2457249
6479877
5487818
8659310
8770802
7221759
1192201
7896522
8264738
5513050
3727641
7176623
3905876
1201073
2641238
5222272
1075234
7565058
9413535
8672744
9986901
9846634
3667626
1414191
1857946
9531069
3764360
2367449
7510262
8612364
3922181
1971177
8145244
8698011
8633171
5044077
5085196
5135043
7525384
6790354
6465527
4235892
4037389
6346555
3480088
1847319
3615456
9429182
1647557
1077426
5021524
6791207
3167079
6599356
1760976
3249816
8283431
1304612
4308238
4030432
6491018
5865340
9451445
8870642
3065422
5685019
1958721
1287865
5170653
6551082
9024562
5045675
7761449
3314558
4604091
4267859
2432457
4537415
3882212
1235202
6816956
1353888
1613818
1867527
3931868
7004759
7912933
4673149
2823349
1247214
6969314
2200654
1541534
4694403
8830867
3203150
7705286
3735660
7167932
4034003
5699891
1509102
8555647
9467098
2455472
7023647
5518595
3476269
9770694
8656018
9210009
1934179
5742293
3912459
1165992
1596191
8431850
5898666
6067169
2812078
6997947
5472652
1957773
9077698
9996145
6437424
6522094
3202204
5362902
2593510
6275331
4263904
8536200
7114063
1140305
5274322
6356285
5009880
9873119
2531682
4389223
1187215
9063104
8767043
3784529
8954811
8501294
8930617
3706859
4188942
8097805
3972338
2598891
3770589
4790631
4813077
4312597
4259011
7222455
9580851
3995053
9682802
3076279
5436755
3127347
2838659
3573878
9553586
5470366
5977864
4615244
5482225
1537340
6947902
8297664
9847264
9806113
5432736
7684501
3613451
6844526
2376417
8106945
2559907
3153708
7149274
5766967
5120464
4066969
3859277
9251493
8847756
7372851
2179119
2208504
3043363
9738204
7448860
2964694
9335441
8079453
3006791
2694317
5704420
8350981
5584640
1231611
3924627
3944515
6978843
8091989
7645966
6357731
9798126
4589372
2927143
4926878
3603377
8794461
7503992
5649822
1834068
6625737
2997823
5461128
6939630
6088797
4363999
5592514
7313833
4193530
1758216
2431072
3465741
9143583
4524713
3549258
9113564
9579542
2160692
9535465
1671395
3714965
2051130
8110154
9855906
6971623
9531415
5917441
6033389
9797626
1184192
3646818
1083739
8287626
7124036
9503812
9571693
1676014
5932096
4730503
8168787
9998146
4133319
8044777
5098147
5305357
3136249
1741155
6079475
7515811
7121098
7185250
8344544
9785238
7645838
8318187
7547799
3140145
9771403
3631230
7634451
4774574
2716055
5455262
6100607
2879121
7502922
9705016
7363718
3548148
1077246
1543962
2278129
6882981
3412470
7176143
1704328
4070245
6915332
1655065
1393979
7376682
5249567
7473413
5276259
7384912
7268684
8854862
2241116
4608371
5151331
9075795
1972525
6732712
7908732
7366866
3213498
4431093
1042859
2780946
4050000
9984487
4616273
7311627
2811539
3668691
7419164
6282001
4228188
4868527
9565730
9369018
6568654
9425402
5927289
1244756
4196395
6831993
3249418
7405851
6066137
3119716
5119734
5225249
3367226
5065353
8054304
2251287
5584739
7208168
9527461
8942299
4352724
5183918
4924625
2202874
8694665
3717918
6458979
8395209
4829288
7980477
2278602
9622991
5947275
3392436
4875377
9316406
8047696
9597020
7706489
8547466
3589646
9809509
4227229
5562496
1124290
7635337
4780547
8173747
8970394
2866647
5151961
6609795
3207425
2283930
5633981
3969720
5759660
5013747
9865801
1442182
8652771
1926500
2574806
3963529
5171195
7627464
3525879
1008443
6222258
6859127
4321505
6512427
9603164
5277598
8203209
4301161
7227574
9154334
2196397
2476415
4966496
4989052
7049831
4005715
2228759
5338306
2399414
1251819
1903179
2700949
3224295
2159056
4288669
4842606
2693124
4834654
4248429
2947613
8412995
7377275
7865530
1177051
4724769
5581862
8571947
6516974
4415376
7163658
7107749
5416923
3440486
6928868
6225116
4625119
8461390
2016289
7786735
5876967
6671692
6041236
9318614
7153810
8223669
3251295
3314135
1104867
6435037
7562728
4785033
1096459
3482164
2214798
5031847
6887359
2645515
2225772
8254521
3750918
9871978
4602965
6949911
9452438
5207605
8882553
1006759
5213800
2035040
8108847
8695480
5507129
2151743
1681212
8099558
3909530
4191747
1924083
5986672
1471419
9321417
9059285
1455032
3514563
2854908
8815700
4528898
6100684
4531901
5196563
9012616
2059085
2524345
5044544
6848277
4141816
1912011
6344325
6931735
6890261
9059651
1409203
8683778
3150607
2800959
9709857
7103410
4665062
2630360
5125932
3007904
5712764
9197599
2357503
4529721
1265933
9753825
2980461
4078258
4778793
1622016
8439588
6268999
9522420
7660347
9952885
8421109
1908896
8301352
7909450
4384790
9720353
3229480
7853967
1535229
2036817
3138891
1173156
8857538
5811270
8685885
5763074
1602576
2371241
1936849
1145501
1576828
2644560
4345756
4710281
4918855
8423215
8949108
9481768
2583871
9613010
5977633
3759267
9427634
3721743
1837972
3286831
8422708
1695906
6650559
9578466
4643090
5174240
8942253
9311038
6650279
3667769
1373546
1560301
4906550
1608016
7131589
1695967
6299889
6876117
7135157
8044688
1971969
4316381
3034657
4970734
1276238
9730232
5881699
7864457
8915353
8396860
8544143
7309780
7397471
1735737
4064464
2455892
7454432
4652956
2010987
6717070
9906240
2251624
3884575
6899662
3040813
6591090
7468172
4629533
6467409
8577259
8107259
9991699
9603537
5585788
7956766
6443221
8572311
8970838
2582817
2707553
5309964
6988280
2702832
5697713
2724105
3223573
6856082
4629621
6792520
2102876
2400662
1567691
1112765
2969346
9820052
6204995
2803698
8567062
8589414
6229239
2679627
9827091
2582608
8061120
9398078
5366764
7283236
2251679
6990031
4125099
6534339
1929370
5320746
7170866
3383400
8523525
2188834
9168894
9051847
4747356
5003664
7699745
9494309
6459519
9589167
6695432
2652832
5868630
5748431
8097829
5692523
2358997
1904287
9866165
5054058
8968785
5693001
8642468
9376332
9938123
7419384
3610967
8763160
6441052
4805564
7623619
5147440
7210683
7636384
6275862
7615037
8889059
3108602
3469139
5630122
5811809
4256797
8459057
1259085
1554221
1874587
4517422
5771402
1537895
1638334
7629784
4661242
5000780
1736064
4942893
9385708
9329513
3042785
9075380
7236953
5123695
3139472
2105067
8882165
9070592
3285989
6941850
5622941
7943481
2118118
4674233
2703987
4926457
4098439
4989150
9931521
4894146
1862631
6243938
6305884
2868893
8512519
4982932
7177872
7339219
3990149
3570630
3951180
3207216
5180922
8326487
3561470
4127723
3379808
6920873
8197026
5535069
3414848
6265989
6550158
9998863
7487186
1427267
7400953
9229999
3466685
6943087
2827701
2257571
9144841
8467304
7797730
6578591
4223563
5179043
2788203
8979772
5672256
5678872
8738566
2636474
4681756
4332355
5985543
4574584
1796868
8686230
5258094
7622266
8136202
3966549
8289370
6877235
4119368
7152618
9899532
1263915
3009560
1367155
6283425
2282458
3599923
2228049
5313626
7008301
1298384
7477530
6084573
5880601
8909271
3426338
1739304
9104934
3528910
1293566
2398012
3319983
5343227
8793465
4722904
8770047
9395721
3995554
4134031
1213654
5903808
4048422
3935628
6692789
4510359
6543930
1043340
2345254
9556933
9576997
8404724
8392903
4866944
7755796
7299324
4504889
2814900
7821421
8896531
4452652
8002352
8032384
8863797
5491878
5260885
9019739
7574689
4468917
4502120
2697245
2484911
1301968
3175072
1629718
7196609
9996381
4050883
9909134
5187408
1023734
5558509
6637875
7414034
5313990
3886707
9823151
4304649
2053844
4714270
2649504
8715311
3639557
2750947
7839290
3084129
1184022
6930962
3842275
1748073
9626250
5066076
5880078
6685856
8709514
1254314
4717843
8002234
3616555
1077131
4066004
6043363
3162628
1134717
5852939
8943562
5707488
9151567
8719891
5379284
9694233
6386326
9772877
1722636
3210751
1253366
9160212
8638017
8000728
3953627
3358130
7278144
4742832
8062007
4512652
5720722
7509418
9373573
5449732
6089961
2271119
4566911
5077695
5971486
1885991
8491437
2437047
3383941
7399807
6053230
6109529
9444741
6404546
5822667
5831657
9471426
6899979
5823481
2908061
5043781
3507258
7914775
5441728
1146614
8968085
3763600
2488624
2213215
1510834
9283242
9505922
8057940
2106290
8630695
6168109
7347673
9509135
5822203
5455420
1382803
3564153
3279831
6351025
7827379
8822598
7461013
3546262
6768528
5492625
1067668
4619965
6156821
4311206
1613046
9810788
7434962
2270379
7576511
1634793
8660581
5487936
7881832
5340245
3459483
9847618
3980764
2489062
7348059
5860396
7999137
8212813
1381636
4498984
7654315
7269554
8264336
7860157
4495669
8644708
9215256
2893250
8497344
3293966
2545080
8454418
7297808
4192166
2941757
7506416
9974133
2468712
7269846
8256158
6351207
5796900
9405600
6112368
3625597
1122123
1860862
6265134
2645246
7394880
4074392
2154323
5065289
3545508
2363290
1702088
7030057
9239378
7435544
3428516
1922588
3626622
8651048
1784000
6663478
8628248
8491567
1419846
1493361
3671613
2352112
9834490
9020119
5415919
7032458
3869909
5404946
5840540
3876608
2253966
6064891
7930037
1718718
4530137
7465169
9625497
9140770
5501741
5151260
2681953
1308793
4243033
5982521
2705941
5320523
2347847
6623592
5006551
5236584
6106188
5036595
5619175
4861796
9739414
7968441
6126167
6965920
3972551
9294532
5582080
9333370
3926298
3546087
2828605
2522655
6053036
6941339
6583574
1787080
1144493
5165939
2403713
8738330
5602743
9916230
3315844
8506082
9161646
4840108
2686894
7048232
3014370
2571972
5615366
6693857
1998201
7724164
6633340
6922011
8863944
1799578
8979888
4269764
4286331
7288898
9407200
8788940
7960267
1110920
1417246
7833067
6255744
2822648
4613305
1421645
4655840
8565843
9936770
8103916
5049575
3122036
1179227
1591326
9479728
8436595
8893764
5078569
8600147
5264865
8952733
7577219
5637447
3790812
4590395
6670254
8141754
6781581
5533037
3310770
7685718
7491303
9823767
9284661
7731687
6090754
1134137
8077688
5676547
3064152
4440608
2185227
9804601
3030271
7471262
3785611
5190470
2492840
3075998
2961978
6579804
4779006
1107707
9392424
3975291
5971163
8136178
1623311
2497813
2423206
8380933
6902204
6707453
9597313
7427073
1717100
4667000
7154817
6032290
2914804
8521336
5686526
8931926
1623526
1417716
6340134
1160384
9342064
4953748
2510820
4554079
3391213
2630748
7214709
9273222
4625201
7444582
1648598
7033332
5391489
2404710
5062735
7669231
2406529
8395176
1380812
8548549
9421865
5199157
7646982
1217604
3468033
1700014
9231996
3136043
2536404
9920168
8507455
6855737
9998514
8234050
3783613
4042300
9822714
4026115
2656374
3331837
4555056
2964135
1418053
7393634
5112114
5878507
5067480
1432948
2221960
8004463
1319170
9897099
3786820
4432188
6181976
4378822
1763111
7079567
4634402
6248192
9150694
9313997
6740028
1475368
9281260
5545808
3746574
7019104
1120465
3238529
5714591
9009408
7949187
5344334
5252968
2720076
1633131
8133990
8182640
7245627
8699642
1606834
5727187
9651770
9150605
2205079
3056951
8515217
8848934
5105618
3895785
8387124
8096380
4869499
1927229
7558854
8440061
9821862
7125556
6356681
9556994
1706406
3908538
7115160
8905955
3743275
1948520
2981097
7602956
8963733
9438535
2995645
5519879
4465914
2747237
2146595
4184403
7862141
4550644
1708197
8793093
5419199
7847456
6601272
2878149
6827299
3170016
9342138
3281532
1582388
3248849
9623439
3273908
1678650
9741047
1465149
8238647
1441694
4370852
3306122
3915620
1824570
9780069
3651746
4387439
8894733
3428594
7646589
8503943
3484941
2392142
1812464
3695805
7707214
3922927
8098516
9176075
5396203
2024776
1221997
4637290
9468043
9277780
2778467
4825824
5835493
9702228
5722494
9556249
3070431
6519149
4749790
8036933
9978124
7903035
1189737
2494945
4628500
2809106
5110217
8133033
1654305
1293957
3229325
3211054
4548743
1383519
8781719
4078236
9590348
4559474
4057038
9597343
5776817
9969182
8014837
1939742
5360656
8190923
2559452
6259903
1151038
9923561
7295654
2373781
4123043
5184344
2433027
9592559
4451064
5067819
5428622
5969793
7156616
7414418
5973682
3948448
9403507
3327215
3484193
5544793
8859663
2456199
6331934
7808627
4849880
8919085
2147300
9679366
5477649
7126251
8728806
9771219
2091172
3477979
2391785
9974829
9994463
4446028
9215855
4921295
1340375
9978287
4878701
6547119
5583514
2595740
2533504
6609523
9090864
2914039
5965699
5942682
4923794
9218928
1530492
9637773
8223038
4780795
5224129
7821552
6075474
3805757
4293709
3236659
8114127
1909024
6111936
4295053
9528848
8034472
5215294
7282866
8086099
2845797
1741798
9579987
8957895
7427491
8244590
5388510
1008583
1439520
7681517
7049687
1468719
6494221
5992586
4014343
5251509
8579584
9455739
9245395
8849689
4580800
2630145
2895224
2333144
8781362
7525306
3897508
2699150
1436947
8656247
8961912
8137771
3877374
9921704
8417148
9344447
1183127
5524877
5964338
2749841
5494385
4248070
3279599
2224132
9147524
8827381
1890823
2172147
4402762
6974067
7775072
7463112
4714396
9122929
9706001
8979336
9251320
1794616
7050028
3686345
9659077
1539451
8807000
6758798
3345545
7017196
2285435
5008882
8654457
7795060
9880559
4954452
2272402
4209767
2689060
4351291
3258639
5460951
2472094
8346450
9169307
3310961
4571303
3318350
5920914
8771709
9190312
3172453
2775034
5846962
6131755
5934201
1855606
9712009
5925164
3868766
2050342
7791497
7351224
4252936
2009408
3795740
2098725
7918106
5797771
9037232
2744716
6047707
3122021
4627896
7994036
6718321
3169003
2759252
1273120
5317266
8894608
6583734
6124867
4617657
5178841
4001727
4925378
6861742
9697399
5567323
5673826
9507434
3463997
3233280
9888203
4580370
7935797
7106044
7209780
5289433
6692733
7669536
4314064
6482915
7020943
8608183
8479921
6886840
7754368
7704988
3322099
7332750
2547320
1879084
6770843
1905514
1651116
1971976
5622433
3386017
7537671
3504390
3204339
1299130
1353551
6960200
6110603
5000430
9569254
4553005
3989828
5836171
4878263
8663503
2145608
6559013
7376332
5994613
6207180
3805423
5339892
1531666
3404895
3507481
9240546
6058902
3258344
3980234
7379435
8235452
8056696
4165864
7711527
1538812
6695983
8293430
9319707
9052362
2106202
2025461
7262838
6807415
3542436
2446999
6178306
9811102
7155235
9455816
8901700
3923050
3250710
4544198
9709799
2246998
6776710
7723627
8780829
2066933
4130866
4907664
3986878
9130652
8466558
2127380
3233422
2462021
3345270
3816478
4562210
2748086
4837390
6134760
5047186
8086969
2228101
3359700
7177076
5299821
8906539
6313700
5988447
8609493
9937567
4297397
6479583
2322911
5407518
7596148
5728673
9621289
4564368
6637059
7623030
4688287
2963652
8399686
6874468
3613744
7377567
9925594
4578074
4218907
8973264
3847181
8708828
1684892
6896479
9704236
1595527
4774827
6597494
9781529
9708862
1277470
9618503
4375660
3098478
9159550
5599144
4476796
4323630
4292609
8151508
6706317
6507675
2637982
7605995
7381692
4312825
3172614
8041475
9187274
5766213
5860809
5524072
1349606
4940643
4138775
3256922
9727974
8983579
8043737
1068085
9707727
5886048
1767879
5670198
2443571
2077683
3317739
2602188
3221579
7254141
7423901
5346564
1307509
5525171
4865881
1783841
5674568
3212078
2334791
4072754
3594350
8823883
2163225
8440302
6399170
4728863
7832043
9437941
1263154
5958422
4307686
9103376
9516974
3793766
7158445
9261724
1515514
5065903
9819053
1302793
1422761
4961765
3670774
8559281
8446811
7558776
9723807
2369294
7685737
8221394
4370802
4302092
2258134
6276770
1615107
8547289
3189800
1431377
3230719
1663514
3797656
2735986
2534723
4821975
7063743
4918894
3380963
5048384
4033889
3238112
5314748
5229721
8175934
4563950
9001132
1525331
8558575
1622785
2189801
7803700
4022183
2667597
4095007
4515105
2876507
4486836
8864782
2076378
7952682
2930656
3803892
5415239
5403304
8362399
5547343
7056801
6941224
1428130
9671358
7245875
7021897
2907489
6683065
3318202
2777643
9164960
8927014
4236081
3656329
5332766
9469350
6469785
6030145
4864096
9870831
4055105
8799059
1180009
7485867
8667761
7119791
6552060
1336481
9427485
2808026
9721595
2868795
7208087
9012474
4012362
7048857
9326357
6853448
7681479
6732924
8145853
4331990
7781484
6274989
9172525
6110170
5832952
8932927
5391055
3555889
2034650
3903298
4290563
7963487
1151951
6984658
6831174
4858359
7538301
7694008
4997708
5324694
4290480
6711007
7923074
3646966
2270524
1071514
4785382
9796328
3535732
8893228
1926762
8141872
4950026
5408760
2909421
2711672
5403150
2873451
7233020
9952470
1689443
7410799
2844648
9193896
2255368
4791898
5490129
6145642
7416980
9515822
5140827
3384517
8381925
4221658
7650616
2643034
3017978
6915753
8912965
6463959
9510703
5600866
4053400
9248442
3887744
8777096
3975850
6299516
8157369
5518291
8067576
3306664
4718476
2918255
7133688
5664564
8483163
4267547
3739986
1389688
6393280
1519877
2199460
8307645
9371307
5702341
3317577
7841504
2822668
5230295
4714284
8359175
3245280
9675869
7022481
3963106
8022152
5607597
1227428
7139558
9501583
8017566
9374629
4675575
4064868
2037953
2829475
4440645
6892977
7236782
2546880
8501569
5358042
7972189
2008149
6766871
1004273
5922631
2956671
5818686
1628656
3046996
9526673
8341982
3445624
1871558
6041331
6798066
7774113
8433462
2239394
5078759
9980042
6451309
9736626
7154563
8280163
4917782
5396425
4170930
9833489
5377763
8520260
7898845
6950689
6680605
5190599
9783628
2855671
2273321
9240616
1654758
9204128
1404239
8710701
9153494
2950630
8636397
9654287
9074545
7469380
3102955
7148150
1852021
3202266
5364536
2451094
7272013
4974954
9487926
6555953
6157155
3563579
4140561
6443118
3730868
6490301
4533574
2857442
7040754
3796622
9378650
7783981
3627311
8926155
8888777
6345328
2353998
2359698
4578369
5349997
4542022
5419591
2775477
8883326
5782890
9606205
9924246
3917106
9595331
5129720
3523936
9816332
9057391
5633631
6827769
4972526
7120550
5049006
6425144
1217006
7569499
8837980
3022307
2307110
9059032
8457626
7162961
2839210
6927654
3408429
1001602
2718421
9226539
3690437
1388420
2322715
5843781
4232853
6763352
7944046
2429182
6018597
7344428
3949066
2879656
7196766
5975890
5939100
6993524
2612893
7868426
3430314
8984982
6279571
4685500
2938659
4237867
9605852
6969440
7856162
7442566
4435230
8136513
7066598
4119623
8487795
5957615
1211269
3363517
2417402
3672749
3746609
5814790
6824769
3048388
9744587
3517373
5699607
9744645
8049231
9711212
3914329
2384364
8216016
2327498
4565491
8471580
4982596
7418783
1699497
5295998
3316929
4123174
8069941
4145662
2263809
9716826
5005131
1809423
3244636
9023868
1633082
6676086
4181037
8988868
3948845
9577861
9787487
3222302
3495515
5294506
7412928
3137064
6140107
8571503
7783222
3685449
5661571
4252651
1846432
4665236
2747809
8738946
4699487
7241630
9545675
9114360
3662718
5785260
7185260
5050804
1911392
2390937
2183327
4655386
1743344
4769150
2006784
8884962
8916518
6359147
3232352
4408856
2549439
7639086
3154369
4575987
1435509
4339178
6903379
4755499
1881224
1706546
8972925
4907500
9205436
3492958
9692047
2292368
3184461
8294525
8118886
7094549
6258040
1152004
9668072
8953194
7106163
8637934
9597899
5001936
7997663
7418020
4389952
3335296
6621860
6322240
4571381
5082255
1660076
3152669
4228219
6405889
5313876
4077681
7047868
8490637
4131304
5692822
7177641
4158893
7228558
9484245
2642834
3670514
9055781
7349757
3287758
7610270
2813366
3878771
2001620
1272330
7685299
3774674
5279651
2715945
9427063
2025044
6456991
5861348
8275821
7572546
1100668
2090040
1005068
2283009
1395015
4718237
8723083
1242526
9958009
5818896
1529537
1794836
6813047
3586460
3629975
5142988
9377560
1057053
4816441
9214700
3484038
8352286
4124498
9619731
2349287
4652300
9942999
9860812
8088469
8223674
6118566
4471073
8654733
6090917
9765256
6795314
1585092
6905707
9790692
8661782
9899280
8070481
1001237
6705971
9368285
9657907
8564910
9810201
3033158
3960200
9707116
4405091
8219286
5907780
8018260
6338224
6576670
9410376
6248165
6139111
3428905
7026703
6286601
6306922
5787998
6381867
2969744
8126477
3473717
5137360
8165444
8125247
9162477
6179271
1195043
7663880
8795269
1781742
9468801
9754772
8489432
4605350
8486502
7409799
4673694
6447389
7559744
5594130
2767880
9949638
5600602
1447533
3956042
6436974
1132836
6652941
9994712
8866520
2473147
3986864
7826858
6047267
1934115
2627143
2968433
4801339
9071187
6622748
4493766
7396454
6741330
9725949
6038071
5745592
8561184
2460704
1219405
5029753
2267576
6475991
5635195
4388997
7430659
1336925
6295209
2934621
3334647
8974314
5908393
8379957
6237090
2593636
4860369
7115869
6979641
2046408
3680946
4520204
9460141
6502624
1615664
4023594
5271567
1131156
4346194
5291693
8980362
1525246
9684683
4252111
7382538
6190832
5420705
6312582
8274771
8628697
2821389
8544149
6062340
7551170
5688836
9910169
9397277
7667210
8313692
9596742
7203421
4918848
8719554
1616835
2140993
8261506
4760739
2190315
6274513
6196457
8605425
4853942
9432244
6077585
9642680
5798536
9168575
9530782
5961929
7929737
3308377
6117744
4127382
3602357
3739146
8855275
9863030
6684436
3194492
1662560
7830155
1292453
9765249
2828913
2344065
3296951
9758606
4293188
2977888
4272833
6918632
6033093
5142429
7965307
8243886
1555441
7349901
8121700
3217095
3175840
7163892
2447021
6420764
1098755
7253413
4756878
8348456
5174806
5793473
7548416
9578758
8772616
3278972
1849475
7619843
7015457
5641485
4697185
5835389
7030252
8529358
9191731
6468780
8409638
3350069
3092435
8918119
7903558
5046738
6990337
2842665
4158485
4065121
6930442
2066997
5835208
2918520
7661479
6363127
3149044
9901164
7816282
9070485
8693401
5502945
4924343
9204388
6839746
6530096
2883688
1601831
8102540
8665518
7409657
4906276
5372382
6220178
7858262
6834857
8801936
6421933
5485018
4377551
4166767
1772648
2673458
7182452
9401536
6363402
3358457
2583175
6611747
6212840
4726429
1671319
3087658
2801993
8485194
5288460
2013683
4068146
7846525
9857961
7183683
7313855
5703092
1241833
5699715
8809394
4351101
7309786
3666599
9609584
6998677
2487943
6471677
5683473
5133042
5040817
1531803
7739104
2127475
7760775
8904477
8349972
9912159
1715757
7660229
9149925
7348459
6127099
5136580
2303153
4506976
6883590
9912800
8384745
4393116
3578628
9677975
8773791
6051784
7001907
5953364
4731442
2697315
6789426
1698847
9103101
8694549
5321556
1234489
9951028
2328030
1974337
2101040
3769768
9468528
7484302
9547369
2042132
8568475
6233504
2160621
2722375
5478304
1063141
5898573
4239148
4879408
6435763
7018601
6367712
8669822
2740531
8550301
2122076
3597763
1225816
5126781
7631771
1436617
9879748
1020939
4815229
5865218
6561891
6553046
7991708
3186041
1128076
5925966
1658662
2819569
5214804
6389934
6574036
9539990
1422045
1788169
8685145
7337177
5198734
1555440
6912006
3774712
8536516
1850507
9799709
2724454
2229088
4387927
7932460
4599798
9443714
6907679
3666579
4721662
9113702
8268582
7136241
4252650
9209206
4937860
4386915
3779510
5862055
5016983
3706862
9393425
7158047
5198084
2283703
5254535
7202503
4471750
6327488
8934398
2732796
6516103
4994685
6948883
8792380
7697837
5574414
7118629
7918622
1343103
1752607
1658891
6550890
7374072
6155550
3544058
5926363
5463451
1300644
8209826
8297009
8352176
7103855
3208754
9113203
5481534
7272910
1199657
7878956
2070194
2597710
7109271
3151852
8948999
8690700
5150915
8625522
3465007
6652851
1091094
4078416
3350321
6538192
5746496
3977343
5352652
4601323
1640114
4119836
4423627
5992488
3181412
7895346
6830561
3508214
7776568
7765113
1723527
7341439
7516015
2612142
3008076
9305497
8955475
6187940
2747365
6551803
5057709
7770043
2146269
4095723
1308392
4109352
9618703
2240334
7370134
7360573
4801562
9858985
2738953
9572921
1402836
3966439
3774229
6825138
1233594
2570876
2121444
1236456
6286095
1930849
8093218
7115573
4830340
9636639
8287299
1943396
6552392
2690929
4175562
4754863
6085935
9734484
3490708
8834765
2107944
9985154
8457060
6388787
8210682
7373231
8039856
7405225
5791014
9941378
9918372
8741456
4697604
4233584
1658638
9821690
3266295
6158820
3434706
3587385
5199570
4837203
6619319
3627868
7971527
7435134
6086066
8897134
3512654
1162096
4284137
2252769
2815995
5886659
2017131
5310354
4650836
5195957
4366855
4450902
2951426
8389768
9851698
6628229
2014325
5272746
1500621
6456349
7726205
8362153
3514214
4788714
1132294
9757682
7389022
4855547
7117316
6097595
8151412
9543632
5245712
4338719
1500760
6237018
2640298
9271905
8064034
3324106
8849184
1739332
8777661
7875182
8976054
3463962
9822734
3423617
3329902
3064578
4455082
2948746
2466698
3861999
3926615
8198319
1764608
3308382
7966113
9419170
8837718
1205071
1810856
3292596
3756110
1055319
5408640
7300017
5821852
5915909
2463523
8496035
1351366
7182723
1950506
1792842
7700675
7763198
4695001
5389172
1137888
7352729
7491692
5051273
9094135
7887630
5038076
6625657
1351856
7537574
2645279
3983553
2483789
1199978
9279792
2536427
2331953
7705066
1209290
7129045
1495681
6042966
8622947
8608061
1357590
1371306
2798999
2185202
8995090
5104534
1573691
6045909
8590705
2409886
2735036
1620865
6115898
2426206
5530134
3365880
7269951
4253498
3652889
8852288
4607609
6270853
4854905
4923221
3916752
1743095
9495902
3052928
5373297
9397796
1261260
1238799
3418009
6683690
9625268
7446662
5931121
6287681
1178523
1937006
6889419
4106705
8549449
9687004
5608933
3908240
1394621
9506300
8015747
2935435
4137527
9272815
1338746
1058047
9142718
9125002
2343890
8226583
2554419
5269568
8367540
8868239
6108478
5217258
7974645
8326521
9663656
7376397
3550386
4327472
8236353
4632565
8425805
9452579
7915716
4156248
7621438
7749363
4165504
4161157
5204974
9824096
5949760
3060813
3931560
2188568
9528117
1375722
7722697
6041441
8138234
4692414
9357970
4326952
1738448
3169679
2818468
6411650
9607188
4413897
7700220
1153322
5788799
2721387
7174206
4215171
9050068
7875934
1403871
4278560
2693047
6928154
6036766
1295001
9864372
3281811
6755203
8196545
8708054
5391492
9895140
6141549
9390186
1569226
4032708
4860014
1808387
1742923
3093548
9043426
3315335
1406728
7427286
4212535
4722146
1822432
8465912
6298113
4794490
2565246
6473479
7807934
5368883
5736853
5368669
8021871
5282292
6333650
4304548
3369224
2458082
6918889
1981290
2381291
2383332
3557540
4279360
6773322
3446575
7071089
8831367
4997475
6801090
2308235
2517506
8865304
2398981
4574588
2280618
1437542
7218110
2816608
4391534
9399245
1663172
1002348
5407865
2810161
1139504
7258711
8420793
9444440
7330049
3725881
1757165
8610788
4885943
6254508
6722863
3818194
1932123
6622432
8417811
5578620
2546589
1549306
3025055
9456635
1328950
1873206
6422892
2201329
7788575
1397291
3381563
2263069
5057745
3932056
3481180
2765367
6690135
3270157
5375627
5604678
1419938
9370668
9118420
5347663
2360508
7829753
7490873
8963768
8018975
6347599
4890410
5689957
1958487
9363676
2976901
6544963
6263069
7175799
1112942
5454314
1662214
1253880
4940656
4590639
2648195
4992392
6271845
4590418
7424298
9995995
7943299
2786780
9438798
6671074
9312351
5873045
1896731
2699516
6446839
2391836
6303676
8220239
9338099
4835319
7068353
3229091
4897804
2138301
8268419
9425271
6392152
5964146
9929338
9662504
5067620
2325538
9538482
3669702
2112499
1055513
9293321
6928008
5406775
3838937
5571508
6467386
3475662
1372260
6580995
7078581
2727999
2734773
9932370
3242624
7042454
9584273
9678506
8194909
3052244
9461787
1719216
7357758
9957314
2793136
1373940
7618833
7499823
8555934
6376165
2242952
3924656
4061356
7105211
6972061
6012121
4591230
3618549
9390054
3560929
2555910
9126668
1664508
8435851
2609075
6361496
2973490
6329690
6871356
9442947
7252963
8209029
9954908
3072435
5732556
5088324
5608636
7170763
3447083
9475425
7121420
1426868
2249112
9747235
4811387
7900728
9441794
3511351
5093089
5923464
2327220
8710673
7271099
5940103
1487705
8644146
8080894
8590631
7461964
3719201
9696910
3481891
5034469
8873455
9504576
5022956
3566888
9719486
1135502
9959232
9423320
2435539
6078939
9960048
6249540
5510100
7335015
2109081
4518159
3929275
5841836
2373166
5192189
4886516
9431129
6895796
3525355
7697195
1891967
2931111
9011640
5012250
8892713
1843539
8044883
3515610
3984752
3419189
8436676
1372817
4702791
1542219
4457614
9859139
5931019
8562529
4362524
6956683
1033919
2398926
6563187
6490028
2547375
5634863
3920729
1166259
6012346
1719531
8857956
2211568
7304148
7240710
3485268
5201510
5123045
7504770
4730508
5648839
7713051
9813676
1636998
9455131
6239062
9413347
1100118
6196154
9632845
3127662
9660282
7022360
6370748
1821134
5576688
3920698
2138032
5752898
9239999
1520343
6357062
9139234
3274546
9465088
7498416
9452431
9005065
6629059
3420456
1599449
5412193
8982276
1692441
6373257
7024095
6726725
7735148
7229920
6314296
1629073
9348184
5097704
7311492
9691683
5874421
7595794
1197780
4685933
4991185
8480144
8597856
3036846
7643323
3044356
7906478
8315371
4631864
6280712
1481871
2457850
9112468
4962656
1282099
5503082
4673779
2043909
1246207
6067000
8784079
1341460
7930156
7614638
2232460
9454438
6435460
8371541
5976058
1167441
9242128
3288636
3466866
5722608
3306085
4616258
9110683
7715255
9056183
4282593
9847710
1516754
1315757
6267011
6663568
2119382
4245392
5395906
3391272
9615367
5672661
2478530
1810161
8263236
2724250
9576386
8883682
8798785
5016720
1054764
4868819
1379364
5864244
4898505
4369225
9853595
1862396
7358473
5597429
1430043
9436103
6692114
4435521
9960124
4466421
8997078
3296053
6759140
7307624
5648722
4959480
5120041
6461555
2077997
9069434
5201899
4808673
5674110
3350744
3203193
2222200
6085289
4648297
5533995
3693880
6258492
5191536
2866776
4322965
2174029
7313586
7325746
7630524
9308390
6203754
2027223
3149557
5703924
8139882
2497121
3885821
7688996
7776388
8439096
9100839
2106024
8648673
9061383
4774139
9340625
4665897
3356013
4550294
8463533
8169659
1790285
5466171
5008339
9938886
3530888
1532826
5862332
6225449
5770905
3630511
1463901
4406216
6911282
3606718
7023131
8385591
8879734
2803621
8443215
6923259
6764838
8263698
2157874
3467390
4137304
7782598
4207770
7539506
6952893
5750785
5540710
8426737
1846866
9792958
2132047
1299556
9923034
3829010
7576736
9206514
6291210
4605440
7391847
7981835
7114134
6100456
8255925
7058612
5911370
9990209
6879658
5928781
4295403
3717476
3708685
3583369
5189495
5936851
7946179
2668829
3536314
9599920
3789750
9009404
3485356
1989233
7511408
5641641
1669847
9342172
1587464
4959317
5578637
7057999
8131988
1383427
9149674
2919947
9815400
6013722
4227334
6852545
3630863
4838531
7848222
3950444
7593768
1812594
2139236
1749937
6429507
6965705
3428588
3898340
1265451
8574731
1723048
6483996
5368702
3621125
4706863
5989969
8056380
3717827
4549306
6971420
4691877
1213625
9912399
1375062
6469062
4707360
1921681
1367901
5903389
4077899
1479864
2778804
9763843
2105322
7066790
8835050
8033130
6790094
6028394
9701917
2216791
8074598
4503225
9104791
6055538
6038113
6281145
8412145
5494292
7847819
3749088
8667246
6816784
8591484
1307637
8804371
6571590
8659007
4017149
9454629
8571588
9590400
6859193
1737914
4291734
4247545
4281102
3755852
5172520
5718613
4743477
5394147
5171849
1133550
8394612
1094474
1037242
2909291
2417126
3345211
7533344
8550502
4953535
2642566
1521311
5316645
4549315
4566368
6665000
5758341
1469991
3672624
6545068
7001967
7669440
1155135
1600441
7085989
1489867
7174856
9161868
4774461
8599413
7312989
7080649
2366169
3964156
3332748
3905936
7769773
6755069
9478305
2390856
1858122
7563952
1262548
1022776
6636866
3631658
2045710
6341787
6956316
5387841
2223095
4473461
5685586
5669901
5920915
6538372
6300888
7322462
5930350
2653929
4966727
4626609
8118333
2250855
3062778
9941015
6337558
5595298
5531487
9175071
4058257
9471324
1866897
9441787
5841136
4808597
9785797
6161025
6650981
7849017
2036620
3349851
4946258
9739423
8699896
1163474
6641702
1233575
6707441
1875478
4041470
2970940
7981313
2937609
9966225
6102234
5804430
6445565
5039696
4708962
7627248
9636828
4124828
3466348
2807779
9380543
8794354
9870372
8208438
5523841
6043228
2788465
3382675
7089388
1393177
3696634
9546889
2766884
7716103
7238970
7651889
9870724
7090591
3471702
5259317
6188718
5567410
8414500
2241687
1827631
1773498
5115655
3704992
2412331
7438706
2255704
3672990
5100333
4712001
6632799
3804139
9877593
8681893
6879011
2444179
1040733
3148996
2503334
1715446
8640926
2338120
7224190
1844135
8257224
2908475
5484271
5689650
6810376
1121560
9849773
4621076
1833253
9515843
9192824
8323775
3317940
3087275
3301809
4126956
8249324
6829959
7327061
2914910
3230138
9813110
3960711
6803028
6257150
1811331
9753716
9142798
7023757
3188983
9447433
4829659
5149681
3897352
7842959
1071345
3621086
7852274
1192275
8327398
2901918
9881157
5052711
1795006
7480848
1879847
8420485
9592373
7634061
5248650
5154134
4637574
7600163
8405944
2994029
6806620
5566654
4318949
9540298
2746529
7932372
3272085
6052612
9215141
2586319
4632071
2112639
8724089
3907721
9312850
5041639
3503419
3400331
9895478
6774347
9113980
9573847
7718357
9316662
4631439
6529607
8785811
2049250
2979380
5617422
1755155
2290766
2467861
5645405
6245091
7466089
2895112
1695825
1552746
8302512
3745998
3536276
6097024
9367669
6185386
7805680
8237206
8190441
7430645
3625947
1989087
5710252
7020577
1580792
4692510
3814746
1635556
6364475
6592953
8452664
1700391
3922032
6645894
3050968
1794391
7871317
7112845
9867426
3407906
6952772
5315445
5581323
3692149
1895901
4684379
9877971
5133397
1995268
8459031
5015361
6452620
1570367
9468576
6948506
3941334
3797604
1986866
1089715
8291395
1500625
6997438
9772426
7242559
4235411
3653011
6593484
8468584
7852515
2543843
5813595
3311087
4886470
5104896
7858111
1927018
7254533
4889383
3724183
1537633
2700317
3066101
5475720
9512318
5617711
6042616
5313677
1748370
8295106
6038217
4205487
4656133
9993232
2968400
6456840
3258493
5051343
1378584
6055107
7465090
5052041
8339028
2650214
9626720
1994239
5257433
6524115
8459998
3366186
4152829
2188043
8276958
4994026
7403423
6954780
2619990
8615242
2832193
3364125
7832461
6763651
1777747
5810624
4153377
4826689
9881521
8385232
1158079
2180211
7908014
9765803
9592988
4398223
3938658
2922154
1278756
5085462
8829857
1019982
5824752
6911628
2785821
2283237
8447124
2187427
2604935
1420911
8149153
4572281
7367297
6934002
1730199
6361191
5691103
1209093
9967311
3377067
1520094
9710723
7494399
2508160
4658237
2866878
3489167
2748765
6189763
9443542
6715499
1740428
4204128
2208234
9389376
7033540
5508775
5299783
4130772
8440385
6062499
9962423
3773992
8192755
9045769
9285180
4961833
4865277
3293326
8058966
3417551
5484727
5541890
3087689
2570885
2236774
8302813
9390346
4398481
2652658
3813688
8767300
1066605
5162952
5254901
9074030
3426311
5268354
3450883
4259952
9852589
7457596
1962140
8787734
6299268
3107880
5676993
1259628
3798730
1595525
3349152
5363258
3656986
7916404
7008292
4908530
5904320
3804396
2999997
6722561
8156757
7055038
6937856
4181139
8907387
9022219
1411994
3649474
2968124
4079949
4609416
3388504
5590456
8254587
6742578
3223666
4832405
4340554
9242897
1592264
3656843
9646152
5885013
1254627
6899471
5137587
5394459
9302671
3467840
3267970
4469974
1365818
7670320
1365562
9864469
5710259
1797972
2607477
5363685
2157774
3183959
1395653
7162192
7717759
1303067
4391255
2636461
9486453
6308401
8916119
8065952
8363338
8936011
7963974
4019733
6514136
5731367
6002979
2041865
3364558
3673237
9459809
6689089
7479052
2674772
5149798
6772806
9881884
8744377
9982805
7054647
9175314
8535929
2537012
1158337
4478829
1632776
2739024
9130364
8609502
5030690
4715903
2176248
7548584
8789194
7498103
2057135
7744953
5800768
4297733
8239292
7230433
4923656
8522521
1193379
1273073
7504912
8673065
5476922
9958798
5742041
8291651
3452248
8094350
9854113
9286784
6587292
2407314
1736519
2947221
1506793
8280557
2367207
4849451
3710343
3699532
2512472
4283017
8630133
4430423
4585044
1036449
6146300
9005790
2296592
7681081
6238351
7377632
3329580
2359364
5967954
5709273
2460916
4222760
3853784
4499314
5807863
8589945
1779272
1977838
2920350
2279702
5531946
3537306
5286625
3590218
2749646
6800732
6689278
8430031
2394637
6183832
9935531
2860478
1564299
2528383
9392429
9168530
6872132
3010585
8149049
4560910
5647582
4639373
6789146
1471012
1506246
4021278
3120267
9317688
7004575
2163049
4472983
7239692
5533416
3310077
5820655
5137950
5476645
9108994
3279931
5059055
8493184
9728269
7225299
6873085
3932472
8143523
7725672
9063507
1704545
8041964
8563630
1092904
9251029
7987186
2367228
4117814
7449020
6716955
6889382
5037884
3408271
1910923
6663714
5179247
4864259
7878606
5368673
1388300
2483067
8847149
9995335
9601529
8630309
4915070
3736158
7339517
5633314
8931009
6253408
9453717
5292343
5160441
9468371
3163225
4459369
4730288
4978009
3249711
2052952
2224463
7276303
4478159
3310050
9664621
3445189
2994254
5132690
9106733
7395863
4629374
9538490
5511357
1300283
7337030
9999174
1175140
3043188
4449239
3157866
7474203
2688613
2276232
1294510
4942096
9663289
3444506
5359912
3114584
5159225
3267310
2633819
1074563
6270559
8296814
5670838
7915629
5756714
7125666
7201391
9048242
5429378
3612260
8281800
9566961
7035454
2555734
1119865
3364093
2555435
4861931
8399248
4559952
1191152
7242187
8852118
1851881
5709903
6233523
8679819
5589232
2662965
2115516
6074789
7377656
2465484
4611371
4320643
8047460
9209176
7556570
7263664
6810557
6901337
8019030
4993894
7747403
3327112
5855344
3463704
2155651
3512453
7621720
7431356
4775664
2370239
7144551
3368239
8704925
5301005
8824571
1020794
9875882
3918436
2585673
5509261
6901084
1285848
8166566
6268019
7019883
9943352
3119351
8462046
1920743
5004669
8689667
1128052
1759610
3217642
2148701
2829865
3107708
2289529
1474182
2197397
7916235
8816677
8317891
8568336
6436226
2968819
1138395
1156085
2194740
3112966
8708580
9868261
3767761
4986459
9707350
9162365
1759688
5468137
7654225
1806465
7953270
7297964
1925907
4783257
9273534
6729083
8428477
3274524
6900802
1559456
8324878
8049660
8509353
6801919
1875376
9134339
3336729
5302610
7558954
3504787
6204272
2107236
5366246
8334811
5678846
4655324
4832892
3058552
5163461
8584547
9080543
2719545
9909483
7941856
2656399
6694879
7769919
4102523
9693638
3878483
8335340
9057761
6538584
2211978
3123730
5583543
1544469
7841566
7810715
7494377
7398121
7121238
8137500
4984581
3981670
2651560
3530298
9980723
4374808
1652605
9631041
5004414
7399417
5258605
3908671
1927713
7810079
4006060
9159534
9488475
1024291
5746772
1563673
7888940
9878755
8851189
9988335
4631708
6294003
9185802
2156406
5337089
2592287
1237620
6655170
5806921
2058757
2282852
7267559
9250672
5557393
5512020
6068291
1192763
9081864
5661358
6887224
8312637
3171258
5501257
1628633
3329802
3813834
6004049
4624027
9755761
1334832
2241749
7146694
7100231
9171873
9454990
1022436
9918985
2845061
2190662
1160585
3550528
5340938
9485190
1722404
5281923
8836231
1150908
7882869
7291433
7751964
6730980
6204944
4752238
1755769
2605702
1095033
2206488
8995036
2037200
1142033
9427497
3755238
9598660
6373824
4892278
8072344
1960236
7942540
8694273
3485427
9258404
1859305
9944099
8957782
5307312
5615553
3024733
7061820
7719623
5447918
9893385
1504860
4055807
7038806
2502323
5737891
4916475
7984575
8458869
9052960
1022738
7398963
9735619
7757542
6240928
8412766
2823603
3364208
2807874
1270861
2720665
3768192
1363661
2393914
7163145
3275152
1820576
1248830
2496326
3238101
4241899
8109142
1344001
2822297
4486103
9986657
3115741
7990585
6908431
3920585
1099170
8774806
7926406
9023729
8648104
4044064
1665179
9743118
4230382
9033160
5587633
6781721
2581378
1414308
6527099
4137788
5600835
5743513
9353807
9815771
8080196
4840005
1150713
2019501
1433947
1655619
2125828
6698523
6510075
8546562
3228508
9334953
4897966
9034072
1204110
5234419
4430198
4551107
7007043
2118969
6593142
7605193
1916169
4604847
2996827
1534177
7488388
7275791
2862152
2121697
1488989
5395248
1457577
1035673
6052121
4530979
2635311
3340001
4638869
4013763
8208877
8365983
6396648
8322589
4301954
7480620
7106680
4438993
9712887
3911655
7812000
5258200
5679227
7153898
1738834
6450535
5518236
5706716
1317817
6423115
1238736
5481063
2138802
5884077
3906900
2615932
1661491
5728584
7172300
9453683
7176275
9588217
4256972
8103688
1571644
9557127
8975180
3072610
5135109
7091587
1423587
1381910
4262308
5153178
3633405
1293700
5950908
5919097
6531262
2896992
7798914
2934672
6535347
4903108
3167085
9067178
5308406
2835124
5631967
8976348
6716705
4650506
9915558
1198829
5375150
4575036
4859599
6142293
8798119
8313339
2355621
7537210
5090288
4446517
7415766
5998598
4886564
4721086
7774830
5267877
5714832
1536587
8051287
2967166
6938098
9082391
6304376
6615648
7607534
9881737
8724540
5599095
8620441
7667910
5359854
9275415
2508942
5830067
5467859
2685537
4331288
6020863
7550064
8241508
3378184
8757111
4038485
4022646
2783409
6676913
8691505
2799467
3652842
4220765
5908855
1115325
4687452
6723537
7459905
8321989
6578228
9631012
2875211
3663370
5756841
9247398
3964531
5067271
3808145
5005503
3779150
2067866
5421865
2090677
8832982
7554074
8710971
8121770
6234426
7891297
9651300
5711868
4670997
3242027
4456229
3235007
7537851
9472670
1397297
2610305
1874529
1023578
9134168
6358869
9428828
5271043
4907291
6984307
2746116
2711493
4419297
1001813
5819210
1599776
8293377
7425269
6801382
1412373
8879543
8809558
7285789
5076015
7267715
5155472
2006530
7909661
7607128
7260241
7818284
6640975
5204570
3839752
8043336
3291200
7946539
3798747
7830247
2191243
3842063
1476340
8745066
4998658
7620133
6349688
2484853
9401323
1922472
9545033
8849665
6640739
4277606
2254452
3878622
1018592
1623256
3414309
2482792
5231882
9416411
6208146
4199240
7955274
4693862
4514766
6720341
6205813
2359260
2078463
2475940
1768123
3776315
5171266
1025533
8001444
7988965
7272494
9380903
7561819
4733686
6444886
6856391
6413222
3127063
7816947
6573516
6356308
7158338
9208330
1444630
8296072
5028991
8151546
5376119
7255389
3128117
8586138
8984186
9267483
2708987
6792120
3394618
6777857
9142793
9295685
8906061
4750708
1002002
3689583
2684802
6136832
2134372
3496119
8798120
1795436
4718091
2551453
9106609
4770699
8064802
3035552
8955589
3240256
9651979
9553555
7846331
9118938
5756936
1321652
1866509
5103681
2234881
4458735
3492074
7498879
7356896
7151796
9500426
7095411
5135491
8681756
5284997
7453490
9980074
3086618
6835035
6435711
3937065
1675359
3853347
4676629
5447839
1237590
3638141
2392867
4628223
7877195
5815362
6088791
8810966
8989230
8496343
9921822
6241837
8989308
5615180
1484412
9977609
3818863
5944027
3004455
5530952
1024261
4709015
8577409
8575382
3678567
9224018
5636014
2505633
6331508
8063723
9227450
6392993
8168893
5143382
2127511
5600611
7445938
3133549
6211310
3434279
9479621
8953416
8583660
9632487
4297054
3948352
2254703
5621802
9225751
4860498
1563618
5628106
3886865
4589929
3538765
1209546
4512287
8707875
5286417
2741947
4128721
3158808
2310771
1206696
3490741
3141944
1245438
1806232
2807777
3518236
8577950
4291299
7918412
5645847
9539122
1607968
2381869
9387014
8064026
2281701
1540692
5202861
6750850
3701640
2667713
9734891
2411455
8847165
8908626
7822343
5929704
2030360
3066041
2971220
1086758
8639501
6715245
8792779
2131230
5319445
5444615
8100543
5705119
7189571
7284785
6468990
8124312
5503151
8011634
8164206
7674908
8469418
5547677
1408837
4125977
9852818
6926236
1894292
9465469
2444728
9729567
5591086
5926762
8123263
1841650
3206885
1145604
5427775
5133117
1584606
3288721
1042810
1228573
3949974
6620321
2457222
2095220
6110355
1027670
9720644
7577213
2992975
2581669
5608648
7037603
8944073
3902462
9553569
3616011
9391910
2478752
1166538
4153391
4600464
4292121
5069481
1077788
9976741
3889990
9219078
7038134
2725002
9340542
6712160
8494987
2707272
1849244
8335037
4416334
5051615
5823580
8490560
7400613
8149218
9784653
5643975
4652430
2064147
1115713
6342092
7689133
7488527
8729577
7861323
4898513
7687996
8164021
7516412
7557072
2799338
3150386
1415555
9880440
2752543
5799573
2433062
1740176
9725262
8424440
4046918
4391807
8259138
7672834
2107746
9032363
7093607
2020460
5661871
4806949
2282561
8451241
4584323
6953379
7089240
4234935
9898395
7997878
7486900
1261268
9479122
6299406
5837237
9566058
2630933
8577242
1919429
5530494
1604357
5156141
1227080
2577181
4567356
2940382
5727988
2390328
8774554
7649207
7454126
5992714
6503625
6460016
8901748
7719968
9482470
3448741
9505689
5978913
7021723
4793797
5116550
6423383
5503715
8941069
8888845
1211756
8929596
7130581
3043555
8748465
7993315
2095865
8844406
6349763
1481492
1295171
2005620
5378134
5449304
5890032
2738302
3444599
9225948
6422392
4713836
2078221
2601174
9141658
1690362
7983553
8261322
4408183
6025251
5914758
4267261
6588398
9930116
4197794
1823049
2618328
8196515
5790982
5665250
8605013
1850464
5443274
6197288
6767352
7366956
7923733
6228821
3556014
8088745
9320788
1330368
2275829
1838345
5808736
5808650
1393554
8467755
9476454
1330632
9808476
2613538
6047657
5516570
2503104
5042008
5834971
8041915
4899492
1475827
4647253
1820442
1662001
4156558
7372826
5267127
6445467
1411074
6433243
4505432
9376242
8824837
7837975
8003070
6149750
2116027
5541122
4333011
4029071
2372675
5950239
2390214
2970787
7376037
7557289
5825722
2880652
4480330
4940647
7526634
5907841
2766404
8127054
9953441
5169156
1850767
9846556
8226209
6729124
1994751
5669890
8805202
6771020
5137043
6946649
2715820
3482876
9179025
1798393
8705176
5798758
1277243
9103790
9583211
6718989
6530906
4228500
7371531
7373489
7676202
6370670
5207071
6587046
4215622
3694641
9161233
7959326
1661252
4851086
8291159
6331228
5461155
6510376
7722161
1096403
7629603
1799555
5315045
6795758
6219412
2218742
6587033
8847690
1999427
3670778
9269655
3652089
3851627
8269012
5162783
7263208
2397288
8645448
9924441
8963308
3989552
2397374
3140377
1793504
7187717
9107370
8197416
4739354
6483685
4956511
8144616
2862592
8307604
3357459
5170750
7152781
6380724
7794697
4707742
5551617
6456899
6124131
6721931
8915624
2835214
7007719
4037765
5062921
7357027
8324877
5036312
9907194
8279660
4171254
8881098
9588970
3205410
3532078
4824076
3288607
2451903
5128973
2095372
4276074
9819144
2779691
1329833
8624929
3902889
3404267
7859664
3677507
2745251
8136569
7962542
8269801
9842771
7354159
7901270
1442419
4908941
5703877
7048140
9531873
7303336
7072687
5280659
3267379
9131890
5856212
7806052
6860923
3087759
8265156
2430439
5243482
4221397
1729529
3055773
9669785
1745299
2746794
6200662
7690545
2370778
4186068
6002880
7944821
9649404
5343507
4793057
8235247
2808628
1814696
4983734
4026808
3068205
1509027
7994060
5837676
7790567
6007490
2221678
4109605
8598206
1959787
7069328
8291432
4673084
6376351
9365475
9981997
3662969
9476032
3957104
5982363
2708162
7418629
7758690
1557787
8894607
4661578
4050158
2968324
9922697
6426534
6546021
1897832
8070747
8545192
3047501
6537717
3876551
1415962
1133109
1004022
2216052
5691537
3301823
7948755
2816237
2087252
5651658
5105046
4427917
5760139
3952863
1873808
8309321
5017042
6368834
8196868
2938806
4812134
1607341
4634395
2058836
7578151
8656050
2192840
1597674
2292584
9830991
3536572
5263875
3250395
5287686
3360373
3965104
4292720
6942909
5134499
2856968
4038655
2592930
8593012
2610549
6192453
4609010
7610713
6599792
3438124
3720531
7332064
6934119
8957270
1233343
7850811
4664276
7278100
7450988
6271097
3729625
7519169
7264505
5930068
4461043
6951117
4411267
4003227
3357796
2714751
8943608
5928929
6714628
5838938
3549787
1845806
7265434
4252412
8881657
9139821
2408350
5801179
2382882
5679206
7056827
3838026
3295403
4925213
4061563
6271651
4511355
4038163
3802402
9649629
4636220
3975171
6624406
2391712
4144667
6067448
4232022
3261758
9089147
7644221
3415418
3134572
3097774
1037173
9242372
2234866
5624117
7562397
3978389
7035072
6368345
3563495
4506673
2858082
7226266
4102384
6511551
1804637
9408327
1476965
4640963
8154747
5835119
7623370
2311326
8481787
9414519
4769499
7918071
4662741
7227251
1216838
2621619
2006749
3261394
2192457
1411554
2092838
6757204
3144616
4188075
5267153
6681263
1553890
2739795
6998758
4058642
6852630
1384873
4861915
8389897
5579496
3163269
2163251
5045618
8753064
2721545
3637977
2063109
6101212
6999463
5692572
1574154
5813389
8478749
1110453
3048431
7575297
2438101
1361456
8497777
6381639
4326353
9897872
3535332
7833792
7002791
3132014
3654285
1734932
2990009
4931363
2453712
8185347
7011135
3155740
1817173
9942174
4464280
4707703
3144543
6599949
3387110
6016835
2873055
9994234
9160176
1999460
7915862
1298237
6706830
5466792
4195353
6161842
9552783
9062092
9826369
8595593
1337654
5715218
1943147
4309492
7979446
8237119
6281004
3447175
1617843
4730456
3535977
4391531
8555595
9348414
8932813
2415435
9715619
9953683
2541195
9249412
8325814
4800803
5766478
4785350
1927251
3950022
6268262
1067280
1201933
1633540
3204541
2110588
9503840
4395915
6756914
4529726
7941522
7971342
9000662
5756771
4435599
7144046
6417421
5297184
6114097
7415278
8145566
2708000
1405992
9639978
1754013
3528947
2268885
3842768
6256959
7236540
4301500
5709034
6500031
7612530
2483451
3218434
3994905
3964369
1820965
4101751
8918548
5578497
8878347
2366984
7491157
2890456
2178541
1934567
7740169
3487932
8973476
5269791
1255266
3183268
1675227
7866225
5287685
4944080
5156926
4187436
2185106
2162614
2587947
2527284
2434693
4468543
4317528
4162245
2743867
7747129
4632572
1416783
3924977
4727654
8661578
7621020
6313849
3863149
2351731
1595945
5155157
1016720
6300658
2772706
1647265
4624999
2995949
4011033
2053659
8537499
3567481
9173679
9642070
4388373
2268118
8541940
7054014
4003328
4424133
8080773
5208493
7900892
1307671
4045244
5799399
3017725
7802487
6904684
2011451
2540139
4248929
7440053
3372522
7331012
1975956
5990565
4921268
8359248
9095478
5569952
3491352
8507339
5484710
3104626
7627123
4050288
5917471
8238274
8569036
3281268
4002618
7556770
1368663
7174513
6469124
9810468
5167216
4649221
5989818
6423463
7809793
7329778
5119521
1667867
6471136
2041951
2214922
9795401
3428634
4028671
7261061
1692176
8410451
7518721
6763781
9786891
6587425
8060128
7295388
8530503
5627767
3758268
9356039
7446316
8413375
6331217
2766564
8889505
4251867
3445102
8550930
4819941
2914598
7414249
3843657
3294771
9061141
3754898
6410724
5257039
6969307
2814757
9807644
2117535
7681612
5161212
3204941
4765188
1491489
4410725
7026950
6610713
6635718
8353679
4966604
4039747
4215055
8745755
8406479
4345970
7876993
7461081
1453193
1307886
4751935
2595569
7715579
6297558
7653187
7934428
1129770
1186326
9255351
5215594
3764561
3931503
6009228
4189597
4711752
6089179
7219178
5403278
4686164
1629865
1370601
2915534
4185992
7430655
3399174
1034016
6318588
8827958
3393737
9451246
7074589
5768162
8191462
7911121
7361525
8930426
9057353
1276334
2276547
8662133
4751951
7805565
2724381
6646727
8002194
4282875
6364780
2772858
7634245
5121587
7412432
4788632
2208936
1684849
3539732
4684192
5501629
5660952
4988005
8638903
2523515
7557972
3429111
2353354
2323026
9483818
2196128
4875449
6910760
8638855
1468624
9731126
6136411
9401959
4838296
9822958
8491678
4816495
7115209
6336472
2280561
9722981
7362616
7941788
4820676
6364855
7429665
7064766
1576131
7631114
6930072
9434412
7121943
1085084
5174063
3718604
3682524
6511708
2356947
3396873
3454263
5034448
1191113
2947920
3307153
1435823
3212961
8212662
3748513
9095889
7861001
7572757
7455118
1143692
3953509
7298751
6246812
8586001
3432404
8410042
6593048
7501350
9142990
1456733
5036678
4337317
7142292
6719313
3789738
9203670
6537776
4643820
5529454
5713785
6807902
7597763
8840955
1114110
6277730
4848638
1806874
9582400
3600659
3705544
1900724
6167247
5394599
6418112
6591072
4144182
6227648
3226474
9503333
8668413
9186191
1135290
3019039
7474928
8803496
7789674
7843342
4615880
7691261
1122585
4271429
8779753
1618190
6706086
2526248
6959068
2185809
6952630
8601833
9206893
5741230
5766619
6041380
2588007
3148998
4518870
2327384
8292743
3205868
7825543
9707360
7006815
6644267
3183843
5887923
4887621
4502609
6255597
3029128
1810419
3330515
3457104
1183485
8335920
7570027
7569883
6142280
7035776
4185943
6102486
7829271
5287911
1869379
4219557
4054669
4276932
1702049
9629131
6989717
3679011
3096615
8182986
2589555
8537971
3358505
8736864
4288424
8130011
2760184
2485092
1515934
3469359
5686346
7390416
2601725
5111839
3942467
2682169
5911956
9484914
3243964
8689998
9320267
9609215
2670778
5800262
3563759
3416581
5338490
1207174
2946238
6649763
9339754
5849097
1212998
5990594
1423355
2051465
9469377
6681003
5735317
8352885
4612562
9513211
8784954
1787043
3694453
9065046
1262879
9813217
7506763
7226763
4120168
8529830
4741941
5116012
6010643
3518591
2407243
4736578
2591287
3293687
6397156
7474759
2942925
7811662
6624120
8244996
3262959
1967862
9743883
7717412
8997343
6695266
6921628
4707016
8206003
8399072
9694710
8550989
6394711
8467857
3350846
5263667
6064546
4559055
7586613
6911263
5160269
4044190
3338064
7508612
1789801
7046998
9143878
6353438
7392080
7323488
1090009
3189552
4021390
2445447
1789016
5038502
3753752
3090009
1185634
9366877
3489084
3795303
9200807
1614866
4609187
9883642
5780163
8369801
7420252
2762383
4183340
2332072
8263498
5627268
2165750
6316275
3515552
8746307
4583084
8951225
4283482
1377942
7554801
6487006
5403879
4099021
4584350
2212291
2083270
4386684
5901902
1113035
1034182
3429408
6413024
2465560
2589842
3806452
9116868
7170942
7482364
2083935
5694217
5105062
8873480
1714521
6304718
7055686
3379523
4793758
5414190
3788223
2846709
1469882
5943825
1651167
2600356
9131790
2471200
4662241
8010938
8398418
5012944
8579794
5423745
1416699
4060914
9774933
3886526
6714656
4893161
6528465
5108891
7280240
2876541
2887306
4717912
7721902
7226271
2935566
2012396
3940367
3700581
1384521
8490647
5528187
2402456
1737443
7364675
8629067
4627379
3046264
7200876
4446523
8679854
2781289
1570917
1681897
6238460
7606297
7994397
1058412
3095128
3923043
8176305
9699928
3787111
4030555
1859802
2872689
7780065
6706466
3839473
5826791
5568144
9883190
1261425
2057529
3755494
9113073
6703389
7495109
6292905
4642489
3188980
6586175
4510082
5975257
8409698
9042360
8410454
1489182
6514160
5555137
8923747
1845716
7592469
5644577
3387231
7813082
5843469
5824419
5565109
9896307
1770523
1443860
1515808
2429215
2848323
2761604
3345556
1923362
4649674
9059274
3305601
8963260
7918457
2379270
6328195
4497497
3366623
2202625
9801888
1111329
4990062
6431272
8561578
4397587
2747176
9697633
6164941
9446302
3781779
7504349
7166529
6883305
8278242
2672279
9332395
2021331
8579861
4847596
2892681
2158981
4491474
2769868
7107492
9913136
8742365
2352728
8942418
8994178
6656549
9681333
7307027
1088933
2302665
5876048
4337067
6922129
3360683
1100722
3973250
4295616
4729138
2576830
8846112
4586275
8091021
5976161
7412307
8124956
3727870
6491017
9173725
5819435
2843821
5887066
9201105
3091125
9420230
6538797
1839790
4892763
6287101
1888066
9351102
2964167
1043839
2053952
5633784
9845877
1873636
6213107
4734205
7193175
4383035
2441701
1318687
2236865
7962646
5243024
4514912
5130487
2666495
7373099
1340200
7986292
6274746
8335220
8692704
3563453
7816965
6471677
4724007
9693853
5755524
6654282
7957618
4746122
6675769
2927034
1212648
3902432
3053380
8746923
4736286
3364044
3847502
5001828
5278280
1074324
9665595
9642030
6695544
8127006
2181960
8678635
3064203
2051719
8913675
2152017
8515521
3479789
5507490
8426129
3284117
7446575
6884765
3091075
4983278
8299404
8304183
6900293
8584468
8141529
5388186
1301716
1795550
4263271
7866883
6899098
8637730
6956732
9001277
8532977
8611581
3826345
7465497
4093439
6698485
8950485
8678726
2963859
5671365
5528560
2939036
7176935
3656753
4279194
7681463
3968719
8883290
1255301
5672353
4643824
9477635
5617201
7926256
7061973
5630180
1204351
7822529
7508191
5756765
4514232
2795796
2857843
5981831
8709783
5349418
6506584
3809615
9162653
1747179
1047017
7527171
2254100
9665149
2931904
5656738
2096270
3789185
4940125
8945902
8870318
6469863
1565213
6300197
2003079
1971252
1099750
6490472
6265229
9740178
7710043
2210466
1923105
2893184
3450707
8430140
9342281
3304347
3846167
9182816
7248655
3550244
5036403
6284220
2664729
1950683
7474101
1619712
5576962
8029892
3247076
9522795
1096407
8486608
7577299
8213554
5748396
6619695
2373583
5758618
9615600
6589804
8888846
9024800
2673391
7169632
4494593
4573326
6526319
4212683
9472538
3585432
6312525
2545360
4146873
8974222
5928752
6160271
7021380
5025668
4552799
9786008
9250534
2333152
2044503
5922029
3791250
5055459
2074680
8223105
7662344
6883619
9422609
5439464
3627352
5205087
8330033
3750494
1525164
2930708
9757520
9128443
7320147
5697391
1234821
6515358
8786619
1692628
3676617
8609393
2829855
8875253
1792604
3468885
7963866
8931429
5291759
3387647
1127954
7651783
5821594
8157394
8163081
4608442
5014079
7004525
8782569
7210536
6007271
5324120
1736422
6087343
7387260
5212347
5223856
8182510
4742007
2428463
5643778
2903691
9397059
1711304
7353428
8617235
3448802
6275802
6221312
8932051
4573238
2896755
4938860
1737055
3839099
1822169
7662019
9350024
3878819
2706901
1945529
2943170
5824714
1066487
3133382
7458790
9767364
8032035
6588163
3921492
5107844
8115131
9598356
6134333
2115727
5060038
3553029
3378199
9216648
6896201
1741520
5551945
5554293
5337196
1615902
5336617
6286754
8642200
5294948
2285572
9200853
9307046
8212288
8059205
6516034
7714267
6151092
7059345
2178640
7332850
4255515
6010625
7379924
5130746
7345002
9514513
9942484
5887009
2125841
5271152
1335999
7041984
9133778
6069007
6826651
2006425
4983345
1616703
9404488
3834717
9851141
9956030
9090420
1742730
9648694
1358906
1597734
3491291
3571312
5739272
1756807
2960754
4337384
9760318
7684438
7048619
1238076
1002159
2454179
4296874
7806072
4624454
2823006
2984448
7820550
1901174
1444794
2607369
4673405
1730433
3439988
9868345
6478743
7740846
8589441
9819567
8588548
4930192
5889687
4645857
6995443
4642108
3173106
9476249
1449570
2396098
7231178
8469688
9445507
3623471
8154107
6102369
2763722
4212050
7310958
4715585
2650172
9760045
7322951
8716341
1285627
3814741
9256847
4474403
2670768
8612437
9664819
3290645
5336280
8772103
1761292
1216419
1446291
7815356
1189688
9008616
6175824
6662381
2468002
5321655
2324165
6537618
7011013
5691006
6669047
1259539
6669207
3324850
8056389
1957564
4138732
2621893
7387809
6915989
5726721
8939141
9811178
3845722
4981674
5779670
6701508
3335032
1661086
8037362
4300769
8603560
1028458
9396751
8603996
8981704
1458595
7717849
9285564
1431272
4617625
6926145
3467095
8510873
8388936
8850557
5357815
8101572
1429033
6179657
5052009
2834121
3803097
9806269
7638035
8846125
5362808
8550888
7458174
4585722
4812669
7658534
2054734
7181465
3377232
4120021
8790886
9993650
7275016
5863526
3624855
5130303
7492118
2007689
6069402
2853124
1962930
7892016
7458779
6472716
5963661
2188344
1391609
6586967
8445063
2645589
8774581
4320271
3561539
4275325
8423480
7402805
6984008
7960639
4555912
8326550
8549577
7765412
1063388
5555531
9069847
1456637
5755365
5753161
9155117
9311551
3891832
1159717
2201268
1076164
9149714
6109844
1899409
2089444
8180715
7100177
1997005
1047203
9427695
1571591
6024331
6034851
3613112
3651801
1559599
6543612
3539208
9645567
2320509
4625450
9487351
6507172
8305576
2984064
2752760
2789957
7752229
4620259
9318969
3517731
6759935
5281937
8112690
5653844
5095516
9731987
8235454
5823590
2275440
1860536
5694896
4502949
6359401
7779883
8315088
3876047
8930075
4336086
1095399
9347237
9626261
1334440
9861951
4832820
8223988
2424381
2735183
7789076
3585279
2823117
5005957
8230831
2765443
5179359
4843189
1111037
2333439
7832086
7109746
4116631
1711723
9492243
2558882
9081482
7872413
9638844
3017679
4140534
6033364
3985085
2662668
3936783
1098745
3234302
3489852
5035843
1910699
9078557
1710114
2138404
9959770
6520740
2345197
8819800
2499671
6698221
4260098
7556782
4094082
1058397
9858302
7323307
1280732
4839678
9819220
9877061
8561478
8380776
2247645
5883374
2116297
8468329
9336838
5051933
5298392
7007428
3643279
5299193
8696692
9972024
1111209
7587567
6034191
5648290
1464111
7716542
1712795
1558173
2869712
9123176
4018868
2407887
5968324
9003282
5968251
9589815
8701654
6290294
7052229
6411725
8502842
4835032
8043699
6247698
5334911
3396616
8944547
9275057
4868942
5561479
1291248
2689374
1649532
3185157
6202246
6085005
4228148
2872081
8774896
1735093
8293433
2085513
4672830
5825302
9273035
8165340
5373361
4222863
2245264
4551062
5199905
8317356
5782078
7170555
3381298
4044304
4919758
2740567
6453538
8536279
8907579
8668892
7648014
8068894
6229251
7348037
6246318
5353134
2237549
4687330
8059814
5229790
1509372
6010899
5554823
6895000
7500987
9800618
3104742
4938422
2146610
2725444
8019571
9784805
4053489
2976184
7315885
3674114
8547891
3219186
4937372
8461652
1544252
4221513
5799703
2975265
9569246
4323807
9183775
