100
5000003
5000001
5000002
5000009
5000005
5000004
5000006
5000007
5000008
5000022
5000014
5000011
5000012
5000013
5000010
5000016
5000017
5000015
5000018
5000019
5000020
5000021
5000048
5000027
5000024
5000025
5000026
5000034
5000029
5000028
5000030
5000031
5000032
5000033
5000023
5000036
5000040
5000037
5000038
5000039
5000035
5000042
5000043
5000041
5000044
5000045
5000046
5000047
5000000
5000052
5000050
5000051
5000059
5000054
5000053
5000055
5000056
5000057
5000058
5000073
5000061
5000065
5000062
5000063
5000064
5000060
5000067
5000068
5000066
5000069
5000070
5000071
5000072
5000049
5000078
5000075
5000076
5000077
5000085
5000080
5000079
5000081
5000082
5000083
5000084
5000074
5000087
5000091
5000088
5000089
5000090
5000086
5000093
5000094
5000092
5000096
5000095
5000097
5000098
5000099
