1000
7000004
7000001
7000002
7000003
7000012
7000006
7000007
7000005
7000008
7000009
7000010
7000011
7000028
7000014
7000019
7000015
7000016
7000017
7000018
7000013
7000021
7000022
7000020
7000024
7000023
7000025
7000026
7000027
7000059
7000030
7000034
7000031
7000032
7000033
7000042
7000036
7000037
7000035
7000038
7000039
7000040
7000041
7000029
7000044
7000049
7000045
7000046
7000047
7000048
7000043
7000053
7000051
7000052
7000050
7000055
7000054
7000056
7000057
7000058
7000122
7000061
7000065
7000062
7000063
7000064
7000073
7000067
7000068
7000066
7000069
7000070
7000071
7000072
7000089
7000075
7000080
7000076
7000077
7000078
7000079
7000074
7000082
7000083
7000081
7000085
7000084
7000086
7000087
7000088
7000060
7000091
7000095
7000092
7000093
7000094
7000104
7000097
7000098
7000096
7000100
7000099
7000101
7000102
7000103
7000090
7000106
7000107
7000112
7000108
7000109
7000110
7000111
7000105
7000116
7000114
7000115
7000113
7000118
7000117
7000119
7000120
7000121
7000247
7000127
7000124
7000125
7000126
7000135
7000129
7000130
7000128
7000131
7000132
7000133
7000134
7000151
7000137
7000142
7000138
7000139
7000140
7000141
7000136
7000144
7000145
7000143
7000147
7000146
7000148
7000149
7000150
7000183
7000153
7000157
7000154
7000155
7000156
7000166
7000159
7000160
7000158
7000162
7000161
7000163
7000164
7000165
7000152
7000168
7000173
7000169
7000170
7000171
7000172
7000167
7000177
7000175
7000176
7000174
7000179
7000178
7000180
7000181
7000182
7000123
7000185
7000189
7000186
7000187
7000188
7000197
7000191
7000192
7000190
7000193
7000194
7000195
7000196
7000214
7000199
7000204
7000200
7000201
7000202
7000203
7000198
7000208
7000206
7000207
7000205
7000210
7000209
7000211
7000212
7000213
7000184
7000216
7000220
7000217
7000218
7000219
7000229
7000222
7000223
7000221
7000225
7000224
7000226
7000227
7000228
7000215
7000231
7000232
7000237
7000233
7000234
7000235
7000236
7000230
7000241
7000239
7000240
7000238
7000243
7000242
7000244
7000245
7000246
7000498
7000252
7000249
7000250
7000251
7000260
7000254
7000255
7000253
7000256
7000257
7000258
7000259
7000276
7000262
7000267
7000263
7000264
7000265
7000266
7000261
7000269
7000270
7000268
7000272
7000271
7000273
7000274
7000275
7000308
7000278
7000282
7000279
7000280
7000281
7000291
7000284
7000285
7000283
7000287
7000286
7000288
7000289
7000290
7000277
7000293
7000298
7000294
7000295
7000296
7000297
7000292
7000302
7000300
7000301
7000299
7000304
7000303
7000305
7000306
7000307
7000371
7000310
7000314
7000311
7000312
7000313
7000322
7000316
7000317
7000315
7000318
7000319
7000320
7000321
7000338
7000324
7000329
7000325
7000326
7000327
7000328
7000323
7000331
7000332
7000330
7000334
7000333
7000335
7000336
7000337
7000309
7000340
7000344
7000341
7000342
7000343
7000353
7000346
7000347
7000345
7000349
7000348
7000350
7000351
7000352
7000339
7000355
7000356
7000361
7000357
7000358
7000359
7000360
7000354
7000365
7000363
7000364
7000362
7000367
7000366
7000368
7000369
7000370
7000248
7000373
7000377
7000374
7000375
7000376
7000385
7000379
7000380
7000378
7000381
7000382
7000383
7000384
7000401
7000387
7000392
7000388
7000389
7000390
7000391
7000386
7000394
7000395
7000393
7000397
7000396
7000398
7000399
7000400
7000433
7000403
7000407
7000404
7000405
7000406
7000416
7000409
7000410
7000408
7000412
7000411
7000413
7000414
7000415
7000402
7000418
7000423
7000419
7000420
7000421
7000422
7000417
7000427
7000425
7000426
7000424
7000429
7000428
7000430
7000431
7000432
7000372
7000435
7000439
7000436
7000437
7000438
7000447
7000441
7000442
7000440
7000443
7000444
7000445
7000446
7000464
7000449
7000454
7000450
7000451
7000452
7000453
7000448
7000458
7000456
7000457
7000455
7000460
7000459
7000461
7000462
7000463
7000434
7000466
7000471
7000467
7000468
7000469
7000470
7000480
7000473
7000474
7000472
7000476
7000475
7000477
7000478
7000479
7000465
7000482
7000483
7000488
7000484
7000485
7000486
7000487
7000481
7000492
7000490
7000491
7000489
7000494
7000493
7000495
7000496
7000497
7000000
7000503
7000500
7000501
7000502
7000511
7000505
7000506
7000504
7000507
7000508
7000509
7000510
7000527
7000513
7000518
7000514
7000515
7000516
7000517
7000512
7000520
7000521
7000519
7000523
7000522
7000524
7000525
7000526
7000559
7000529
7000533
7000530
7000531
7000532
7000542
7000535
7000536
7000534
7000538
7000537
7000539
7000540
7000541
7000528
7000544
7000549
7000545
7000546
7000547
7000548
7000543
7000553
7000551
7000552
7000550
7000555
7000554
7000556
7000557
7000558
7000622
7000561
7000565
7000562
7000563
7000564
7000573
7000567
7000568
7000566
7000569
7000570
7000571
7000572
7000589
7000575
7000580
7000576
7000577
7000578
7000579
7000574
7000582
7000583
7000581
7000585
7000584
7000586
7000587
7000588
7000560
7000591
7000595
7000592
7000593
7000594
7000604
7000597
7000598
7000596
7000600
7000599
7000601
7000602
7000603
7000590
7000606
7000607
7000612
7000608
7000609
7000610
7000611
7000605
7000616
7000614
7000615
7000613
7000618
7000617
7000619
7000620
7000621
7000748
7000624
7000628
7000625
7000626
7000627
7000636
7000630
7000631
7000629
7000632
7000633
7000634
7000635
7000652
7000638
7000643
7000639
7000640
7000641
7000642
7000637
7000645
7000646
7000644
7000648
7000647
7000649
7000650
7000651
7000684
7000654
7000658
7000655
7000656
7000657
7000667
7000660
7000661
7000659
7000663
7000662
7000664
7000665
7000666
7000653
7000669
7000674
7000670
7000671
7000672
7000673
7000668
7000678
7000676
7000677
7000675
7000680
7000679
7000681
7000682
7000683
7000623
7000686
7000690
7000687
7000688
7000689
7000698
7000692
7000693
7000691
7000694
7000695
7000696
7000697
7000715
7000700
7000705
7000701
7000702
7000703
7000704
7000699
7000709
7000707
7000708
7000706
7000711
7000710
7000712
7000713
7000714
7000685
7000717
7000721
7000718
7000719
7000720
7000730
7000723
7000724
7000722
7000726
7000725
7000727
7000728
7000729
7000716
7000732
7000733
7000738
7000734
7000735
7000736
7000737
7000731
7000742
7000740
7000741
7000739
7000744
7000743
7000745
7000746
7000747
7000499
7000753
7000750
7000751
7000752
7000761
7000755
7000756
7000754
7000757
7000758
7000759
7000760
7000777
7000763
7000768
7000764
7000765
7000766
7000767
7000762
7000770
7000771
7000769
7000773
7000772
7000774
7000775
7000776
7000809
7000779
7000783
7000780
7000781
7000782
7000792
7000785
7000786
7000784
7000788
7000787
7000789
7000790
7000791
7000778
7000794
7000799
7000795
7000796
7000797
7000798
7000793
7000803
7000801
7000802
7000800
7000805
7000804
7000806
7000807
7000808
7000873
7000811
7000815
7000812
7000813
7000814
7000823
7000817
7000818
7000816
7000819
7000820
7000821
7000822
7000840
7000825
7000830
7000826
7000827
7000828
7000829
7000824
7000834
7000832
7000833
7000831
7000836
7000835
7000837
7000838
7000839
7000810
7000842
7000846
7000843
7000844
7000845
7000855
7000848
7000849
7000847
7000851
7000850
7000852
7000853
7000854
7000841
7000857
7000858
7000863
7000859
7000860
7000861
7000862
7000856
7000867
7000865
7000866
7000864
7000869
7000868
7000870
7000871
7000872
7000749
7000875
7000879
7000876
7000877
7000878
7000887
7000881
7000882
7000880
7000883
7000884
7000885
7000886
7000903
7000889
7000894
7000890
7000891
7000892
7000893
7000888
7000896
7000897
7000895
7000899
7000898
7000900
7000901
7000902
7000935
7000905
7000909
7000906
7000907
7000908
7000918
7000911
7000912
7000910
7000914
7000913
7000915
7000916
7000917
7000904
7000920
7000925
7000921
7000922
7000923
7000924
7000919
7000929
7000927
7000928
7000926
7000931
7000930
7000932
7000933
7000934
7000874
7000937
7000941
7000938
7000939
7000940
7000949
7000943
7000944
7000942
7000945
7000946
7000947
7000948
7000966
7000951
7000956
7000952
7000953
7000954
7000955
7000950
7000960
7000958
7000959
7000957
7000962
7000961
7000963
7000964
7000965
7000936
7000968
7000973
7000969
7000970
7000971
7000972
7000982
7000975
7000976
7000974
7000978
7000977
7000979
7000980
7000981
7000967
7000984
7000985
7000990
7000986
7000987
7000988
7000989
7000983
7000994
7000992
7000993
7000991
7000996
7000995
7000997
7000998
7000999
