10000
990012
990013
990011
990014
990010
990015
990016
990018
990017
990009
990020
990021
990019
990022
990027
990023
990024
990026
990025
990008
990030
990031
990029
990032
990028
990033
990034
990036
990035
990046
990038
990039
990037
990040
990045
990041
990042
990044
990043
990007
990051
990052
990050
990053
990049
990054
990055
990057
990056
990048
990060
990059
990061
990058
990062
990063
990064
990065
990047
990069
990068
990070
990067
990071
990073
990072
990066
990075
990074
990076
990080
990077
990079
990078
990081
990082
990083
990084
990006
990090
990091
990089
990092
990088
990093
990094
990096
990095
990087
990099
990098
990100
990097
990101
990102
990103
990104
990086
990107
990108
990106
990109
990105
990110
990111
990113
990112
990122
990116
990115
990117
990114
990118
990119
990120
990121
990085
990126
990127
990125
990128
990124
990129
990130
990132
990131
990123
990135
990134
990136
990133
990137
990138
990139
990140
990159
990143
990144
990142
990145
990141
990146
990147
990149
990148
990158
990152
990151
990153
990150
990154
990155
990156
990157
990160
990161
990005
990168
990169
990167
990170
990166
990171
990172
990174
990173
990165
990176
990177
990175
990178
990183
990179
990180
990182
990181
990164
990187
990188
990186
990189
990185
990190
990191
990192
990184
990194
990195
990193
990196
990197
990198
990199
990200
990201
990163
990206
990207
990205
990208
990204
990209
990210
990211
990203
990213
990214
990212
990215
990219
990216
990217
990218
990202
990222
990223
990221
990224
990220
990225
990226
990227
990236
990229
990230
990228
990231
990235
990232
990233
990234
990237
990238
990162
990243
990244
990242
990245
990241
990246
990247
990249
990248
990240
990251
990252
990250
990253
990258
990254
990255
990257
990256
990239
990262
990263
990261
990264
990260
990265
990266
990267
990259
990269
990270
990268
990271
990272
990273
990274
990275
990276
990314
990281
990282
990280
990283
990279
990284
990285
990286
990278
990288
990289
990287
990290
990294
990291
990292
990293
990277
990297
990298
990296
990299
990295
990300
990301
990302
990311
990304
990305
990303
990306
990310
990307
990308
990309
990312
990313
990315
990316
990004
990323
990324
990322
990325
990321
990326
990327
990329
990328
990320
990331
990332
990330
990333
990338
990334
990335
990337
990336
990319
990341
990342
990340
990343
990339
990344
990345
990347
990346
990357
990349
990350
990348
990351
990356
990352
990353
990355
990354
990318
990362
990363
990361
990364
990360
990365
990366
990368
990367
990359
990371
990370
990372
990369
990373
990374
990375
990376
990358
990380
990379
990381
990378
990382
990384
990383
990377
990386
990385
990387
990391
990388
990390
990389
990392
990393
990394
990395
990317
990401
990402
990400
990403
990399
990404
990405
990407
990406
990398
990410
990409
990411
990408
990412
990413
990414
990415
990397
990418
990419
990417
990420
990416
990421
990422
990424
990423
990433
990427
990426
990428
990425
990429
990430
990431
990432
990396
990437
990438
990436
990439
990435
990440
990441
990443
990442
990434
990446
990445
990447
990444
990448
990449
990450
990451
990470
990454
990455
990453
990456
990452
990457
990458
990460
990459
990469
990463
990462
990464
990461
990465
990466
990467
990468
990471
990472
990628
990479
990480
990478
990481
990477
990482
990483
990485
990484
990476
990487
990488
990486
990489
990494
990490
990491
990493
990492
990475
990498
990499
990497
990500
990496
990501
990502
990503
990495
990505
990506
990504
990507
990508
990509
990510
990511
990512
990474
990517
990518
990516
990519
990515
990520
990521
990522
990514
990524
990525
990523
990526
990530
990527
990528
990529
990513
990533
990534
990532
990535
990531
990536
990537
990538
990547
990540
990541
990539
990542
990546
990543
990544
990545
990548
990549
990473
990554
990555
990553
990556
990552
990557
990558
990560
990559
990551
990562
990563
990561
990564
990569
990565
990566
990568
990567
990550
990573
990574
990572
990575
990571
990576
990577
990578
990570
990580
990581
990579
990582
990583
990584
990585
990586
990587
990625
990592
990593
990591
990594
990590
990595
990596
990597
990589
990599
990600
990598
990601
990605
990602
990603
990604
990588
990608
990609
990607
990610
990606
990611
990612
990613
990622
990615
990616
990614
990617
990621
990618
990619
990620
990623
990624
990626
990627
990003
990637
990638
990636
990639
990635
990640
990641
990643
990642
990634
990645
990646
990644
990647
990652
990648
990649
990651
990650
990633
990656
990657
990655
990658
990654
990659
990660
990661
990653
990663
990664
990662
990665
990666
990667
990668
990669
990670
990632
990674
990675
990673
990676
990672
990677
990678
990680
990679
990671
990682
990683
990681
990684
990689
990685
990686
990688
990687
990708
990693
990694
990692
990695
990691
990696
990697
990698
990690
990700
990701
990699
990702
990703
990704
990705
990706
990707
990631
990713
990714
990712
990715
990711
990716
990717
990719
990718
990710
990721
990722
990720
990723
990728
990724
990725
990727
990726
990709
990732
990733
990731
990734
990730
990735
990736
990737
990729
990739
990740
990738
990741
990742
990743
990744
990745
990746
990785
990750
990751
990749
990752
990748
990753
990754
990756
990755
990747
990758
990759
990757
990760
990765
990761
990762
990764
990763
990784
990769
990770
990768
990771
990767
990772
990773
990774
990766
990776
990777
990775
990778
990779
990780
990781
990782
990783
990630
990791
990792
990790
990793
990789
990794
990795
990797
990796
990788
990799
990800
990798
990801
990806
990802
990803
990805
990804
990787
990810
990811
990809
990812
990808
990813
990814
990815
990807
990817
990818
990816
990819
990820
990821
990822
990823
990824
990786
990828
990829
990827
990830
990826
990831
990832
990834
990833
990825
990836
990837
990835
990838
990843
990839
990840
990842
990841
990862
990847
990848
990846
990849
990845
990850
990851
990852
990844
990854
990855
990853
990856
990857
990858
990859
990860
990861
990940
990867
990868
990866
990869
990865
990870
990871
990873
990872
990864
990875
990876
990874
990877
990882
990878
990879
990881
990880
990863
990886
990887
990885
990888
990884
990889
990890
990891
990883
990893
990894
990892
990895
990896
990897
990898
990899
990900
990939
990904
990905
990903
990906
990902
990907
990908
990910
990909
990901
990912
990913
990911
990914
990919
990915
990916
990918
990917
990938
990923
990924
990922
990925
990921
990926
990927
990928
990920
990930
990931
990929
990932
990933
990934
990935
990936
990937
990629
990948
990949
990947
990950
990946
990951
990952
990954
990953
990945
990956
990957
990955
990958
990963
990959
990960
990962
990961
990944
990967
990968
990966
990969
990965
990970
990971
990972
990964
990974
990975
990973
990976
990977
990978
990979
990980
990981
990943
990985
990986
990984
990987
990983
990988
990989
990991
990990
990982
990993
990994
990992
990995
991000
990996
990997
990999
990998
991019
991004
991005
991003
991006
991002
991007
991008
991009
991001
991011
991012
991010
991013
991014
991015
991016
991017
991018
990942
991025
991026
991024
991027
991023
991028
991029
991031
991030
991022
991034
991033
991035
991032
991036
991037
991038
991039
991021
991042
991043
991041
991044
991040
991045
991046
991048
991047
991057
991051
991050
991052
991049
991053
991054
991055
991056
991020
991062
991063
991061
991064
991060
991065
991066
991067
991059
991069
991070
991068
991071
991075
991072
991073
991074
991058
991079
991078
991080
991077
991081
991083
991082
991076
991085
991086
991084
991087
991088
991089
991090
991091
991092
991093
991094
991095
990941
991102
991103
991101
991104
991100
991105
991106
991108
991107
991099
991111
991110
991112
991109
991113
991114
991115
991116
991098
991119
991120
991118
991121
991117
991122
991123
991125
991124
991134
991128
991127
991129
991126
991130
991131
991132
991133
991097
991138
991139
991137
991140
991136
991141
991142
991144
991143
991135
991147
991146
991148
991145
991149
991150
991151
991152
991171
991155
991156
991154
991157
991153
991158
991159
991161
991160
991170
991164
991163
991165
991162
991166
991167
991168
991169
991096
991176
991177
991175
991178
991174
991179
991180
991182
991181
991173
991185
991184
991186
991183
991187
991188
991189
991190
991172
991193
991194
991192
991195
991191
991196
991197
991199
991198
991208
991202
991201
991203
991200
991204
991205
991206
991207
991246
991212
991213
991211
991214
991210
991215
991216
991218
991217
991209
991221
991220
991222
991219
991223
991224
991225
991226
991245
991229
991230
991228
991231
991227
991232
991233
991235
991234
991244
991238
991237
991239
991236
991240
991241
991242
991243
991247
991248
991249
991250
991251
991252
990002
991262
991263
991261
991264
991260
991265
991266
991268
991267
991259
991270
991271
991269
991272
991277
991273
991274
991276
991275
991258
991281
991282
991280
991283
991279
991284
991285
991286
991278
991288
991289
991287
991290
991291
991292
991293
991294
991295
991257
991299
991300
991298
991301
991297
991302
991303
991305
991304
991296
991307
991308
991306
991309
991314
991310
991311
991313
991312
991333
991318
991319
991317
991320
991316
991321
991322
991323
991315
991325
991326
991324
991327
991328
991329
991330
991331
991332
991256
991338
991339
991337
991340
991336
991341
991342
991344
991343
991335
991346
991347
991345
991348
991353
991349
991350
991352
991351
991334
991357
991358
991356
991359
991355
991360
991361
991362
991354
991364
991365
991363
991366
991367
991368
991369
991370
991371
991410
991375
991376
991374
991377
991373
991378
991379
991381
991380
991372
991383
991384
991382
991385
991390
991386
991387
991389
991388
991409
991394
991395
991393
991396
991392
991397
991398
991399
991391
991401
991402
991400
991403
991404
991405
991406
991407
991408
991255
991416
991417
991415
991418
991414
991419
991420
991422
991421
991413
991424
991425
991423
991426
991431
991427
991428
991430
991429
991412
991435
991436
991434
991437
991433
991438
991439
991440
991432
991442
991443
991441
991444
991445
991446
991447
991448
991449
991411
991453
991454
991452
991455
991451
991456
991457
991459
991458
991450
991461
991462
991460
991463
991468
991464
991465
991467
991466
991487
991472
991473
991471
991474
991470
991475
991476
991477
991469
991479
991480
991478
991481
991482
991483
991484
991485
991486
991565
991492
991493
991491
991494
991490
991495
991496
991498
991497
991489
991500
991501
991499
991502
991507
991503
991504
991506
991505
991488
991511
991512
991510
991513
991509
991514
991515
991516
991508
991518
991519
991517
991520
991521
991522
991523
991524
991525
991564
991529
991530
991528
991531
991527
991532
991533
991535
991534
991526
991537
991538
991536
991539
991544
991540
991541
991543
991542
991563
991548
991549
991547
991550
991546
991551
991552
991553
991545
991555
991556
991554
991557
991558
991559
991560
991561
991562
991254
991572
991573
991571
991574
991570
991575
991576
991578
991577
991569
991580
991581
991579
991582
991587
991583
991584
991586
991585
991568
991591
991592
991590
991593
991589
991594
991595
991596
991588
991598
991599
991597
991600
991601
991602
991603
991604
991605
991567
991609
991610
991608
991611
991607
991612
991613
991615
991614
991606
991617
991618
991616
991619
991624
991620
991621
991623
991622
991643
991628
991629
991627
991630
991626
991631
991632
991633
991625
991635
991636
991634
991637
991638
991639
991640
991641
991642
991566
991648
991649
991647
991650
991646
991651
991652
991654
991653
991645
991656
991657
991655
991658
991663
991659
991660
991662
991661
991644
991667
991668
991666
991669
991665
991670
991671
991672
991664
991674
991675
991673
991676
991677
991678
991679
991680
991681
991720
991685
991686
991684
991687
991683
991688
991689
991691
991690
991682
991693
991694
991692
991695
991700
991696
991697
991699
991698
991719
991704
991705
991703
991706
991702
991707
991708
991709
991701
991711
991712
991710
991713
991714
991715
991716
991717
991718
991876
991726
991727
991725
991728
991724
991729
991730
991732
991731
991723
991734
991735
991733
991736
991741
991737
991738
991740
991739
991722
991745
991746
991744
991747
991743
991748
991749
991750
991742
991752
991753
991751
991754
991755
991756
991757
991758
991759
991721
991763
991764
991762
991765
991761
991766
991767
991769
991768
991760
991771
991772
991770
991773
991778
991774
991775
991777
991776
991797
991782
991783
991781
991784
991780
991785
991786
991787
991779
991789
991790
991788
991791
991792
991793
991794
991795
991796
991875
991802
991803
991801
991804
991800
991805
991806
991808
991807
991799
991810
991811
991809
991812
991817
991813
991814
991816
991815
991798
991821
991822
991820
991823
991819
991824
991825
991826
991818
991828
991829
991827
991830
991831
991832
991833
991834
991835
991874
991839
991840
991838
991841
991837
991842
991843
991845
991844
991836
991847
991848
991846
991849
991854
991850
991851
991853
991852
991873
991858
991859
991857
991860
991856
991861
991862
991863
991855
991865
991866
991864
991867
991868
991869
991870
991871
991872
991253
991884
991885
991883
991886
991882
991887
991888
991890
991889
991881
991892
991893
991891
991894
991899
991895
991896
991898
991897
991880
991903
991904
991902
991905
991901
991906
991907
991908
991900
991910
991911
991909
991912
991913
991914
991915
991916
991917
991879
991921
991922
991920
991923
991919
991924
991925
991927
991926
991918
991929
991930
991928
991931
991936
991932
991933
991935
991934
991955
991940
991941
991939
991942
991938
991943
991944
991945
991937
991947
991948
991946
991949
991950
991951
991952
991953
991954
991878
991960
991961
991959
991962
991958
991963
991964
991966
991965
991957
991968
991969
991967
991970
991975
991971
991972
991974
991973
991956
991979
991980
991978
991981
991977
991982
991983
991984
991976
991986
991987
991985
991988
991989
991990
991991
991992
991993
992032
991997
991998
991996
991999
991995
992000
992001
992003
992002
991994
992005
992006
992004
992007
992012
992008
992009
992011
992010
992031
992016
992017
992015
992018
992014
992019
992020
992021
992013
992023
992024
992022
992025
992026
992027
992028
992029
992030
991877
992038
992039
992037
992040
992036
992041
992042
992044
992043
992035
992046
992047
992045
992048
992053
992049
992050
992052
992051
992034
992057
992058
992056
992059
992055
992060
992061
992062
992054
992064
992065
992063
992066
992067
992068
992069
992070
992071
992033
992075
992076
992074
992077
992073
992078
992079
992081
992080
992072
992083
992084
992082
992085
992090
992086
992087
992089
992088
992109
992094
992095
992093
992096
992092
992097
992098
992099
992091
992101
992102
992100
992103
992104
992105
992106
992107
992108
992187
992114
992115
992113
992116
992112
992117
992118
992120
992119
992111
992122
992123
992121
992124
992129
992125
992126
992128
992127
992110
992133
992134
992132
992135
992131
992136
992137
992138
992130
992140
992141
992139
992142
992143
992144
992145
992146
992147
992186
992151
992152
992150
992153
992149
992154
992155
992157
992156
992148
992159
992160
992158
992161
992166
992162
992163
992165
992164
992185
992170
992171
992169
992172
992168
992173
992174
992175
992167
992177
992178
992176
992179
992180
992181
992182
992183
992184
992499
992194
992195
992193
992196
992192
992197
992198
992200
992199
992191
992202
992203
992201
992204
992209
992205
992206
992208
992207
992190
992213
992214
992212
992215
992211
992216
992217
992218
992210
992220
992221
992219
992222
992223
992224
992225
992226
992227
992189
992231
992232
992230
992233
992229
992234
992235
992237
992236
992228
992239
992240
992238
992241
992246
992242
992243
992245
992244
992265
992250
992251
992249
992252
992248
992253
992254
992255
992247
992257
992258
992256
992259
992260
992261
992262
992263
992264
992188
992270
992271
992269
992272
992268
992273
992274
992276
992275
992267
992278
992279
992277
992280
992285
992281
992282
992284
992283
992266
992289
992290
992288
992291
992287
992292
992293
992294
992286
992296
992297
992295
992298
992299
992300
992301
992302
992303
992342
992307
992308
992306
992309
992305
992310
992311
992313
992312
992304
992315
992316
992314
992317
992322
992318
992319
992321
992320
992341
992326
992327
992325
992328
992324
992329
992330
992331
992323
992333
992334
992332
992335
992336
992337
992338
992339
992340
992498
992348
992349
992347
992350
992346
992351
992352
992354
992353
992345
992356
992357
992355
992358
992363
992359
992360
992362
992361
992344
992367
992368
992366
992369
992365
992370
992371
992372
992364
992374
992375
992373
992376
992377
992378
992379
992380
992381
992343
992385
992386
992384
992387
992383
992388
992389
992391
992390
992382
992393
992394
992392
992395
992400
992396
992397
992399
992398
992419
992404
992405
992403
992406
992402
992407
992408
992409
992401
992411
992412
992410
992413
992414
992415
992416
992417
992418
992497
992424
992425
992423
992426
992422
992427
992428
992430
992429
992421
992432
992433
992431
992434
992439
992435
992436
992438
992437
992420
992443
992444
992442
992445
992441
992446
992447
992448
992440
992450
992451
992449
992452
992453
992454
992455
992456
992457
992496
992461
992462
992460
992463
992459
992464
992465
992467
992466
992458
992469
992470
992468
992471
992476
992472
992473
992475
992474
992495
992480
992481
992479
992482
992478
992483
992484
992485
992477
992487
992488
992486
992489
992490
992491
992492
992493
992494
992500
992501
990001
992512
992513
992511
992514
992510
992515
992516
992518
992517
992509
992520
992521
992519
992522
992527
992523
992524
992526
992525
992508
992530
992531
992529
992532
992528
992533
992534
992536
992535
992546
992538
992539
992537
992540
992545
992541
992542
992544
992543
992507
992551
992552
992550
992553
992549
992554
992555
992557
992556
992548
992560
992559
992561
992558
992562
992563
992564
992565
992547
992569
992568
992570
992567
992571
992573
992572
992566
992575
992574
992576
992580
992577
992579
992578
992581
992582
992583
992584
992506
992590
992591
992589
992592
992588
992593
992594
992596
992595
992587
992599
992598
992600
992597
992601
992602
992603
992604
992586
992607
992608
992606
992609
992605
992610
992611
992613
992612
992622
992616
992615
992617
992614
992618
992619
992620
992621
992585
992626
992627
992625
992628
992624
992629
992630
992632
992631
992623
992635
992634
992636
992633
992637
992638
992639
992640
992659
992643
992644
992642
992645
992641
992646
992647
992649
992648
992658
992652
992651
992653
992650
992654
992655
992656
992657
992660
992661
992505
992668
992669
992667
992670
992666
992671
992672
992674
992673
992665
992676
992677
992675
992678
992683
992679
992680
992682
992681
992664
992687
992688
992686
992689
992685
992690
992691
992692
992684
992694
992695
992693
992696
992697
992698
992699
992700
992701
992663
992706
992707
992705
992708
992704
992709
992710
992711
992703
992713
992714
992712
992715
992719
992716
992717
992718
992702
992722
992723
992721
992724
992720
992725
992726
992727
992736
992729
992730
992728
992731
992735
992732
992733
992734
992737
992738
992662
992743
992744
992742
992745
992741
992746
992747
992749
992748
992740
992751
992752
992750
992753
992758
992754
992755
992757
992756
992739
992762
992763
992761
992764
992760
992765
992766
992767
992759
992769
992770
992768
992771
992772
992773
992774
992775
992776
992814
992781
992782
992780
992783
992779
992784
992785
992786
992778
992788
992789
992787
992790
992794
992791
992792
992793
992777
992797
992798
992796
992799
992795
992800
992801
992802
992811
992804
992805
992803
992806
992810
992807
992808
992809
992812
992813
992815
992816
992504
992824
992825
992823
992826
992822
992827
992828
992830
992829
992821
992832
992833
992831
992834
992839
992835
992836
992838
992837
992820
992843
992844
992842
992845
992841
992846
992847
992848
992840
992850
992851
992849
992852
992853
992854
992855
992856
992857
992819
992861
992862
992860
992863
992859
992864
992865
992867
992866
992858
992869
992870
992868
992871
992876
992872
992873
992875
992874
992895
992880
992881
992879
992882
992878
992883
992884
992885
992877
992887
992888
992886
992889
992890
992891
992892
992893
992894
992818
992901
992902
992900
992903
992899
992904
992905
992907
992906
992898
992910
992909
992911
992908
992912
992913
992914
992915
992897
992918
992919
992917
992920
992916
992921
992922
992924
992923
992933
992927
992926
992928
992925
992929
992930
992931
992932
992896
992938
992939
992937
992940
992936
992941
992942
992943
992935
992945
992946
992944
992947
992951
992948
992949
992950
992934
992955
992954
992956
992953
992957
992959
992958
992952
992961
992962
992960
992963
992964
992965
992966
992967
992968
992969
992970
992971
992817
992977
992978
992976
992979
992975
992980
992981
992983
992982
992974
992985
992986
992984
992987
992992
992988
992989
992991
992990
992973
992996
992997
992995
992998
992994
992999
993000
993001
992993
993003
993004
993002
993005
993006
993007
993008
993009
993010
992972
993014
993015
993013
993016
993012
993017
993018
993020
993019
993011
993022
993023
993021
993024
993029
993025
993026
993028
993027
993048
993033
993034
993032
993035
993031
993036
993037
993038
993030
993040
993041
993039
993042
993043
993044
993045
993046
993047
993125
993054
993055
993053
993056
993052
993057
993058
993060
993059
993051
993063
993062
993064
993061
993065
993066
993067
993068
993050
993071
993072
993070
993073
993069
993074
993075
993077
993076
993086
993080
993079
993081
993078
993082
993083
993084
993085
993049
993091
993092
993090
993093
993089
993094
993095
993096
993088
993098
993099
993097
993100
993104
993101
993102
993103
993087
993108
993107
993109
993106
993110
993112
993111
993105
993114
993115
993113
993116
993117
993118
993119
993120
993121
993122
993123
993124
993126
993127
992503
993136
993137
993135
993138
993134
993139
993140
993142
993141
993133
993144
993145
993143
993146
993151
993147
993148
993150
993149
993132
993155
993156
993154
993157
993153
993158
993159
993160
993152
993162
993163
993161
993164
993165
993166
993167
993168
993169
993131
993173
993174
993172
993175
993171
993176
993177
993179
993178
993170
993181
993182
993180
993183
993188
993184
993185
993187
993186
993207
993192
993193
993191
993194
993190
993195
993196
993197
993189
993199
993200
993198
993201
993202
993203
993204
993205
993206
993130
993212
993213
993211
993214
993210
993215
993216
993218
993217
993209
993220
993221
993219
993222
993227
993223
993224
993226
993225
993208
993231
993232
993230
993233
993229
993234
993235
993236
993228
993238
993239
993237
993240
993241
993242
993243
993244
993245
993284
993249
993250
993248
993251
993247
993252
993253
993255
993254
993246
993257
993258
993256
993259
993264
993260
993261
993263
993262
993283
993268
993269
993267
993270
993266
993271
993272
993273
993265
993275
993276
993274
993277
993278
993279
993280
993281
993282
993129
993291
993292
993290
993293
993289
993294
993295
993297
993296
993288
993299
993300
993298
993301
993306
993302
993303
993305
993304
993287
993310
993311
993309
993312
993308
993313
993314
993315
993307
993317
993318
993316
993319
993320
993321
993322
993323
993324
993286
993329
993330
993328
993331
993327
993332
993333
993334
993326
993336
993337
993335
993338
993342
993339
993340
993341
993325
993345
993346
993344
993347
993343
993348
993349
993350
993359
993352
993353
993351
993354
993358
993355
993356
993357
993360
993361
993285
993367
993368
993366
993369
993365
993370
993371
993373
993372
993364
993376
993375
993377
993374
993378
993379
993380
993381
993363
993385
993384
993386
993383
993387
993389
993388
993382
993391
993390
993392
993396
993393
993395
993394
993397
993398
993362
993402
993403
993401
993404
993400
993405
993406
993408
993407
993399
993411
993410
993412
993409
993413
993414
993415
993416
993434
993420
993419
993421
993418
993422
993424
993423
993417
993426
993425
993427
993431
993428
993430
993429
993432
993433
993435
993436
993437
993438
993128
993445
993446
993444
993447
993443
993448
993449
993451
993450
993442
993453
993454
993452
993455
993460
993456
993457
993459
993458
993441
993464
993465
993463
993466
993462
993467
993468
993469
993461
993471
993472
993470
993473
993474
993475
993476
993477
993478
993440
993482
993483
993481
993484
993480
993485
993486
993488
993487
993479
993490
993491
993489
993492
993497
993493
993494
993496
993495
993516
993501
993502
993500
993503
993499
993504
993505
993506
993498
993508
993509
993507
993510
993511
993512
993513
993514
993515
993439
993521
993522
993520
993523
993519
993524
993525
993527
993526
993518
993529
993530
993528
993531
993536
993532
993533
993535
993534
993517
993540
993541
993539
993542
993538
993543
993544
993545
993537
993547
993548
993546
993549
993550
993551
993552
993553
993554
993593
993558
993559
993557
993560
993556
993561
993562
993564
993563
993555
993566
993567
993565
993568
993573
993569
993570
993572
993571
993592
993577
993578
993576
993579
993575
993580
993581
993582
993574
993584
993585
993583
993586
993587
993588
993589
993590
993591
993748
993600
993601
993599
993602
993598
993603
993604
993606
993605
993597
993608
993609
993607
993610
993615
993611
993612
993614
993613
993596
993619
993620
993618
993621
993617
993622
993623
993624
993616
993626
993627
993625
993628
993629
993630
993631
993632
993633
993595
993638
993639
993637
993640
993636
993641
993642
993643
993635
993645
993646
993644
993647
993651
993648
993649
993650
993634
993654
993655
993653
993656
993652
993657
993658
993659
993668
993661
993662
993660
993663
993667
993664
993665
993666
993669
993670
993594
993676
993677
993675
993678
993674
993679
993680
993682
993681
993673
993685
993684
993686
993683
993687
993688
993689
993690
993672
993694
993693
993695
993692
993696
993698
993697
993691
993700
993699
993701
993705
993702
993704
993703
993706
993707
993671
993711
993712
993710
993713
993709
993714
993715
993717
993716
993708
993720
993719
993721
993718
993722
993723
993724
993725
993743
993729
993728
993730
993727
993731
993733
993732
993726
993735
993734
993736
993740
993737
993739
993738
993741
993742
993744
993745
993746
993747
993749
993750
992502
993759
993760
993758
993761
993757
993762
993763
993765
993764
993756
993767
993768
993766
993769
993774
993770
993771
993773
993772
993755
993777
993778
993776
993779
993775
993780
993781
993783
993782
993793
993785
993786
993784
993787
993792
993788
993789
993791
993790
993754
993798
993799
993797
993800
993796
993801
993802
993804
993803
993795
993807
993806
993808
993805
993809
993810
993811
993812
993794
993816
993815
993817
993814
993818
993820
993819
993813
993822
993821
993823
993827
993824
993826
993825
993828
993829
993830
993831
993753
993837
993838
993836
993839
993835
993840
993841
993843
993842
993834
993846
993845
993847
993844
993848
993849
993850
993851
993833
993854
993855
993853
993856
993852
993857
993858
993860
993859
993869
993863
993862
993864
993861
993865
993866
993867
993868
993832
993873
993874
993872
993875
993871
993876
993877
993879
993878
993870
993882
993881
993883
993880
993884
993885
993886
993887
993906
993890
993891
993889
993892
993888
993893
993894
993896
993895
993905
993899
993898
993900
993897
993901
993902
993903
993904
993907
993908
993752
993915
993916
993914
993917
993913
993918
993919
993921
993920
993912
993923
993924
993922
993925
993930
993926
993927
993929
993928
993911
993934
993935
993933
993936
993932
993937
993938
993939
993931
993941
993942
993940
993943
993944
993945
993946
993947
993948
993910
993953
993954
993952
993955
993951
993956
993957
993958
993950
993960
993961
993959
993962
993966
993963
993964
993965
993949
993969
993970
993968
993971
993967
993972
993973
993974
993983
993976
993977
993975
993978
993982
993979
993980
993981
993984
993985
993909
993990
993991
993989
993992
993988
993993
993994
993996
993995
993987
993998
993999
993997
994000
994005
994001
994002
994004
994003
993986
994009
994010
994008
994011
994007
994012
994013
994014
994006
994016
994017
994015
994018
994019
994020
994021
994022
994023
994061
994028
994029
994027
994030
994026
994031
994032
994033
994025
994035
994036
994034
994037
994041
994038
994039
994040
994024
994044
994045
994043
994046
994042
994047
994048
994049
994058
994051
994052
994050
994053
994057
994054
994055
994056
994059
994060
994062
994063
993751
994071
994072
994070
994073
994069
994074
994075
994077
994076
994068
994079
994080
994078
994081
994086
994082
994083
994085
994084
994067
994090
994091
994089
994092
994088
994093
994094
994095
994087
994097
994098
994096
994099
994100
994101
994102
994103
994104
994066
994108
994109
994107
994110
994106
994111
994112
994114
994113
994105
994116
994117
994115
994118
994123
994119
994120
994122
994121
994142
994127
994128
994126
994129
994125
994130
994131
994132
994124
994134
994135
994133
994136
994137
994138
994139
994140
994141
994065
994148
994149
994147
994150
994146
994151
994152
994154
994153
994145
994157
994156
994158
994155
994159
994160
994161
994162
994144
994165
994166
994164
994167
994163
994168
994169
994171
994170
994180
994174
994173
994175
994172
994176
994177
994178
994179
994143
994185
994186
994184
994187
994183
994188
994189
994190
994182
994192
994193
994191
994194
994198
994195
994196
994197
994181
994202
994201
994203
994200
994204
994206
994205
994199
994208
994209
994207
994210
994211
994212
994213
994214
994215
994216
994217
994218
994064
994224
994225
994223
994226
994222
994227
994228
994230
994229
994221
994232
994233
994231
994234
994239
994235
994236
994238
994237
994220
994243
994244
994242
994245
994241
994246
994247
994248
994240
994250
994251
994249
994252
994253
994254
994255
994256
994257
994219
994261
994262
994260
994263
994259
994264
994265
994267
994266
994258
994269
994270
994268
994271
994276
994272
994273
994275
994274
994295
994280
994281
994279
994282
994278
994283
994284
994285
994277
994287
994288
994286
994289
994290
994291
994292
994293
994294
994372
994301
994302
994300
994303
994299
994304
994305
994307
994306
994298
994310
994309
994311
994308
994312
994313
994314
994315
994297
994318
994319
994317
994320
994316
994321
994322
994324
994323
994333
994327
994326
994328
994325
994329
994330
994331
994332
994296
994338
994339
994337
994340
994336
994341
994342
994343
994335
994345
994346
994344
994347
994351
994348
994349
994350
994334
994355
994354
994356
994353
994357
994359
994358
994352
994361
994362
994360
994363
994364
994365
994366
994367
994368
994369
994370
994371
994373
994374
994998
994383
994384
994382
994385
994381
994386
994387
994389
994388
994380
994391
994392
994390
994393
994398
994394
994395
994397
994396
994379
994402
994403
994401
994404
994400
994405
994406
994407
994399
994409
994410
994408
994411
994412
994413
994414
994415
994416
994378
994420
994421
994419
994422
994418
994423
994424
994426
994425
994417
994428
994429
994427
994430
994435
994431
994432
994434
994433
994454
994439
994440
994438
994441
994437
994442
994443
994444
994436
994446
994447
994445
994448
994449
994450
994451
994452
994453
994377
994459
994460
994458
994461
994457
994462
994463
994465
994464
994456
994467
994468
994466
994469
994474
994470
994471
994473
994472
994455
994478
994479
994477
994480
994476
994481
994482
994483
994475
994485
994486
994484
994487
994488
994489
994490
994491
994492
994531
994496
994497
994495
994498
994494
994499
994500
994502
994501
994493
994504
994505
994503
994506
994511
994507
994508
994510
994509
994530
994515
994516
994514
994517
994513
994518
994519
994520
994512
994522
994523
994521
994524
994525
994526
994527
994528
994529
994376
994538
994539
994537
994540
994536
994541
994542
994544
994543
994535
994546
994547
994545
994548
994553
994549
994550
994552
994551
994534
994557
994558
994556
994559
994555
994560
994561
994562
994554
994564
994565
994563
994566
994567
994568
994569
994570
994571
994533
994576
994577
994575
994578
994574
994579
994580
994581
994573
994583
994584
994582
994585
994589
994586
994587
994588
994572
994592
994593
994591
994594
994590
994595
994596
994597
994606
994599
994600
994598
994601
994605
994602
994603
994604
994607
994608
994532
994614
994615
994613
994616
994612
994617
994618
994620
994619
994611
994623
994622
994624
994621
994625
994626
994627
994628
994610
994632
994631
994633
994630
994634
994636
994635
994629
994638
994637
994639
994643
994640
994642
994641
994644
994645
994609
994649
994650
994648
994651
994647
994652
994653
994655
994654
994646
994658
994657
994659
994656
994660
994661
994662
994663
994681
994667
994666
994668
994665
994669
994671
994670
994664
994673
994672
994674
994678
994675
994677
994676
994679
994680
994682
994683
994684
994685
994375
994692
994693
994691
994694
994690
994695
994696
994698
994697
994689
994700
994701
994699
994702
994707
994703
994704
994706
994705
994688
994711
994712
994710
994713
994709
994714
994715
994716
994708
994718
994719
994717
994720
994721
994722
994723
994724
994725
994687
994729
994730
994728
994731
994727
994732
994733
994735
994734
994726
994737
994738
994736
994739
994744
994740
994741
994743
994742
994763
994748
994749
994747
994750
994746
994751
994752
994753
994745
994755
994756
994754
994757
994758
994759
994760
994761
994762
994686
994768
994769
994767
994770
994766
994771
994772
994774
994773
994765
994776
994777
994775
994778
994783
994779
994780
994782
994781
994764
994787
994788
994786
994789
994785
994790
994791
994792
994784
994794
994795
994793
994796
994797
994798
994799
994800
994801
994840
994805
994806
994804
994807
994803
994808
994809
994811
994810
994802
994813
994814
994812
994815
994820
994816
994817
994819
994818
994839
994824
994825
994823
994826
994822
994827
994828
994829
994821
994831
994832
994830
994833
994834
994835
994836
994837
994838
994995
994847
994848
994846
994849
994845
994850
994851
994853
994852
994844
994855
994856
994854
994857
994862
994858
994859
994861
994860
994843
994866
994867
994865
994868
994864
994869
994870
994871
994863
994873
994874
994872
994875
994876
994877
994878
994879
994880
994842
994885
994886
994884
994887
994883
994888
994889
994890
994882
994892
994893
994891
994894
994898
994895
994896
994897
994881
994901
994902
994900
994903
994899
994904
994905
994906
994915
994908
994909
994907
994910
994914
994911
994912
994913
994916
994917
994841
994923
994924
994922
994925
994921
994926
994927
994929
994928
994920
994932
994931
994933
994930
994934
994935
994936
994937
994919
994941
994940
994942
994939
994943
994945
994944
994938
994947
994946
994948
994952
994949
994951
994950
994953
994954
994918
994958
994959
994957
994960
994956
994961
994962
994964
994963
994955
994967
994966
994968
994965
994969
994970
994971
994972
994990
994976
994975
994977
994974
994978
994980
994979
994973
994982
994981
994983
994987
994984
994986
994985
994988
994989
994991
994992
994993
994994
994996
994997
994999
995000
1000000
995012
995013
995011
995014
995010
995015
995016
995018
995017
995009
995020
995021
995019
995022
995027
995023
995024
995026
995025
995008
995030
995031
995029
995032
995028
995033
995034
995036
995035
995046
995038
995039
995037
995040
995045
995041
995042
995044
995043
995007
995051
995052
995050
995053
995049
995054
995055
995057
995056
995048
995060
995059
995061
995058
995062
995063
995064
995065
995047
995069
995068
995070
995067
995071
995073
995072
995066
995075
995074
995076
995080
995077
995079
995078
995081
995082
995083
995084
995006
995090
995091
995089
995092
995088
995093
995094
995096
995095
995087
995099
995098
995100
995097
995101
995102
995103
995104
995086
995107
995108
995106
995109
995105
995110
995111
995113
995112
995122
995116
995115
995117
995114
995118
995119
995120
995121
995085
995126
995127
995125
995128
995124
995129
995130
995132
995131
995123
995135
995134
995136
995133
995137
995138
995139
995140
995159
995143
995144
995142
995145
995141
995146
995147
995149
995148
995158
995152
995151
995153
995150
995154
995155
995156
995157
995160
995161
995005
995168
995169
995167
995170
995166
995171
995172
995174
995173
995165
995176
995177
995175
995178
995183
995179
995180
995182
995181
995164
995187
995188
995186
995189
995185
995190
995191
995192
995184
995194
995195
995193
995196
995197
995198
995199
995200
995201
995163
995206
995207
995205
995208
995204
995209
995210
995211
995203
995213
995214
995212
995215
995219
995216
995217
995218
995202
995222
995223
995221
995224
995220
995225
995226
995227
995236
995229
995230
995228
995231
995235
995232
995233
995234
995237
995238
995162
995243
995244
995242
995245
995241
995246
995247
995249
995248
995240
995251
995252
995250
995253
995258
995254
995255
995257
995256
995239
995262
995263
995261
995264
995260
995265
995266
995267
995259
995269
995270
995268
995271
995272
995273
995274
995275
995276
995314
995281
995282
995280
995283
995279
995284
995285
995286
995278
995288
995289
995287
995290
995294
995291
995292
995293
995277
995297
995298
995296
995299
995295
995300
995301
995302
995311
995304
995305
995303
995306
995310
995307
995308
995309
995312
995313
995315
995316
995004
995324
995325
995323
995326
995322
995327
995328
995330
995329
995321
995332
995333
995331
995334
995339
995335
995336
995338
995337
995320
995343
995344
995342
995345
995341
995346
995347
995348
995340
995350
995351
995349
995352
995353
995354
995355
995356
995357
995319
995361
995362
995360
995363
995359
995364
995365
995367
995366
995358
995369
995370
995368
995371
995376
995372
995373
995375
995374
995395
995380
995381
995379
995382
995378
995383
995384
995385
995377
995387
995388
995386
995389
995390
995391
995392
995393
995394
995318
995401
995402
995400
995403
995399
995404
995405
995407
995406
995398
995410
995409
995411
995408
995412
995413
995414
995415
995397
995418
995419
995417
995420
995416
995421
995422
995424
995423
995433
995427
995426
995428
995425
995429
995430
995431
995432
995396
995438
995439
995437
995440
995436
995441
995442
995443
995435
995445
995446
995444
995447
995451
995448
995449
995450
995434
995455
995454
995456
995453
995457
995459
995458
995452
995461
995462
995460
995463
995464
995465
995466
995467
995468
995469
995470
995471
995317
995477
995478
995476
995479
995475
995480
995481
995483
995482
995474
995485
995486
995484
995487
995492
995488
995489
995491
995490
995473
995496
995497
995495
995498
995494
995499
995500
995501
995493
995503
995504
995502
995505
995506
995507
995508
995509
995510
995472
995514
995515
995513
995516
995512
995517
995518
995520
995519
995511
995522
995523
995521
995524
995529
995525
995526
995528
995527
995548
995533
995534
995532
995535
995531
995536
995537
995538
995530
995540
995541
995539
995542
995543
995544
995545
995546
995547
995625
995554
995555
995553
995556
995552
995557
995558
995560
995559
995551
995563
995562
995564
995561
995565
995566
995567
995568
995550
995571
995572
995570
995573
995569
995574
995575
995577
995576
995586
995580
995579
995581
995578
995582
995583
995584
995585
995549
995591
995592
995590
995593
995589
995594
995595
995596
995588
995598
995599
995597
995600
995604
995601
995602
995603
995587
995608
995607
995609
995606
995610
995612
995611
995605
995614
995615
995613
995616
995617
995618
995619
995620
995621
995622
995623
995624
995626
995627
995003
995635
995636
995634
995637
995633
995638
995639
995641
995640
995632
995643
995644
995642
995645
995650
995646
995647
995649
995648
995631
995653
995654
995652
995655
995651
995656
995657
995659
995658
995669
995661
995662
995660
995663
995668
995664
995665
995667
995666
995630
995674
995675
995673
995676
995672
995677
995678
995680
995679
995671
995683
995682
995684
995681
995685
995686
995687
995688
995670
995692
995691
995693
995690
995694
995696
995695
995689
995698
995697
995699
995703
995700
995702
995701
995704
995705
995706
995707
995629
995713
995714
995712
995715
995711
995716
995717
995719
995718
995710
995722
995721
995723
995720
995724
995725
995726
995727
995709
995730
995731
995729
995732
995728
995733
995734
995736
995735
995745
995739
995738
995740
995737
995741
995742
995743
995744
995708
995749
995750
995748
995751
995747
995752
995753
995755
995754
995746
995758
995757
995759
995756
995760
995761
995762
995763
995782
995766
995767
995765
995768
995764
995769
995770
995772
995771
995781
995775
995774
995776
995773
995777
995778
995779
995780
995783
995784
995628
995791
995792
995790
995793
995789
995794
995795
995797
995796
995788
995799
995800
995798
995801
995806
995802
995803
995805
995804
995787
995810
995811
995809
995812
995808
995813
995814
995815
995807
995817
995818
995816
995819
995820
995821
995822
995823
995824
995786
995829
995830
995828
995831
995827
995832
995833
995834
995826
995836
995837
995835
995838
995842
995839
995840
995841
995825
995845
995846
995844
995847
995843
995848
995849
995850
995859
995852
995853
995851
995854
995858
995855
995856
995857
995860
995861
995785
995866
995867
995865
995868
995864
995869
995870
995872
995871
995863
995874
995875
995873
995876
995881
995877
995878
995880
995879
995862
995885
995886
995884
995887
995883
995888
995889
995890
995882
995892
995893
995891
995894
995895
995896
995897
995898
995899
995937
995904
995905
995903
995906
995902
995907
995908
995909
995901
995911
995912
995910
995913
995917
995914
995915
995916
995900
995920
995921
995919
995922
995918
995923
995924
995925
995934
995927
995928
995926
995929
995933
995930
995931
995932
995935
995936
995938
995939
996251
995947
995948
995946
995949
995945
995950
995951
995953
995952
995944
995955
995956
995954
995957
995962
995958
995959
995961
995960
995943
995966
995967
995965
995968
995964
995969
995970
995971
995963
995973
995974
995972
995975
995976
995977
995978
995979
995980
995942
995984
995985
995983
995986
995982
995987
995988
995990
995989
995981
995992
995993
995991
995994
995999
995995
995996
995998
995997
996018
996003
996004
996002
996005
996001
996006
996007
996008
996000
996010
996011
996009
996012
996013
996014
996015
996016
996017
995941
996024
996025
996023
996026
996022
996027
996028
996030
996029
996021
996033
996032
996034
996031
996035
996036
996037
996038
996020
996041
996042
996040
996043
996039
996044
996045
996047
996046
996056
996050
996049
996051
996048
996052
996053
996054
996055
996019
996061
996062
996060
996063
996059
996064
996065
996066
996058
996068
996069
996067
996070
996074
996071
996072
996073
996057
996078
996077
996079
996076
996080
996082
996081
996075
996084
996085
996083
996086
996087
996088
996089
996090
996091
996092
996093
996094
995940
996100
996101
996099
996102
996098
996103
996104
996106
996105
996097
996108
996109
996107
996110
996115
996111
996112
996114
996113
996096
996119
996120
996118
996121
996117
996122
996123
996124
996116
996126
996127
996125
996128
996129
996130
996131
996132
996133
996095
996137
996138
996136
996139
996135
996140
996141
996143
996142
996134
996145
996146
996144
996147
996152
996148
996149
996151
996150
996171
996156
996157
996155
996158
996154
996159
996160
996161
996153
996163
996164
996162
996165
996166
996167
996168
996169
996170
996248
996177
996178
996176
996179
996175
996180
996181
996183
996182
996174
996186
996185
996187
996184
996188
996189
996190
996191
996173
996194
996195
996193
996196
996192
996197
996198
996200
996199
996209
996203
996202
996204
996201
996205
996206
996207
996208
996172
996214
996215
996213
996216
996212
996217
996218
996219
996211
996221
996222
996220
996223
996227
996224
996225
996226
996210
996231
996230
996232
996229
996233
996235
996234
996228
996237
996238
996236
996239
996240
996241
996242
996243
996244
996245
996246
996247
996249
996250
995002
996261
996262
996260
996263
996259
996264
996265
996267
996266
996258
996269
996270
996268
996271
996276
996272
996273
996275
996274
996257
996280
996281
996279
996282
996278
996283
996284
996285
996277
996287
996288
996286
996289
996290
996291
996292
996293
996294
996256
996298
996299
996297
996300
996296
996301
996302
996304
996303
996295
996306
996307
996305
996308
996313
996309
996310
996312
996311
996332
996317
996318
996316
996319
996315
996320
996321
996322
996314
996324
996325
996323
996326
996327
996328
996329
996330
996331
996255
996337
996338
996336
996339
996335
996340
996341
996343
996342
996334
996345
996346
996344
996347
996352
996348
996349
996351
996350
996333
996356
996357
996355
996358
996354
996359
996360
996361
996353
996363
996364
996362
996365
996366
996367
996368
996369
996370
996409
996374
996375
996373
996376
996372
996377
996378
996380
996379
996371
996382
996383
996381
996384
996389
996385
996386
996388
996387
996408
996393
996394
996392
996395
996391
996396
996397
996398
996390
996400
996401
996399
996402
996403
996404
996405
996406
996407
996254
996415
996416
996414
996417
996413
996418
996419
996421
996420
996412
996423
996424
996422
996425
996430
996426
996427
996429
996428
996411
996434
996435
996433
996436
996432
996437
996438
996439
996431
996441
996442
996440
996443
996444
996445
996446
996447
996448
996410
996452
996453
996451
996454
996450
996455
996456
996458
996457
996449
996460
996461
996459
996462
996467
996463
996464
996466
996465
996486
996471
996472
996470
996473
996469
996474
996475
996476
996468
996478
996479
996477
996480
996481
996482
996483
996484
996485
996564
996491
996492
996490
996493
996489
996494
996495
996497
996496
996488
996499
996500
996498
996501
996506
996502
996503
996505
996504
996487
996510
996511
996509
996512
996508
996513
996514
996515
996507
996517
996518
996516
996519
996520
996521
996522
996523
996524
996563
996528
996529
996527
996530
996526
996531
996532
996534
996533
996525
996536
996537
996535
996538
996543
996539
996540
996542
996541
996562
996547
996548
996546
996549
996545
996550
996551
996552
996544
996554
996555
996553
996556
996557
996558
996559
996560
996561
996253
996571
996572
996570
996573
996569
996574
996575
996577
996576
996568
996579
996580
996578
996581
996586
996582
996583
996585
996584
996567
996590
996591
996589
996592
996588
996593
996594
996595
996587
996597
996598
996596
996599
996600
996601
996602
996603
996604
996566
996608
996609
996607
996610
996606
996611
996612
996614
996613
996605
996616
996617
996615
996618
996623
996619
996620
996622
996621
996642
996627
996628
996626
996629
996625
996630
996631
996632
996624
996634
996635
996633
996636
996637
996638
996639
996640
996641
996565
996647
996648
996646
996649
996645
996650
996651
996653
996652
996644
996655
996656
996654
996657
996662
996658
996659
996661
996660
996643
996666
996667
996665
996668
996664
996669
996670
996671
996663
996673
996674
996672
996675
996676
996677
996678
996679
996680
996719
996684
996685
996683
996686
996682
996687
996688
996690
996689
996681
996692
996693
996691
996694
996699
996695
996696
996698
996697
996718
996703
996704
996702
996705
996701
996706
996707
996708
996700
996710
996711
996709
996712
996713
996714
996715
996716
996717
996875
996725
996726
996724
996727
996723
996728
996729
996731
996730
996722
996733
996734
996732
996735
996740
996736
996737
996739
996738
996721
996744
996745
996743
996746
996742
996747
996748
996749
996741
996751
996752
996750
996753
996754
996755
996756
996757
996758
996720
996762
996763
996761
996764
996760
996765
996766
996768
996767
996759
996770
996771
996769
996772
996777
996773
996774
996776
996775
996796
996781
996782
996780
996783
996779
996784
996785
996786
996778
996788
996789
996787
996790
996791
996792
996793
996794
996795
996874
996801
996802
996800
996803
996799
996804
996805
996807
996806
996798
996809
996810
996808
996811
996816
996812
996813
996815
996814
996797
996820
996821
996819
996822
996818
996823
996824
996825
996817
996827
996828
996826
996829
996830
996831
996832
996833
996834
996873
996838
996839
996837
996840
996836
996841
996842
996844
996843
996835
996846
996847
996845
996848
996853
996849
996850
996852
996851
996872
996857
996858
996856
996859
996855
996860
996861
996862
996854
996864
996865
996863
996866
996867
996868
996869
996870
996871
996252
996884
996885
996883
996886
996882
996887
996888
996890
996889
996881
996892
996893
996891
996894
996899
996895
996896
996898
996897
996880
996903
996904
996902
996905
996901
996906
996907
996908
996900
996910
996911
996909
996912
996913
996914
996915
996916
996917
996879
996921
996922
996920
996923
996919
996924
996925
996927
996926
996918
996929
996930
996928
996931
996936
996932
996933
996935
996934
996955
996940
996941
996939
996942
996938
996943
996944
996945
996937
996947
996948
996946
996949
996950
996951
996952
996953
996954
996878
996960
996961
996959
996962
996958
996963
996964
996966
996965
996957
996968
996969
996967
996970
996975
996971
996972
996974
996973
996956
996979
996980
996978
996981
996977
996982
996983
996984
996976
996986
996987
996985
996988
996989
996990
996991
996992
996993
997032
996997
996998
996996
996999
996995
997000
997001
997003
997002
996994
997005
997006
997004
997007
997012
997008
997009
997011
997010
997031
997016
997017
997015
997018
997014
997019
997020
997021
997013
997023
997024
997022
997025
997026
997027
997028
997029
997030
996877
997039
997040
997038
997041
997037
997042
997043
997045
997044
997036
997047
997048
997046
997049
997054
997050
997051
997053
997052
997035
997058
997059
997057
997060
997056
997061
997062
997063
997055
997065
997066
997064
997067
997068
997069
997070
997071
997072
997034
997077
997078
997076
997079
997075
997080
997081
997082
997074
997084
997085
997083
997086
997090
997087
997088
997089
997073
997093
997094
997092
997095
997091
997096
997097
997098
997107
997100
997101
997099
997102
997106
997103
997104
997105
997108
997109
997033
997115
997116
997114
997117
997113
997118
997119
997121
997120
997112
997124
997123
997125
997122
997126
997127
997128
997129
997111
997133
997132
997134
997131
997135
997137
997136
997130
997139
997138
997140
997144
997141
997143
997142
997145
997146
997110
997150
997151
997149
997152
997148
997153
997154
997156
997155
997147
997159
997158
997160
997157
997161
997162
997163
997164
997182
997168
997167
997169
997166
997170
997172
997171
997165
997174
997173
997175
997179
997176
997178
997177
997180
997181
997183
997184
997185
997186
996876
997194
997195
997193
997196
997192
997197
997198
997200
997199
997191
997202
997203
997201
997204
997209
997205
997206
997208
997207
997190
997213
997214
997212
997215
997211
997216
997217
997218
997210
997220
997221
997219
997222
997223
997224
997225
997226
997227
997189
997232
997233
997231
997234
997230
997235
997236
997237
997229
997239
997240
997238
997241
997245
997242
997243
997244
997228
997248
997249
997247
997250
997246
997251
997252
997253
997262
997255
997256
997254
997257
997261
997258
997259
997260
997263
997264
997188
997269
997270
997268
997271
997267
997272
997273
997275
997274
997266
997277
997278
997276
997279
997284
997280
997281
997283
997282
997265
997288
997289
997287
997290
997286
997291
997292
997293
997285
997295
997296
997294
997297
997298
997299
997300
997301
997302
997340
997307
997308
997306
997309
997305
997310
997311
997312
997304
997314
997315
997313
997316
997320
997317
997318
997319
997303
997323
997324
997322
997325
997321
997326
997327
997328
997337
997330
997331
997329
997332
997336
997333
997334
997335
997338
997339
997187
997346
997347
997345
997348
997344
997349
997350
997352
997351
997343
997354
997355
997353
997356
997361
997357
997358
997360
997359
997342
997365
997366
997364
997367
997363
997368
997369
997370
997362
997372
997373
997371
997374
997375
997376
997377
997378
997379
997341
997384
997385
997383
997386
997382
997387
997388
997389
997381
997391
997392
997390
997393
997397
997394
997395
997396
997380
997400
997401
997399
997402
997398
997403
997404
997405
997414
997407
997408
997406
997409
997413
997410
997411
997412
997415
997416
997493
997421
997422
997420
997423
997419
997424
997425
997427
997426
997418
997429
997430
997428
997431
997436
997432
997433
997435
997434
997417
997440
997441
997439
997442
997438
997443
997444
997445
997437
997447
997448
997446
997449
997450
997451
997452
997453
997454
997492
997459
997460
997458
997461
997457
997462
997463
997464
997456
997466
997467
997465
997468
997472
997469
997470
997471
997455
997475
997476
997474
997477
997473
997478
997479
997480
997489
997482
997483
997481
997484
997488
997485
997486
997487
997490
997491
997494
997495
997496
997497
997498
997499
995001
997509
997510
997508
997511
997507
997512
997513
997515
997514
997506
997517
997518
997516
997519
997524
997520
997521
997523
997522
997505
997527
997528
997526
997529
997525
997530
997531
997533
997532
997543
997535
997536
997534
997537
997542
997538
997539
997541
997540
997504
997548
997549
997547
997550
997546
997551
997552
997554
997553
997545
997557
997556
997558
997555
997559
997560
997561
997562
997544
997566
997565
997567
997564
997568
997570
997569
997563
997572
997571
997573
997577
997574
997576
997575
997578
997579
997580
997581
997503
997587
997588
997586
997589
997585
997590
997591
997593
997592
997584
997596
997595
997597
997594
997598
997599
997600
997601
997583
997604
997605
997603
997606
997602
997607
997608
997610
997609
997619
997613
997612
997614
997611
997615
997616
997617
997618
997582
997623
997624
997622
997625
997621
997626
997627
997629
997628
997620
997632
997631
997633
997630
997634
997635
997636
997637
997656
997640
997641
997639
997642
997638
997643
997644
997646
997645
997655
997649
997648
997650
997647
997651
997652
997653
997654
997657
997658
997502
997665
997666
997664
997667
997663
997668
997669
997671
997670
997662
997673
997674
997672
997675
997680
997676
997677
997679
997678
997661
997684
997685
997683
997686
997682
997687
997688
997689
997681
997691
997692
997690
997693
997694
997695
997696
997697
997698
997660
997703
997704
997702
997705
997701
997706
997707
997708
997700
997710
997711
997709
997712
997716
997713
997714
997715
997699
997719
997720
997718
997721
997717
997722
997723
997724
997733
997726
997727
997725
997728
997732
997729
997730
997731
997734
997735
997659
997740
997741
997739
997742
997738
997743
997744
997746
997745
997737
997748
997749
997747
997750
997755
997751
997752
997754
997753
997736
997759
997760
997758
997761
997757
997762
997763
997764
997756
997766
997767
997765
997768
997769
997770
997771
997772
997773
997811
997778
997779
997777
997780
997776
997781
997782
997783
997775
997785
997786
997784
997787
997791
997788
997789
997790
997774
997794
997795
997793
997796
997792
997797
997798
997799
997808
997801
997802
997800
997803
997807
997804
997805
997806
997809
997810
997812
997813
997501
997821
997822
997820
997823
997819
997824
997825
997827
997826
997818
997829
997830
997828
997831
997836
997832
997833
997835
997834
997817
997840
997841
997839
997842
997838
997843
997844
997845
997837
997847
997848
997846
997849
997850
997851
997852
997853
997854
997816
997858
997859
997857
997860
997856
997861
997862
997864
997863
997855
997866
997867
997865
997868
997873
997869
997870
997872
997871
997892
997877
997878
997876
997879
997875
997880
997881
997882
997874
997884
997885
997883
997886
997887
997888
997889
997890
997891
997815
997898
997899
997897
997900
997896
997901
997902
997904
997903
997895
997907
997906
997908
997905
997909
997910
997911
997912
997894
997915
997916
997914
997917
997913
997918
997919
997921
997920
997930
997924
997923
997925
997922
997926
997927
997928
997929
997893
997935
997936
997934
997937
997933
997938
997939
997940
997932
997942
997943
997941
997944
997948
997945
997946
997947
997931
997952
997951
997953
997950
997954
997956
997955
997949
997958
997959
997957
997960
997961
997962
997963
997964
997965
997966
997967
997968
997814
997974
997975
997973
997976
997972
997977
997978
997980
997979
997971
997982
997983
997981
997984
997989
997985
997986
997988
997987
997970
997993
997994
997992
997995
997991
997996
997997
997998
997990
998000
998001
997999
998002
998003
998004
998005
998006
998007
997969
998011
998012
998010
998013
998009
998014
998015
998017
998016
998008
998019
998020
998018
998021
998026
998022
998023
998025
998024
998045
998030
998031
998029
998032
998028
998033
998034
998035
998027
998037
998038
998036
998039
998040
998041
998042
998043
998044
998122
998051
998052
998050
998053
998049
998054
998055
998057
998056
998048
998060
998059
998061
998058
998062
998063
998064
998065
998047
998068
998069
998067
998070
998066
998071
998072
998074
998073
998083
998077
998076
998078
998075
998079
998080
998081
998082
998046
998088
998089
998087
998090
998086
998091
998092
998093
998085
998095
998096
998094
998097
998101
998098
998099
998100
998084
998105
998104
998106
998103
998107
998109
998108
998102
998111
998112
998110
998113
998114
998115
998116
998117
998118
998119
998120
998121
998123
998124
997500
998132
998133
998131
998134
998130
998135
998136
998138
998137
998129
998140
998141
998139
998142
998147
998143
998144
998146
998145
998128
998150
998151
998149
998152
998148
998153
998154
998156
998155
998166
998158
998159
998157
998160
998165
998161
998162
998164
998163
998127
998171
998172
998170
998173
998169
998174
998175
998177
998176
998168
998180
998179
998181
998178
998182
998183
998184
998185
998167
998189
998188
998190
998187
998191
998193
998192
998186
998195
998194
998196
998200
998197
998199
998198
998201
998202
998203
998204
998126
998210
998211
998209
998212
998208
998213
998214
998216
998215
998207
998219
998218
998220
998217
998221
998222
998223
998224
998206
998227
998228
998226
998229
998225
998230
998231
998233
998232
998242
998236
998235
998237
998234
998238
998239
998240
998241
998205
998246
998247
998245
998248
998244
998249
998250
998252
998251
998243
998255
998254
998256
998253
998257
998258
998259
998260
998279
998263
998264
998262
998265
998261
998266
998267
998269
998268
998278
998272
998271
998273
998270
998274
998275
998276
998277
998280
998281
998125
998288
998289
998287
998290
998286
998291
998292
998294
998293
998285
998296
998297
998295
998298
998303
998299
998300
998302
998301
998284
998307
998308
998306
998309
998305
998310
998311
998312
998304
998314
998315
998313
998316
998317
998318
998319
998320
998321
998283
998326
998327
998325
998328
998324
998329
998330
998331
998323
998333
998334
998332
998335
998339
998336
998337
998338
998322
998342
998343
998341
998344
998340
998345
998346
998347
998356
998349
998350
998348
998351
998355
998352
998353
998354
998357
998358
998282
998363
998364
998362
998365
998361
998366
998367
998369
998368
998360
998371
998372
998370
998373
998378
998374
998375
998377
998376
998359
998382
998383
998381
998384
998380
998385
998386
998387
998379
998389
998390
998388
998391
998392
998393
998394
998395
998396
998434
998401
998402
998400
998403
998399
998404
998405
998406
998398
998408
998409
998407
998410
998414
998411
998412
998413
998397
998417
998418
998416
998419
998415
998420
998421
998422
998431
998424
998425
998423
998426
998430
998427
998428
998429
998432
998433
998435
998436
998748
998444
998445
998443
998446
998442
998447
998448
998450
998449
998441
998452
998453
998451
998454
998459
998455
998456
998458
998457
998440
998463
998464
998462
998465
998461
998466
998467
998468
998460
998470
998471
998469
998472
998473
998474
998475
998476
998477
998439
998481
998482
998480
998483
998479
998484
998485
998487
998486
998478
998489
998490
998488
998491
998496
998492
998493
998495
998494
998515
998500
998501
998499
998502
998498
998503
998504
998505
998497
998507
998508
998506
998509
998510
998511
998512
998513
998514
998438
998521
998522
998520
998523
998519
998524
998525
998527
998526
998518
998530
998529
998531
998528
998532
998533
998534
998535
998517
998538
998539
998537
998540
998536
998541
998542
998544
998543
998553
998547
998546
998548
998545
998549
998550
998551
998552
998516
998558
998559
998557
998560
998556
998561
998562
998563
998555
998565
998566
998564
998567
998571
998568
998569
998570
998554
998575
998574
998576
998573
998577
998579
998578
998572
998581
998582
998580
998583
998584
998585
998586
998587
998588
998589
998590
998591
998437
998597
998598
998596
998599
998595
998600
998601
998603
998602
998594
998605
998606
998604
998607
998612
998608
998609
998611
998610
998593
998616
998617
998615
998618
998614
998619
998620
998621
998613
998623
998624
998622
998625
998626
998627
998628
998629
998630
998592
998634
998635
998633
998636
998632
998637
998638
998640
998639
998631
998642
998643
998641
998644
998649
998645
998646
998648
998647
998668
998653
998654
998652
998655
998651
998656
998657
998658
998650
998660
998661
998659
998662
998663
998664
998665
998666
998667
998745
998674
998675
998673
998676
998672
998677
998678
998680
998679
998671
998683
998682
998684
998681
998685
998686
998687
998688
998670
998691
998692
998690
998693
998689
998694
998695
998697
998696
998706
998700
998699
998701
998698
998702
998703
998704
998705
998669
998711
998712
998710
998713
998709
998714
998715
998716
998708
998718
998719
998717
998720
998724
998721
998722
998723
998707
998728
998727
998729
998726
998730
998732
998731
998725
998734
998735
998733
998736
998737
998738
998739
998740
998741
998742
998743
998744
998746
998747
999997
998758
998759
998757
998760
998756
998761
998762
998764
998763
998755
998766
998767
998765
998768
998773
998769
998770
998772
998771
998754
998777
998778
998776
998779
998775
998780
998781
998782
998774
998784
998785
998783
998786
998787
998788
998789
998790
998791
998753
998795
998796
998794
998797
998793
998798
998799
998801
998800
998792
998803
998804
998802
998805
998810
998806
998807
998809
998808
998829
998814
998815
998813
998816
998812
998817
998818
998819
998811
998821
998822
998820
998823
998824
998825
998826
998827
998828
998752
998834
998835
998833
998836
998832
998837
998838
998840
998839
998831
998842
998843
998841
998844
998849
998845
998846
998848
998847
998830
998853
998854
998852
998855
998851
998856
998857
998858
998850
998860
998861
998859
998862
998863
998864
998865
998866
998867
998906
998871
998872
998870
998873
998869
998874
998875
998877
998876
998868
998879
998880
998878
998881
998886
998882
998883
998885
998884
998905
998890
998891
998889
998892
998888
998893
998894
998895
998887
998897
998898
998896
998899
998900
998901
998902
998903
998904
998751
998912
998913
998911
998914
998910
998915
998916
998918
998917
998909
998920
998921
998919
998922
998927
998923
998924
998926
998925
998908
998931
998932
998930
998933
998929
998934
998935
998936
998928
998938
998939
998937
998940
998941
998942
998943
998944
998945
998907
998949
998950
998948
998951
998947
998952
998953
998955
998954
998946
998957
998958
998956
998959
998964
998960
998961
998963
998962
998983
998968
998969
998967
998970
998966
998971
998972
998973
998965
998975
998976
998974
998977
998978
998979
998980
998981
998982
999061
998988
998989
998987
998990
998986
998991
998992
998994
998993
998985
998996
998997
998995
998998
999003
998999
999000
999002
999001
998984
999007
999008
999006
999009
999005
999010
999011
999012
999004
999014
999015
999013
999016
999017
999018
999019
999020
999021
999060
999025
999026
999024
999027
999023
999028
999029
999031
999030
999022
999033
999034
999032
999035
999040
999036
999037
999039
999038
999059
999044
999045
999043
999046
999042
999047
999048
999049
999041
999051
999052
999050
999053
999054
999055
999056
999057
999058
998750
999068
999069
999067
999070
999066
999071
999072
999074
999073
999065
999076
999077
999075
999078
999083
999079
999080
999082
999081
999064
999087
999088
999086
999089
999085
999090
999091
999092
999084
999094
999095
999093
999096
999097
999098
999099
999100
999101
999063
999105
999106
999104
999107
999103
999108
999109
999111
999110
999102
999113
999114
999112
999115
999120
999116
999117
999119
999118
999139
999124
999125
999123
999126
999122
999127
999128
999129
999121
999131
999132
999130
999133
999134
999135
999136
999137
999138
999062
999144
999145
999143
999146
999142
999147
999148
999150
999149
999141
999152
999153
999151
999154
999159
999155
999156
999158
999157
999140
999163
999164
999162
999165
999161
999166
999167
999168
999160
999170
999171
999169
999172
999173
999174
999175
999176
999177
999216
999181
999182
999180
999183
999179
999184
999185
999187
999186
999178
999189
999190
999188
999191
999196
999192
999193
999195
999194
999215
999200
999201
999199
999202
999198
999203
999204
999205
999197
999207
999208
999206
999209
999210
999211
999212
999213
999214
999372
999222
999223
999221
999224
999220
999225
999226
999228
999227
999219
999230
999231
999229
999232
999237
999233
999234
999236
999235
999218
999241
999242
999240
999243
999239
999244
999245
999246
999238
999248
999249
999247
999250
999251
999252
999253
999254
999255
999217
999259
999260
999258
999261
999257
999262
999263
999265
999264
999256
999267
999268
999266
999269
999274
999270
999271
999273
999272
999293
999278
999279
999277
999280
999276
999281
999282
999283
999275
999285
999286
999284
999287
999288
999289
999290
999291
999292
999371
999298
999299
999297
999300
999296
999301
999302
999304
999303
999295
999306
999307
999305
999308
999313
999309
999310
999312
999311
999294
999317
999318
999316
999319
999315
999320
999321
999322
999314
999324
999325
999323
999326
999327
999328
999329
999330
999331
999370
999335
999336
999334
999337
999333
999338
999339
999341
999340
999332
999343
999344
999342
999345
999350
999346
999347
999349
999348
999369
999354
999355
999353
999356
999352
999357
999358
999359
999351
999361
999362
999360
999363
999364
999365
999366
999367
999368
998749
999381
999382
999380
999383
999379
999384
999385
999387
999386
999378
999389
999390
999388
999391
999396
999392
999393
999395
999394
999377
999400
999401
999399
999402
999398
999403
999404
999405
999397
999407
999408
999406
999409
999410
999411
999412
999413
999414
999376
999418
999419
999417
999420
999416
999421
999422
999424
999423
999415
999426
999427
999425
999428
999433
999429
999430
999432
999431
999452
999437
999438
999436
999439
999435
999440
999441
999442
999434
999444
999445
999443
999446
999447
999448
999449
999450
999451
999375
999457
999458
999456
999459
999455
999460
999461
999463
999462
999454
999465
999466
999464
999467
999472
999468
999469
999471
999470
999453
999476
999477
999475
999478
999474
999479
999480
999481
999473
999483
999484
999482
999485
999486
999487
999488
999489
999490
999529
999494
999495
999493
999496
999492
999497
999498
999500
999499
999491
999502
999503
999501
999504
999509
999505
999506
999508
999507
999528
999513
999514
999512
999515
999511
999516
999517
999518
999510
999520
999521
999519
999522
999523
999524
999525
999526
999527
999374
999536
999537
999535
999538
999534
999539
999540
999542
999541
999533
999544
999545
999543
999546
999551
999547
999548
999550
999549
999532
999555
999556
999554
999557
999553
999558
999559
999560
999552
999562
999563
999561
999564
999565
999566
999567
999568
999569
999531
999574
999575
999573
999576
999572
999577
999578
999579
999571
999581
999582
999580
999583
999587
999584
999585
999586
999570
999590
999591
999589
999592
999588
999593
999594
999595
999604
999597
999598
999596
999599
999603
999600
999601
999602
999605
999606
999530
999612
999613
999611
999614
999610
999615
999616
999618
999617
999609
999621
999620
999622
999619
999623
999624
999625
999626
999608
999630
999629
999631
999628
999632
999634
999633
999627
999636
999635
999637
999641
999638
999640
999639
999642
999643
999607
999647
999648
999646
999649
999645
999650
999651
999653
999652
999644
999656
999655
999657
999654
999658
999659
999660
999661
999679
999665
999664
999666
999663
999667
999669
999668
999662
999671
999670
999672
999676
999673
999675
999674
999677
999678
999680
999681
999682
999683
999373
999691
999692
999690
999693
999689
999694
999695
999697
999696
999688
999699
999700
999698
999701
999706
999702
999703
999705
999704
999687
999710
999711
999709
999712
999708
999713
999714
999715
999707
999717
999718
999716
999719
999720
999721
999722
999723
999724
999686
999729
999730
999728
999731
999727
999732
999733
999734
999726
999736
999737
999735
999738
999742
999739
999740
999741
999725
999745
999746
999744
999747
999743
999748
999749
999750
999759
999752
999753
999751
999754
999758
999755
999756
999757
999760
999761
999685
999766
999767
999765
999768
999764
999769
999770
999772
999771
999763
999774
999775
999773
999776
999781
999777
999778
999780
999779
999762
999785
999786
999784
999787
999783
999788
999789
999790
999782
999792
999793
999791
999794
999795
999796
999797
999798
999799
999837
999804
999805
999803
999806
999802
999807
999808
999809
999801
999811
999812
999810
999813
999817
999814
999815
999816
999800
999820
999821
999819
999822
999818
999823
999824
999825
999834
999827
999828
999826
999829
999833
999830
999831
999832
999835
999836
999684
999843
999844
999842
999845
999841
999846
999847
999849
999848
999840
999851
999852
999850
999853
999858
999854
999855
999857
999856
999839
999862
999863
999861
999864
999860
999865
999866
999867
999859
999869
999870
999868
999871
999872
999873
999874
999875
999876
999838
999881
999882
999880
999883
999879
999884
999885
999886
999878
999888
999889
999887
999890
999894
999891
999892
999893
999877
999897
999898
999896
999899
999895
999900
999901
999902
999911
999904
999905
999903
999906
999910
999907
999908
999909
999912
999913
999990
999918
999919
999917
999920
999916
999921
999922
999924
999923
999915
999926
999927
999925
999928
999933
999929
999930
999932
999931
999914
999937
999938
999936
999939
999935
999940
999941
999942
999934
999944
999945
999943
999946
999947
999948
999949
999950
999951
999989
999956
999957
999955
999958
999954
999959
999960
999961
999953
999963
999964
999962
999965
999969
999966
999967
999968
999952
999972
999973
999971
999974
999970
999975
999976
999977
999986
999979
999980
999978
999981
999985
999982
999983
999984
999987
999988
999991
999992
999993
999994
999995
999996
999998
999999
