100
1393548
1483595
1556798
1616935
1648446
1869861
2038179
1401789
2323537
2376931
2423002
2745924
2842288
2623084
2557476
2900788
2976329
3037859
3270829
3580796
3389075
3422946
3421310
3541833
3718753
3624537
3651021
3832932
3930977
3944439
4193195
4142844
3999418
4758221
4224008
4200458
5007337
4343523
5040942
3447726
5687529
5199668
5423279
6253868
5538869
5600249
5602350
5741529
5815888
5836374
5416286
7350006
6314503
6316035
6430107
6609989
6655410
7009157
7118082
7322333
7195485
7272055
7287753
7426617
6648483
7512145
7511202
7573097
7894703
8052350
7596021
7600510
8182285
7644662
7900591
7639658
8434549
8467728
8437866
8664141
8756840
8622538
8667299
8692425
8945909
8890729
8941724
8875433
9281734
9154721
9030413
9281589
9636355
9646362
9655574
9657958
9673386
9813514
9881998
9986290
