10000
1000103
1001116
1002257
1003239
1004027
1003264
1005971
1004230
1004368
1005155
1004406
1018419
1010483
1008801
1010548
1006532
1010851
1011960
1012088
1018139
1015589
1016611
1016572
1013083
1018049
1018416
1019470
1019848
1030508
1021497
1022820
1024037
1023730
1032569
1024861
1025184
1025268
1025621
1026016
1027240
1027689
1024875
1028750
1028597
1029198
1036754
1030274
1030624
1032279
1035456
1037107
1038602
1038614
1039910
1039976
1041400
1047672
1041598
1043902
1044312
1042356
1045431
1047405
1046073
1045393
1047493
1054549
1048062
1051319
1049539
1050098
1049549
1050797
1074074
1055552
1055542
1055682
1057209
1058879
1060692
1061394
1062884
1062015
1065991
1069522
1069805
1077902
1070191
1072417
1069819
1076053
1040444
1078866
1079947
1080153
1080542
1080973
1082698
1083939
1083142
1083300
1085982
1088235
1088997
1089568
1090243
1090338
1091510
1087420
1092453
1093507
1012998
1094436
1094487
1100416
1095107
1095742
1094924
1101080
1102995
1096700
1104659
1105405
1105443
1106598
1105938
1106031
1108402
1108838
1109724
1111146
1118446
1111860
1111892
1116344
1112051
1113756
1112927
1115140
1115774
1114962
1118448
1110997
1121586
1121712
1122585
1126687
1127245
1127386
1128845
1129094
1131691
1132417
1132804
1139115
1133504
1134116
1135436
1136132
1137757
1138037
1138430
1139631
1138549
1139636
1123293
1140042
1142509
1143576
1144386
1146711
1147813
1148715
1148828
1140520
1149006
1149595
1162008
1152946
1150693
1153484
1157226
1156376
1159238
1158856
1159639
1160218
1149922
1163477
1160808
1161286
1110078
1163988
1164734
1170434
1165570
1171091
1168331
1169835
1172935
1175015
1177384
1176712
1178481
1179299
1170336
1182332
1180464
1181830
1181230
1183490
1185249
1170133
1186501
1189795
1190370
1191487
1191748
1192078
1192307
1192343
1193249
1194218
1195060
1208153
1196261
1196390
1199387
1203762
1195544
1207693
1204863
1205738
1223075
1210950
1211664
1208806
1210479
1210805
1210159
1212202
1224210
1215193
1216325
1213653
1214028
1214076
1214853
1215382
1218311
1216348
1217798
1217912
1218668
1219350
1219996
1220302
1221744
1222123
1222231
1222351
1223094
1225082
1224909
1226452
1221317
1227144
1227593
1234090
1229575
1231973
1232748
1244804
1233336
1233987
1235982
1239404
1239246
1239325
1241761
1246186
1259203
1246303
1246458
1246813
1247743
1269288
1247833
1248323
1269705
1248494
1249452
1259952
1249783
1252839
1250857
1253584
1254719
1259062
1254518
1260464
1261141
1263456
1264226
1264231
1264593
1264640
1270319
1267049
1266055
1269825
1270029
1266384
1270728
1271136
1272912
1273538
1277756
1276724
1278521
1290676
1281092
1283765
1286118
1282823
1290344
1287323
1291455
1290626
1292010
1279579
1292505
1292736
1294363
1293570
1293986
1294744
1296433
1295995
1300154
1301718
1300923
1303015
1303456
1304371
1304952
1305230
1306936
1307305
1311778
1312387
1309662
1312481
1314331
1315928
1316169
1316332
1316453
1316672
1317018
1319532
1319608
1320416
1322191
1323424
1324472
1325689
1326931
1327198
1327264
1327660
1329879
1328947
1335649
1331755
1330303
1330333
1330955
1355952
1337619
1337787
1332136
1335541
1337556
1338342
1338781
1344130
1343918
1344101
1341094
1344603
1346122
1346289
1347110
1347204
1348223
1333318
1348781
1349036
1349466
1349888
1349662
1355745
1350005
1351867
1353565
1354741
1353961
1355282
1359288
1359788
1357316
1362007
1362195
1360997
1362685
1362907
1364364
1365641
1365902
1366758
1366654
1367178
1350437
1367682
1371040
1372174
1372536
1383198
1374538
1379158
1377861
1378956
1379541
1380646
1376401
1381040
1381951
1380770
1384379
1384754
1384069
1387079
1387314
1343027
1387349
1388671
1388897
1392801
1390282
1389748
1392229
1389086
1394678
1397041
1394988
1395280
1476605
1397059
1398806
1399323
1400495
1400906
1403560
1400643
1403755
1403827
1414115
1405641
1405754
1403862
1406167
1407874
1408504
1409946
1412492
1413443
1414611
1415383
1415490
1415670
1424242
1423920
1419414
1421313
1423718
1426186
1424909
1427921
1428128
1427195
1430446
1430809
1438336
1432226
1436983
1437318
1437469
1437834
1434726
1439213
1439842
1441287
1443396
1428231
1444067
1444205
1444221
1445757
1446424
1448526
1449186
1451690
1452950
1454655
1454788
1455667
1459202
1457062
1460473
1453659
1460699
1461581
1462557
1462875
1462651
1465872
1463522
1467402
1466324
1466844
1467575
1467463
1468809
1469475
1469715
1469717
1469760
1469916
1473195
1478912
1477258
1473248
1474738
1475527
1476802
1476042
1477936
1474159
1478440
1480899
1482287
1485381
1485402
1486600
1484246
1486953
1490071
1490544
1488453
1490993
1493169
1491365
1492336
1496086
1496535
1496950
1497891
1498366
1498611
1498736
1499243
1505169
1504830
1505662
1509811
1510047
1557870
1510940
1511897
1512788
1512840
1513530
1552924
1514881
1515753
1515005
1515866
1520305
1519079
1519008
1521024
1531037
1522021
1522904
1525761
1523963
1525137
1526428
1531018
1528173
1529287
1529530
1533529
1531799
1534907
1533545
1535277
1547446
1536233
1536580
1537855
1549947
1538394
1539524
1549663
1547029
1548382
1539834
1549657
1552045
1553454
1550367
1550859
1565917
1554548
1556036
1556058
1556762
1557505
1557973
1557625
1557939
1554594
1563235
1564184
1558426
1564254
1567177
1580194
1569147
1572149
1577844
1578072
1581214
1583997
1584202
1584848
1586579
1587583
1587900
1588424
1579312
1588710
1590106
1591654
1592074
1576590
1593388
1595996
1596097
1596131
1597276
1597950
1598054
1600260
1598237
1598779
1600172
1589506
1600284
1600597
1601805
1601769
1601998
1612599
1606240
1602301
1603051
1604499
1604924
1603103
1606191
1606941
1607571
1607715
1607801
1608972
1609033
1609166
1609407
1610099
1611666
1611754
1613131
1613200
1614083
1614257
1616543
1618740
1618755
1628617
1619308
1620249
1619797
1622582
1620392
1622825
1624285
1624767
1625540
1627260
1627568
1627910
1629688
1628068
1628266
1629447
1629464
1620161
1630102
1630631
1629984
1631418
1643536
1633614
1632225
1633010
1633382
1636649
1637167
1638615
1639266
1637538
1643223
1643669
1642723
1644200
1644504
1651978
1650605
1651967
1652295
1652753
1654572
1655617
1655644
1657629
1656154
1656714
1656827
1662168
1657981
1658094
1662569
1662018
1662980
1640844
1663785
1664962
1667185
1667814
1667917
1668484
1668664
1670667
1671276
1673348
1672588
1673675
1674309
1674531
1675513
1676890
1677215
1678016
1677593
1678568
1679125
1679835
1679762
1683155
1681621
1684294
1684728
1685712
1687562
1686738
1690845
1691377
1692324
1693201
1696254
1694618
1695657
1695349
1696019
1696055
1745256
1696564
1697207
1697596
1702102
1702565
1702905
1706867
1707301
1708423
1708823
1710148
1709500
1712444
1712579
1714098
1713161
1715247
1715539
1716693
1718124
1753759
1720413
1721977
1723615
1724332
1724425
1724829
1724941
1725919
1727822
1732023
1732271
1728129
1728812
1730490
1733751
1735953
1734107
1736253
1740244
1738050
1738133
1739795
1723772
1742482
1746341
1748080
1749033
1749067
1749911
1753578
1752362
1752845
1748429
1754987
1758606
1759610
1759021
1760199
1760668
1761146
1763020
1763790
1765149
1763836
1764847
1765258
1765789
1769252
1767492
1770509
1770937
1773419
1771173
1774044
1775644
1780370
1779269
1781264
1782560
1781702
1783107
1785599
1857924
1786639
1788628
1788627
1790100
1789934
1795852
1792257
1791990
1791077
1792197
1791699
1793235
1794442
1794646
1797738
1795587
1795176
1800859
1802283
1801650
1801803
1804923
1802497
1803700
1802269
1805019
1805513
1801127
1807107
1807028
1807281
1806731
1811257
1809792
1810597
1811006
1812808
1812995
1814310
1826291
1820362
1819916
1820576
1823863
1820671
1821253
1825418
1831196
1827209
1828032
1832425
1835212
1844990
1835485
1837821
1839909
1843191
1837227
1843745
1847333
1850631
1851077
1852750
1854539
1856762
1857010
1857458
1869128
1857459
1860663
1864051
1872209
1873165
1861679
1879952
1874140
1875659
1875705
1877132
1878141
1878672
1882868
1886178
1881873
1881573
1880867
1885795
8557830
1886335
1918802
1886571
1888069
1888203
1889183
1888841
1894750
1892946
1892043
1890302
1892258
1892641
1896060
1897279
1897847
1901497
1902692
1903342
1904206
1905049
1905081
1906367
1907286
1909258
1909746
1910734
1907651
1913633
1913890
1917684
1919467
1911877
1919493
1920665
1920135
1921016
1922132
1900016
1923086
1897657
1924035
1923448
1925540
1926373
1926260
1928138
1928636
1929616
1929977
1930281
1932412
1930857
1933085
1934196
1933869
1937215
1937439
1938488
1938493
1939154
1938789
1937700
1940032
1934723
1940040
1940559
1941264
1941631
1942361
1941831
1942035
1942755
1944662
1944031
1947590
1945816
1946130
1952243
1947634
1953257
1955746
1955955
1956035
1956212
1957270
1961613
1959144
1957604
1960061
1969049
1969195
1970819
1975219
1977804
1977676
1978192
1980090
1978791
1969124
1981243
1986173
1984830
1984764
1987646
1980617
1988845
1989820
1988225
1989928
1992844
1998386
1996679
1990253
1999555
1991846
1992285
1999937
1993299
1996347
1995542
1998828
2004844
2001405
2001871
2001932
2002792
2005006
2036659
2010271
2007183
2007196
2012653
2007364
2008692
2008779
2013588
2014258
2011588
2015609
2021150
2017042
2017228
2015729
2018614
2023960
2021384
2021583
2023199
2035797
2024732
2024951
2025571
2027441
2028623
2029359
2034554
2034837
2034214
2038290
1934101
2038917
2045980
2042775
2043217
2044133
2050264
2044908
2045262
2045620
2049516
2046006
2050261
2051413
2051844
2052027
2052242
2060849
2054506
2052512
2053432
2054980
2055064
2059674
2060562
2052020
2060903
2061321
2062877
2063292
2063743
2063761
2063983
2065179
2065264
2065580
2066084
2066089
2066123
2066184
2066333
2066500
2066760
2067667
2070310
2070974
2067949
2070220
2097783
2093828
2071032
2071734
2071803
2073131
2076443
2075457
2073841
2076439
2076528
2078447
2076549
2078583
2079060
2082044
2082953
2083787
2084481
2085384
2084157
2089943
2090261
2090502
2090755
2090976
2094155
2095071
2099291
2099126
2099897
2094129
2099934
2086716
2101495
2101612
2102602
2101954
2102714
2105198
2107318
2106120
2107437
2110953
2108509
2109100
2109319
2113307
2110509
2114001
2114246
2116876
2116955
2132282
2117287
2121457
2119532
2122281
2122876
2124292
2132437
2125449
2126832
2130621
2133780
2143122
2137254
2133949
2137910
2143150
2140096
2140743
2140769
2148402
2149434
2149099
2149320
2149882
2149644
2150023
2150663
2151719
2151851
2156578
2156854
2154381
2158346
2152137
2158833
2159332
2159723
2163518
2164050
2180481
2164309
2164907
2166417
2166673
2167967
2168399
2169223
2176985
2170646
2174409
2180365
2177177
2178214
2178920
2180550
2180720
2181276
2170320
2181789
2185732
2181820
2185710
2185382
2186239
2186533
2186524
2186965
2188553
2190080
2189011
2190401
2191396
2194239
2195198
2206761
2199618
2195864
2196781
2197623
2198027
2196227
2198046
2195887
2199194
2200278
2201338
2201731
2202216
2203248
2209717
2208191
2206836
2208510
2218535
2211791
2211337
2213954
2215700
2212794
2215710
2203286
2222725
2218562
2222482
2223166
2223946
2225112
2233861
2226533
2227791
2228235
2231857
2230207
2228803
2236313
2238161
2242088
2241437
2238333
2238994
2242575
2242671
2243867
2379305
2244355
2244980
2245068
2352626
2245734
2245743
2262190
2256867
2245834
2250482
2249215
2253361
2253497
2255253
2254433
2254770
2255576
2256280
2263404
2262528
2257917
2264256
2261801
2258294
2264517
2260823
2264779
2267821
2268688
2268297
2270620
2272116
2272462
2260782
2272486
2272531
2290415
2280811
2272556
2274371
2275921
2275939
2276122
2280477
2279354
2280266
2277973
2282478
2274734
2284074
2283536
2286177
2287240
2287464
2287641
2289040
2288611
2292438
2295533
2304245
2296653
2297089
2301432
2301716
2303966
2304033
2306296
2304959
2306511
2311560
2308969
2311902
2317749
2312080
2312704
2313048
2314779
2313122
2313398
2313767
2314049
2317896
2315765
2315586
2318190
2318928
2318697
2319288
2321060
2330122
2321526
2329221
2322359
2327407
2331283
2333148
2334809
2331790
2335452
2336507
2337670
2344640
2340979
2339467
2339838
2341934
2342484
2344195
2344952
2345001
2343469
2345755
2346769
2345237
2346804
2348189
2348203
2349168
2349214
2349488
2350557
2351648
2351305
2353175
2355716
2356035
2363982
2357372
2358400
2359134
2363539
2358714
2366327
2365125
2365288
2365646
2366258
2388119
2366660
2368348
2386529
2368372
2368595
2382104
2369347
2368607
2368954
2370014
2370370
2371054
2371542
2372888
2373310
2374549
2374990
2379946
2379836
2377825
2383183
2385207
2387910
2385616
2386439
2411976
2388300
2389892
2389893
2389497
2390743
2393291
2394302
2394499
2393539
2394619
2398964
2401433
2399188
2401154
2398905
2404171
2401795
2404210
2404850
2395656
2405743
2398478
2405893
2406602
2407471
2409442
2411063
2412030
2410285
2412673
2379825
2413117
2419047
2415291
1987223
2422150
2419156
2419587
2421324
2421426
2422043
2423696
2427316
2422176
2424418
2428990
2433336
2431122
2434660
2426369
2434755
2423525
2434884
2435963
2436057
2437192
2436552
2437256
2437972
2438082
2441093
2438309
2442270
2441110
2419219
2443331
2444577
2445741
2444593
2445422
2446030
2446150
2447997
2466544
2466838
2449721
2450448
2451043
2451638
2455986
2457332
2458149
2462913
2459209
2458240
2459735
2454393
2465138
2465313
2465371
2464479
2469736
2469943
2470017
2470533
2470459
2470784
2471260
2471797
2472016
2472390
2473606
2475586
2473351
2477102
2478287
2479016
2479177
2479294
2480524
2484465
2480835
2481664
2481935
2483048
2484041
2485536
2472399
2487025
2487694
2489683
2488566
2493712
2494074
2494004
2490738
2494541
2499904
2494983
2496719
2496993
2497827
2501317
2500143
2498570
2497983
2500283
2503646
2502531
2502668
2503303
2502755
2503605
2482178
2505279
2505774
2508314
2507776
2510236
2534196
2511182
2513486
2537377
2514768
2515198
2516306
2516900
2519055
2522974
2519968
2521079
2520491
2524867
2525046
2528813
2523234
2528823
2532462
2530461
2529091
2530512
2533401
2531213
2536203
2533825
2534800
2535735
2537190
2537103
2536828
2537436
2534711
2538942
2540646
2543553
2543626
2591276
2547639
2548974
2547310
2543835
2547587
2550229
2550588
2551472
2552597
2551324
2552854
2553718
2554834
2554922
2556988
2560497
2558174
2557613
2560749
2563007
2563785
2565041
2565455
2565078
2566461
2567640
2568962
2569673
2571713
2572827
2572691
2575008
2575413
2577042
2581951
2582546
2586124
2585331
2583116
2583307
2594990
2587212
2588530
2589319
2589322
2590382
2590538
2594360
2591076
2592038
2595289
2592053
2592147
2570866
2598699
2596275
2596497
2597844
2596880
2598836
2599411
2599951
2599291
2601914
2604585
2604719
2606022
2605577
2614181
2606832
2609041
2607864
2607928
2614894
2612710
2613771
2617303
2618942
2619022
2619161
2621497
2622290
2622885
2623817
2623254
2623130
2625395
2433589
2633586
2635245
2630245
2626047
2630528
2631059
2635385
2636049
2639015
2637018
2639318
2641144
2642218
2642528
2644244
2650813
2651800
2652801
2653346
2653476
2661814
2654338
2654721
2656726
2656832
2659907
2660756
2661891
2660914
2660942
2661722
2660517
2663404
2668754
2665720
2668990
2670955
2670587
2667826
2674552
2673796
2677581
2676389
2678412
2680120
2681530
2682471
2681598
2751454
2685438
2686106
2683150
2686184
2689006
2686743
2689552
2689558
2689710
2692148
2693752
2693281
2699206
2702958
2699783
2699863
2701984
2702248
2705826
2702921
2706014
2705720
2709450
2709007
2707036
2707505
2712745
2712951
2714164
2714169
2714587
2717011
2723380
2721354
2717027
2717135
2717471
2719068
2720839
2721139
2721256
2728156
2726285
2727389
2731379
2728996
2730695
2801507
2732751
2733242
2733616
2734368
2734817
2735048
2735849
2737383
2739441
2741256
2742842
2744154
2745240
2754635
2746049
2753787
2746518
2749916
2747513
2747062
2750568
2750741
2751121
2752636
2753256
2754167
2754726
2753934
2755849
2756601
2758280
2771698
2764056
2758924
2759086
2760283
2759602
2761030
2759972
2761080
2771631
2765811
2766163
2766205
2767030
2770639
2768600
2770683
2772722
2774564
2774484
2773529
2773674
2774205
2777543
2777639
2778142
2775519
2779464
2779210
2781934
2781461
2782450
2782568
2782615
2784082
2783552
2783085
2784943
2785329
2787289
2787556
2784124
2789369
2787964
2789336
2788223
2790058
2790859
2790371
2793145
2795297
2790874
2796183
2797230
2830657
2797388
2798262
2799374
2801568
2803925
2802080
2802343
2804689
2805308
2803119
2806091
2807661
2808656
2808659
2812578
2810582
2811261
2812717
2811336
2812005
2854714
2814921
2817837
2815694
2816385
2817880
2818652
2818616
2820146
2821493
2826999
2821662
2822203
2826645
2827210
2827848
2828655
2830559
2830246
2831013
2832228
2834616
2837424
2837770
2837804
2839826
2841256
2841589
2841797
2841164
2842570
2842723
2843391
2842906
2843976
2842417
2844256
2844342
2851091
2845304
2845856
2846149
2846536
2848682
2848832
2850779
2848757
2854605
2853709
2855356
2855621
2858443
2853326
2866546
2867543
2865812
2870234
2870360
2861031
2871774
2873697
2874351
2876600
2875339
2876310
2876927
2878642
2883363
2879464
2878059
2883850
2885384
2887134
2887873
2887443
2887901
2888978
2893283
2889849
2890664
2891347
2889217
2894018
2894096
2894068
2895291
2896959
2899965
2898404
2899273
2899320
2899842
2901436
2904061
2904612
2906702
2905404
2905245
2907097
2915418
2910570
2908624
2908745
2912980
2912035
2916430
2912202
2914663
2915044
2921921
2921986
2922292
2920263
2922977
2901332
2923521
2924168
2924257
2924463
3039282
2924872
3016562
2925534
2925773
2926922
2926282
2929939
2927544
2927588
2931372
2931601
2932958
2933021
2928180
2933430
2934966
2934198
2940887
2942631
2952201
2943301
2945829
2948185
2950418
2946383
2952847
2953199
2954949
2954020
2954026
2956451
2957320
2957259
2957352
2957801
2958153
2958788
2959455
2959642
2985699
2962044
2959898
2963584
2964662
2964615
2962235
2968107
2969067
2972558
2973455
2978518
2974385
2976002
2978990
2979074
2980114
2980476
2980574
2980786
2981802
2981858
2994846
2982226
2982237
2989819
2983813
2983392
2984526
2984640
2989268
2991417
2991732
2993833
2994372
2994542
2980581
2995528
2996464
3003012
3004799
2997370
2998650
2998328
3006439
3005321
3006109
3005436
3006615
3068911
3009385
3011755
3015488
3013110
3013355
3013795
3015726
3017046
3016983
3012171
3017308
3017643
3018309
3018870
3020505
3020596
3021882
3021014
3025198
3021144
3026148
3027453
3027539
3028055
3028919
3029169
3032901
3034754
3035137
3030185
3035316
3036153
3045377
3036192
3037009
3037535
3037799
3043869
3045073
3045716
3051282
3046476
3049948
3046344
3050493
3051496
3052242
3056703
3054147
3055993
3056098
3057211
3060113
3059733
3059234
3058243
3059681
3059993
3060794
3061453
3061133
3008938
3062095
3062865
3064283
3064437
3065364
3066122
3066413
3066268
3069439
3067926
3069870
3071518
3069997
3071028
3062727
3071651
3071728
3078584
3072021
3072344
3074801
3076650
3077931
3079038
3077262
3083198
3103191
3083289
3083417
3084333
3097226
3094600
3095275
3084868
3087095
3088080
3088413
3099626
3089317
3090606
3091135
3093267
3094361
3104510
3102255
3103309
3104820
3106059
3106996
3107365
3108971
3109556
3109078
3109224
3109239
3110373
3111035
3113201
3113540
3113555
3114103
3114220
3114795
3116491
3119555
3121686
3119453
3120570
3156339
3121820
3124984
3122128
3125809
3125847
3126560
3127197
3127338
3130084
3128638
3131034
3184217
3132063
3132480
3132694
3134939
3136913
3136351
3141176
3141677
3141932
3144624
3142654
3143293
3144847
3146202
3162726
3147275
3149015
3147744
3148383
3152246
3150657
3152183
3157742
3152940
3153719
3153815
3154133
3154482
3154830
3157966
3162502
3161733
3159353
3160755
3160437
3162511
3158381
3163007
3171809
3167801
3166355
3164675
3168666
3168746
3168903
3172578
3172883
3182225
3174218
3172905
3174899
3175039
3175338
3175413
3177516
3177958
3185621
3179312
3179363
3180189
3180646
3181061
3181782
3184929
3187184
3155031
3187335
3194374
3190534
3189433
3191352
3194013
3196169
3197196
3196725
3197288
3197441
3199690
3206561
3204273
3206764
3229960
3207661
3208981
3209038
3209531
3210971
3213164
3216218
3222460
3217377
3217404
3220235
3220675
3229047
3223179
3224074
3224219
3226006
3225944
3227640
3230237
3229526
3230375
3230435
3230712
3234600
3236790
3235002
3233301
3238621
3244101
3239599
3240294
3240314
3239102
3242166
3244340
3243577
3245704
3246038
3246093
3248497
3246749
3250261
3248194
3252269
3253707
3252092
3254829
3256179
3274760
3263264
3256623
3258857
3276791
3263566
3267851
3267227
3268182
3263855
3274806
3270372
3273707
3272810
3274901
3277463
3277125
3275043
3276804
3280912
3277613
3278033
3281688
3282718
3282186
3282307
3252410
3283417
3283024
3284926
3285590
3287046
3287512
3287811
3289456
3289471
3289735
3295624
3290130
3291738
3292412
3233326
3297320
3296011
3297070
3303062
3299869
3299992
3300122
3303482
3304986
3307642
3307396
3303192
3309638
3308641
3309184
3310261
3310313
3319485
3319173
3313145
3321765
3321230
3321899
3324069
3322790
3325144
3325518
3327569
3328236
3328522
3329397
3330921
3333374
3332960
3332310
3332487
3332574
3333875
3334999
3335589
3335921
3321143
3336130
3337030
3336863
3337752
3341122
3339628
3346401
3344452
3345454
3342113
3346122
3346588
3347776
3351458
3349497
3350309
3331845
3351712
3353790
3354810
3355024
3355063
3355611
3360413
3359004
3356499
3360913
3361389
3362167
3362748
3362797
3362950
3363115
3363791
3364198
3330107
3366844
3367354
3367742
3367912
3368133
3371005
3368955
3369328
3371329
3371924
3372086
3378636
3372285
3375135
3373138
3380571
3378112
3377860
3379095
3380549
3378459
3382179
3382507
3382817
3383255
3384388
3384622
3382594
3384640
3373396
3384736
3384758
3830062
3385229
3388405
3388755
3388931
3389944
3393096
3396085
3399780
3403502
3402743
3403407
3406902
3408159
3408733
3408919
3412447
3412790
3411961
3412848
3414006
3416064
3405797
3416934
3417313
3417355
3417673
3419345
3419876
3424772
3420919
3422297
3423429
3419713
3425854
3428441
3426251
3428980
3427153
3401332
3430202
3433049
3432563
3431231
3432943
3437811
3436207
3434326
3435866
3437784
3437592
3438479
3436303
3438930
3439377
3437573
3440614
3444375
3444890
3446720
3445073
3445916
3448908
3452129
3448337
3447387
3450278
3388225
3452470
3452711
3452983
3453498
3453600
3453602
3455360
3456330
3456966
3453981
3458402
3465306
3464660
3459939
3461510
3462248
3465953
3466613
3467432
3467020
3467674
3470500
3471208
3474016
3474320
3475093
3475267
3491069
3478718
3475770
3476227
3476316
3478857
3480450
3505928
3480678
3483265
3481525
3482141
3486834
3483974
3484399
3485646
3486212
3486070
3486872
3487552
3489843
3495211
3491093
3491277
3491294
3491518
3491825
3501453
3497517
3497602
3496647
3499554
3504985
3504610
3505969
3488427
3508954
3510037
3510222
3509206
3510558
3509287
3511158
3480311
3512641
3513904
3513069
3516052
3517701
3519473
3519647
3521930
3520542
3521696
3522066
3522304
3525031
3520601
3525523
3526026
3529736
3530185
3534162
3534178
3526224
3552753
3553135
3537612
3538884
3539824
3544746
3540815
3542356
3542575
3553313
3545923
3542984
3548300
3542854
3550874
3540266
3555820
3555918
3557259
3558618
3561037
3560250
3559318
3562542
3542895
3563178
3567946
3563093
3568952
3570940
3571554
3571979
3572755
3573606
3575270
3575423
3576184
3576508
3578316
3576751
3578431
3578719
3583086
3580096
3582206
3619732
3587224
3585843
3584164
3584985
3592133
3585642
3587396
3594350
3595052
3605513
3602873
3597168
3599045
3599232
3597341
3601101
3606900
3603776
3605133
3617324
3615173
3615009
3608650
3609629
3611532
3611697
3611936
3613670
3613830
3614670
3616945
3615934
3617099
3609756
3619071
3620619
3619854
3619440
3621194
3660020
3621585
3621624
3622198
3625899
3626881
3628603
3626986
3630024
3630438
3630730
3630878
3636311
3635194
3635539
3635611
3635961
3641962
3636540
3638725
3636924
3637634
3639371
3642134
3640512
3642400
3640632
3640798
3640356
3643404
3644142
3644648
3644658
3645107
3645901
3645952
3647703
3661123
3647715
3648321
3648532
3649501
3650823
3653997
3651484
3653376
3655760
3656474
3658638
3658715
3658997
3661190
3660241
3659584
3661313
3660441
3661629
3662093
3663051
3674764
3665232
3669254
3668111
3669520
3666148
3670477
3672075
3671409
3671991
3671706
3672108
3674246
3673508
3671256
3675966
3682966
3676873
3681553
3676910
3679643
3685686
3682366
3683591
3684339
3687012
3687767
3687940
3689294
3687843
3689785
3690496
3689439
3690583
3691010
3452793
3691180
3692283
3706739
3692346
3692592
3692698
3693307
3694446
3697102
3695201
3694967
3695311
3696217
3698179
3698194
3699236
3702165
3703915
3704976
3705964
3709611
3707568
3708550
3711433
3711871
3714128
3712331
3712135
3713181
3715378
3697889
3718513
3718536
3716754
3718543
3718799
3719422
3719679
3719883
3724281
3720503
3724250
3721521
3724502
3724534
3725567
3721174
3727165
3729789
3727326
3729530
3747128
3737590
3729799
3729865
3738423
3735411
3732532
3734438
3739901
3738453
3738691
3735709
3743157
3744822
3740917
3745907
3734895
3747704
3747420
3749020
3749359
3749742
3750044
3750281
3751370
3752429
3753452
3755045
3760065
3757158
3758496
3757641
3758990
3759138
3777210
3762187
3763048
3767341
3766660
3768506
3768911
3777294
3769487
3769568
3770386
3770772
3771202
3769510
3775345
3775772
3781228
3783731
3776579
3780874
3780292
3781063
3781809
3783563
3785666
3786979
3790703
3798158
3795619
3799804
3799953
3800276
3801955
3805098
3803723
3803180
3805293
3807586
3807790
3807894
3811408
3810943
3808076
3809547
3813506
3814074
3814616
3815819
3796605
3816520
3816896
3817699
3822666
3826546
3826700
3827152
3829447
3829777
3833116
3832316
3834036
3828399
3841693
3836529
3837987
3840190
3838800
3842479
3818287
3846756
3844460
3842759
3847518
3733778
3847904
3848392
3849699
3850383
3895206
3873043
3850480
3852405
3852095
3854437
3854577
3855256
3850741
3857897
3858075
3858301
3858802
3859263
3860690
3860892
3864287
3859106
3865240
3865881
3866964
3872855
3867168
3871495
3870030
3875774
3873022
3873614
3873667
3874238
3876859
3879641
3869816
3886648
3879651
3880626
3882871
3886077
3886670
3890427
3891885
3891052
3890530
3892109
3892629
3865598
3895934
3896507
3897378
3896751
3898771
3903327
3899284
3904670
3901567
3901910
3901432
3903843
3901744
3908110
3906315
3908108
3918071
3908586
3911003
3918420
3916170
3916704
3916616
3918768
3919035
3921505
3921942
3922826
3923925
3922933
3925982
3926702
3929280
3929547
3930387
3931152
3931382
3931655
3932097
3933555
3933792
3949181
3934869
3935282
3935317
3937271
3938055
3938638
3945910
3940474
3942095
3944080
3942833
3946031
3947413
3948416
3949183
3949321
3948979
3953306
3951580
3953094
3962059
3957561
3957365
3958440
3959055
3953623
3959468
3962304
3965436
3967070
3967419
3967677
3967925
4022259
3968349
3970903
3971007
3971889
3972190
3973404
3975743
3975628
3976982
3980833
3979892
3978526
3980564
3980942
3976992
3982814
3983913
3984987
3985246
3986699
3988128
3985583
3988359
3989847
3990527
3993979
3992818
3994475
3994594
3994603
3995106
3995602
3996203
3999785
4006549
4000232
4000711
4014620
4001024
4001254
4001421
4002682
4002853
4004071
4002192
4006009
4006014
4007623
4009039
4010387
4011004
4011258
4008960
4011861
4013168
4013946
4005423
4021093
4016603
4016872
4017876
4020741
4016780
4021379
4028101
4027841
4021972
4023610
4024568
4025028
4025489
4027492
4028692
4029316
4033013
4030915
4030976
4031016
4033671
4033887
4034022
4035025
4034223
4035110
4279807
4035678
4041010
4041416
4041500
4042735
4042855
4042761
4043974
4044632
4057654
4056841
4045068
4044887
4045617
4045969
4046374
4049649
4050574
4052102
4054399
4056173
4057337
4059353
4060809
4059467
4060275
4062028
4063033
4066419
4063277
4064560
4065961
4067641
4068188
4063423
4068616
4056078
4068973
4069739
4070659
4075122
4071387
4073019
4074600
4076826
4081210
4081342
4081509
4077885
4081699
4084186
4083831
4086270
4086415
4087489
4089210
4089360
4088646
4090108
4079315
4092216
4092386
4092950
4094468
4095076
4095524
4096563
4096875
4097261
4099056
4100591
4102237
4101475
4102692
4103334
4104217
4104588
4096578
4106328
4104980
4106712
4120134
4107472
4107915
4108895
4110290
4110469
4115601
4112183
4116796
4116304
4116306
4108747
4116938
4117584
4117603
4108400
4119726
4121706
4112055
4122037
4122833
4122215
4123665
4125816
4125037
4127330
4127531
4130008
4132012
4135906
4136312
4132204
4133498
4138396
4136796
4139752
4137490
4136411
4141978
4143847
4142412
4135748
4144406
4122746
4144510
4144545
4147532
4148997
4488693
4149582
4152070
4150435
4190165
4152828
4152840
4153364
4178808
4153562
4155649
4155197
4156270
4158427
4158517
4165635
4159123
4160309
4160741
4164675
4165660
4155855
4166473
4168448
4166363
4169413
4170511
4171272
4175371
4175476
4176378
4176812
4176955
4177187
4179878
4177349
4179225
4179059
4189875
4180930
4189347
4186363
4185574
4182240
4182935
4185147
4186579
4187088
4189945
4190723
4185072
4191183
4192455
4193486
4194248
4199571
4198673
4203064
4204994
4205624
4200489
4208071
4208397
4208592
4222283
4211577
4212700
4212206
4221691
4219880
4213005
4216972
4218863
4220480
4221747
4222629
4223125
4224209
4225727
4226357
4225953
4226566
4224745
4226794
4222032
4226816
4228506
4229082
4229519
4229740
4230222
4241264
4231282
4237759
4237974
4238484
4232249
4241437
4237922
4243445
4196946
4244457
4246552
4247702
4247933
4248040
4257503
4248426
4248547
4248667
4249481
4249912
4251110
4253064
4252010
4252174
4253185
4254174
4255251
4255791
4257633
4259899
4260405
4260030
4261936
4262580
4266381
4266426
4266576
4267116
4268737
4269783
4283635
4270485
4270524
4270784
4273492
4272554
4273055
4272468
4273749
4275096
4275357
4275333
4278572
4276305
4276675
4276790
4276963
4280783
4278800
4279462
4278239
4279533
4280334
4280336
4282993
4284672
4287548
4290824
4289435
4289600
4251360
4295013
4295694
4296417
4296979
4295760
4300445
4295220
4302577
4303348
4302658
4304177
4305754
4304827
4315428
4306683
4306965
4307424
4311042
4311922
4308821
4312637
4313075
4307336
4313154
4313257
4313859
4313890
4314457
4316540
4317158
4316882
4322811
4323528
4324340
4324090
4324593
4327275
4331407
4329770
4331056
4333273
4322483
4333580
4333967
4335313
4337455
4340472
4339047
4339050
4340107
4338980
4341339
4345196
4341371
4346006
4346046
4346401
4356767
4347280
4347474
4349386
4353299
4352615
4356590
4356291
4356528
4347845
4359457
4358527
4357588
4357946
4358463
4359590
4358890
4360326
4360340
4360569
4361473
4360581
4362119
4360334
4362929
4362981
4365839
4365540
4370804
4364378
4363730
4368358
4361032
4371979
4372549
4373091
4373346
4373530
4374324
4375286
4378460
4373608
4378502
4381008
4381707
4384211
4383415
4393242
4393950
4384300
4384786
4384793
4391051
4388494
4388350
4391090
4392367
4392929
4393119
4394304
4395570
4396144
4396456
4397113
4392957
4397468
4402793
4398837
4401591
4410668
4403530
4403280
4405100
4403160
4406825
4408764
4403105
4414034
4414998
4415162
4417087
4419746
4420496
4421475
4424685
4427101
4425537
4428392
4428694
4429481
4428520
4428890
4429852
4430441
4431757
4429306
4432784
4432904
4441315
4437482
4440525
4438170
4439891
4441260
4443391
4443582
4426757
4444931
4445344
4444495
4445544
4446200
4446126
4486887
4452117
4446697
4447716
4447875
4448309
4448928
4450200
4451797
4454299
4454630
4456578
4457675
4458784
4476199
4461676
4463277
4463746
4466799
4465254
4465759
4467346
4472256
4473056
4474096
4474430
4481943
4476700
4480281
4482397
4482481
4482690
4483153
4485668
4488061
4490582
4491352
4491402
4492397
4491775
4493215
4494887
4493493
4494224
4497453
4495126
4496608
4496231
4496321
4496708
4497430
4499430
4500235
4502003
4503395
4502340
4504322
4505444
4504545
4504482
4506530
4501389
4509026
4510234
4509879
4510884
4513713
4513808
4514469
4515569
4516024
4617615
4516368
4518051
4518096
4519353
4519798
4520371
4524129
4527437
4526929
4525001
4527191
4530390
4533208
4533575
4536618
4535281
4535339
4535607
4535125
4536856
4570894
4536925
4538045
4540457
4540719
4541066
4541461
4541865
4542001
4544771
4545409
4545903
4546807
4548661
4549195
4540372
4551103
4550005
4552477
4553982
4555135
4556391
4555439
4556865
4557098
4558055
4558762
4558930
4559989
4560523
4560543
4564034
4564103
4564930
4565251
4565904
4566704
4573298
4570937
4575285
4567899
4575388
4555589
4575667
4575913
4579306
4579750
4582451
4594725
4582877
4585236
4585582
4586296
4583900
4589859
4587582
4587064
4587452
4587541
4590709
4588676
4594215
4591738
4592028
4593544
4592017
4596371
4595077
4596445
4594922
4596886
4549254
4597379
4599337
4599586
4600573
4606163
4601552
4601501
4601557
4606327
4606582
4520012
4607353
4609352
4607793
4609923
4610558
4611051
4616222
4611421
4611789
4611932
4611994
4620527
4612123
4613627
4618384
4615784
4614936
4617095
4617583
4614085
4621110
4618648
4621095
4612486
4621651
4626388
4629420
4628542
4630883
4626999
4630969
4108285
4631720
4631455
4643361
4632230
4632905
4633378
4633443
4633911
4637153
4634480
4638108
4637491
4638675
4642624
4644001
4643663
4644995
4649480
4647920
4650002
4642116
4650396
4651673
4652894
4655828
4657325
4663948
4659174
4659174
4662320
4663878
4664164
4664409
4666091
4664579
4665019
4664554
4665041
4667139
4667274
4667826
4673050
4672583
4671410
4673137
4673640
4674103
4675449
4682601
4675704
4680460
4675978
4677953
4676187
4679704
4680397
4681973
4681224
4681234
4653144
4685041
4683129
4684418
4686220
4686296
4686703
4686928
4687262
4687658
4688600
4690443
4691224
4692731
4725419
4693004
4694934
4694915
4693090
4696117
4712829
4697068
4701644
4697218
4697446
4697678
4701483
4702400
4702020
4702746
4703765
4704168
4705784
4704738
4705950
4706483
4707647
4711659
4711767
4712306
4711281
4712551
4701259
4713986
4714582
4715222
4718423
4721122
4718626
4713200
4722244
4722978
4724094
4724149
4726625
4725609
4725971
4727301
4731515
4727869
4727943
4729003
4728037
4731715
4732449
4735345
4734726
4737078
4740608
4740643
4737445
4737247
4737622
4750139
4744109
4740804
4741017
4741848
4743329
4744472
4745330
4745583
4746076
4747541
4741459
4748502
4748545
4756022
4750446
4752320
4752927
4754472
4754790
4755969
4757884
4753279
4757924
4758937
4763301
4759810
4761788
4801590
4765864
4767392
4768082
4766001
4768402
4775808
4769492
4769940
4772647
4773880
4773607
4775311
4778124
4778096
4778115
4779049
4779236
4779515
4822869
4787501
4780696
4789068
4781077
4781403
4781852
4781416
4787105
4786479
4790340
4784791
4790468
4790479
4791168
4792522
4794420
4792644
4794051
4796715
4794530
4794956
4795005
4795238
4797032
4798071
4797119
4797410
4798102
4798716
4800717
4800898
4802118
4802200
4802646
4801371
4803099
4806696
4802987
4810075
4808979
4811610
4807556
4812819
4813674
4816166
4814089
4814632
4814824
4802573
4818904
4819650
4820558
4817291
4821491
4821870
4823293
4825210
4825304
4826213
4875651
4827591
4826735
4826324
4833982
4835982
4834729
4835378
4836552
4836699
4837762
4839756
4838633
4840399
4852508
4840923
4850892
4840968
4847338
4848110
4845214
4850981
4851191
4854063
4876079
4855671
4856859
4858459
4862462
4861136
4859519
4859660
4860910
4864636
4865251
4866751
4865476
4869480
4869257
4870136
4869640
4870811
4870958
4874327
5151761
4880698
4880747
4878543
4878551
4879672
4880195
4881019
4881280
4890083
4883671
4885015
4881371
4883088
4883503
4881810
4889606
4895229
4892187
4892960
4937429
4906395
4896466
4897996
4897443
4898449
4898667
4900116
4899293
4902373
4901908
4904831
4898714
4905436
4905618
4920520
4907661
4907929
4907340
4912068
4909968
4912258
4912280
4912558
4906943
4913094
4915876
4915162
4917325
4919779
4917744
4920391
4940076
4927755
4929091
4930686
4928158
4932776
4933152
4933662
4932128
4936451
4938943
4939636
4941713
4935382
4949020
4946025
4946020
4950296
4947166
4952509
4953326
4944458
4954078
4954645
4955957
4957535
4960010
4957721
4958645
4960355
4957875
4960603
4961284
4961282
4961426
4892884
4961797
4962376
4964168
4965687
4963105
4963325
4965712
4967578
4966440
4967791
4969272
4997043
4969510
4972808
4970772
4971020
4971382
4973708
4974452
4974766
4978555
4975201
4977094
4984186
4978990
4982382
4981852
4989399
4983692
4986895
4990437
4991191
4998722
5000035
4999436
5001907
5002167
5002390
5005580
5007363
5006362
5006050
5006722
5007000
5008446
5008210
5008346
5004481
5009830
5009907
5010342
5008901
5010843
5011461
4988319
5011533
4995628
5022232
5012657
5014971
5021641
5015671
5015779
5021424
5023022
5023290
5023234
4878866
5025374
5027145
5023539
5027773
5027267
5030661
5098346
5036251
5035505
5032821
5035085
5035263
5038150
5041937
5041623
5042570
5045418
5045822
5046119
5046262
5048125
5048165
5049146
5055346
5053584
5052904
5056114
5056115
5056887
5058041
5067742
5059613
5063662
5064558
5065026
5065920
5066782
5052316
5069061
5068555
5068763
5075782
5069161
5069432
5069582
5071649
5086140
5077450
5077917
5078749
5087690
5079064
5079787
5086337
5079841
5080227
5084016
5083336
5084214
5085079
5088182
5089800
5091119
5090831
5091853
5094466
5095745
5094467
5087406
5097435
5097531
5099466
5102335
5101614
5101631
5096629
5103218
5110366
5105711
5107697
5105723
5107405
5106380
5109661
5111258
5112221
5114122
5120003
5116293
5115041
5122197
5123537
5122899
5123643
5120830
5124208
5074259
5128372
5130930
5128615
5129402
5137304
5132639
5133966
5134370
5138423
5135395
5139232
5138983
5139806
5150308
5141567
5146648
5144697
5144160
5145663
5147265
5156442
5151354
5156579
5151740
5152601
5157378
5151390
5157981
5170888
5160627
5161040
5162670
5163445
5163549
5165707
5161331
5169071
5169175
5170972
5173203
5143233
5173291
5174033
5175258
5175748
5178598
5176451
5179312
5180260
5183201
5183734
5185633
5186159
5184944
5186210
5186423
5201052
5186753
5187225
5187700
5188596
5189769
5191527
5188175
5192136
5194400
5192967
5193539
5195018
5197280
5196477
5197165
5198259
5201005
5202811
5202223
5202440
5203004
5205820
5204987
5203232
5204714
5205711
5215363
5215572
5207582
5211452
5215139
5193151
5218230
5216460
5218218
5216830
5220041
5220741
5221571
5223501
5223844
5223005
5224113
5227410
5227997
5228153
5230143
5235830
5236421
5240827
5240696
5242365
5243729
5241740
5245818
5245882
5246844
5247737
5247181
5248570
5249976
5248076
5249204
5250038
5250741
5240037
5250796
5250831
5252419
5252979
5255336
5254776
5256085
5257572
5262776
5257636
5258641
5259088
5260615
5261202
5263007
5263959
5265236
5265586
5270993
5271507
5288820
5272160
5272961
5272088
5274533
5276271
5275566
5277817
5278113
5279033
5279980
5280193
5280883
5281380
5281486
5283246
5281697
5287754
5287406
5283217
5290403
5291904
5292545
5300788
5296909
5298593
5292992
5300203
5293979
5302763
5319873
5304250
5307507
5307568
5307644
5312815
5310162
5310868
5309612
5311228
5308072
5316641
5313457
5316067
5319579
5318892
5293160
5320310
5321114
5321713
5280068
5322851
5324201
5329318
5330145
5324667
5327020
5333466
5331844
5333631
5334476
5335662
5336352
5339353
5341037
5340231
5329649
5341364
5341413
5342508
5342880
5349090
5347358
5345068
5346287
5346598
5348456
5349637
5370440
5350280
5352815
5352593
5353234
5354261
5360863
5356468
5361178
5353026
5363221
5365883
5367181
5369613
5370052
5370953
5373915
5374550
5352426
5376825
5378176
5380362
5376780
5381215
5347981
5381524
5383484
5383507
5383627
5385307
5389524
5387862
5388029
5388138
5390629
5419616
5392530
5399782
5397988
5395630
5394665
5394943
5397424
5401617
5402412
5405144
5402842
5406810
5407699
5410689
5394462
5411137
5419624
5411488
5411141
5411876
5412335
5412494
5413497
5414342
5414841
5415411
5416683
5417691
5422142
5418722
5420022
5569377
5422479
5427000
5437804
5427641
5429850
5448087
5430540
5431497
5432952
5433186
5430878
5433720
5435223
5438053
5442711
5439717
5443993
5444017
5444655
5446789
5445324
5445468
5449485
5446294
5446229
5448473
5450180
5450949
5451437
5451981
5452671
5454373
5455217
5455549
5456019
5456899
5471331
5459177
5459921
5461021
5462279
5464774
5465097
5466193
5466803
5467507
5467530
5468145
5468105
5469145
5469156
5470163
5470510
5470921
5467226
5477035
5477861
5472046
5477416
5473231
5473147
5475901
5477933
5478085
5478771
5484453
5480521
5483570
5448307
5488138
5485046
5484952
5486759
5492273
5494081
5495740
5495202
5491184
5495885
5496803
5497912
5498487
5499199
5500227
5501156
5502765
5503992
5504098
5503929
5505667
5512979
5506566
5507153
5510403
5511232
5512739
5511662
5512245
5513579
5513844
5523597
5514304
5516170
5514375
5517638
5518107
5518167
5518671
5518906
5519865
5520722
5519633
5522079
5522299
5529504
5523166
5525937
5526223
5528417
5526975
5529307
5529376
5530793
5533584
5535335
5538061
5534840
5534984
5536158
5537314
5537011
5538406
5538951
5539215
5541423
5541777
5545449
5542738
5546515
5546796
5549134
5550050
5550845
5552070
5551887
5551430
5555889
5553241
5556360
5559806
5563602
5564555
5564693
5564873
5566366
5566815
5567384
5568254
5568987
5572176
5569428
5570568
5569480
5570133
5570975
5572884
5573119
5571311
5574511
5573128
5574588
5574762
5575387
5576689
5576068
5576901
5578158
5578398
5580051
5578987
5580559
5581052
5581431
5582690
5583374
5583155
5584316
5584853
5587226
5588245
5588484
5584091
5588520
5589712
5586800
5590889
5589837
5591801
5590991
5591690
5593824
5592842
5603703
5594688
5594735
5594762
5595440
5595700
5596107
5597201
5597349
5598965
5599088
5599673
5604653
5604013
5603941
5605131
5605792
5602482
5606182
5606668
5607385
5480745
5608487
5608742
5609135
5609913
5612285
5613213
5619334
5615168
5616558
5617471
5618909
5622162
5619660
5622728
5626578
5623476
5623675
5625166
5628147
5625696
5632232
5616344
5633248
5633701
5633887
5634353
5634646
5640459
5637237
5638359
5638417
5639119
5643299
5639589
5640800
5645802
5645617
5645969
5646087
5647472
5654923
5648537
5650728
5650754
5652304
5653854
5655568
5655662
5650392
5655673
5655721
5657214
5657555
5657723
5658353
5660326
5661173
5662208
5663051
5664605
5666694
5667359
5663012
5667717
5668176
5669034
5669463
5669527
5669786
5669550
5669582
5673143
5674635
5677849
5675792
5675990
5674788
5676321
5651961
5678187
5678460
5679732
5679804
5680875
5682219
5682915
5685993
5687503
5686536
5686741
5689955
5690427
5689964
5690700
5691000
5693780
5694193
5694262
5694988
5696588
5697520
5699081
5699852
5700279
5700578
5699921
5703162
5703363
5704362
5704678
5705812
5707454
5707648
5706932
5707768
5706559
5710196
5710394
5710815
5710870
5712938
5714712
5713719
5714739
5714853
5715403
5716749
5718425
5717228
5722569
5720022
5719019
5720164
5721213
5722105
5722483
5723998
5725444
5724057
5724240
5724277
5725758
5726834
5727258
5726947
5727108
5727782
5733296
5727827
5727952
5732214
5733015
5733714
5733594
5734215
5717853
5736760
5738079
5737577
5739369
5744559
5746342
5746722
5748169
5747595
5749174
5737150
5755010
5752617
5749831
5753748
5755787
5758238
5755574
5756187
6416997
5759574
5763125
5763033
5761218
5766603
5760650
5767165
5767546
5771958
5770445
5773779
5772465
5774376
5762783
5777738
5778131
5778236
5778555
5779340
5777416
5780284
5782079
5783007
5775216
5784804
5786812
5791523
5787899
5791552
5789148
5793364
5794618
5795568
5798645
5796861
5797886
5919949
5798717
5802954
5801190
5802223
5802555
5798760
5803622
5805867
5806344
5806819
5807876
5809663
5811930
5812543
5813019
5813357
5842932
5814219
5814575
5814750
5829791
5814762
5816323
5817937
5819840
5820740
5820819
5825555
5828166
5834213
5833579
5829467
5828578
5829637
5835764
5836039
5819874
5838542
5839639
5839784
5839398
5848215
5842574
5840960
5848159
5845473
5851866
5851958
5851553
5856663
5852038
5853405
5824368
5856682
5859662
5857968
5860125
5859488
5861520
5864490
5865985
5866201
5871889
5867827
5870996
5871916
5870291
5871960
5867137
5875940
5874168
5873424
5874503
5881342
5876269
5877617
5878880
5881492
5885008
5887584
5882443
5889127
5889685
5890512
5891510
5891654
5891706
5892277
5894465
5892964
5892738
5893119
5893295
5894996
5898187
5895140
5896721
5898325
5901846
5902567
5901854
5902822
5906067
5906008
5908396
5906237
5907541
5909782
5910054
5912034
5912736
5913426
5913560
5914871
5914769
5916945
5917602
5917511
5920779
5920793
5920849
5921538
5921874
5922811
5922894
5923411
5924762
5928557
5929143
5924504
5929669
5931525
5860764
5933903
5936185
5931634
5936690
6561898
5947651
5936925
5938092
5939411
5940646
5942269
5940844
5943645
5946545
5945698
5945971
5939501
5946992
5951008
5953238
5953016
5953617
5956779
5954251
5956975
5938249
5957098
5960925
5961212
5962255
5964002
5967251
5962854
5968766
5968776
5970546
5971036
5971444
5972930
5972971
5973025
5974018
5975009
5975398
5973003
5978188
5978490
5980105
5978580
5981350
5983187
5997726
5984019
5984679
5984745
5984751
5984806
5989055
5991970
5990435
5993037
5996835
5997281
5997663
5998420
5979105
5999190
6000453
6001041
6001628
6003151
6004398
6004648
6006640
6008997
6010679
6010733
6087781
6019418
6011251
6012055
6012915
6014063
6014073
6014768
6014278
6017754
6018499
6019324
6021295
6019682
6020489
6022320
6020906
6021504
6021244
6022711
6019827
6024776
6025238
6025263
6026495
6026822
6027627
6028165
6033627
6028616
6028870
6029733
6029150
6031948
6032199
6036763
6032263
6032533
6036571
6032605
6036795
6037035
6039344
6024436
6041089
6042267
6042831
6042838
6044073
6050729
6046840
6049842
6050570
6051428
6049297
6051759
6051920
6053714
6056449
6058590
6058845
6058896
6059923
6060216
6061420
6069548
6068496
6066260
6062042
6063435
6063813
6064639
6068426
6022404
6073891
6069968
6072467
6074313
6074678
6074733
6080465
6078472
6077705
6078656
6081253
6083308
6084926
6085624
6087649
6088462
6090885
6091441
6091682
6077563
6094227
6094532
6094576
6102785
6094776
6096675
6097193
6103483
6102389
6102238
6102740
6103063
6100763
6104340
6104425
6098523
6104761
6105558
6109480
6108233
6105899
6106687
6108173
6106222
6111625
6112720
6114236
6115002
6117276
6117290
6116539
6117555
6155624
6117583
6118684
6118938
6121448
6121795
6122022
6133784
6122874
6125142
6125548
6125283
6125684
6125789
6126627
6129062
6127472
6132721
6129774
6129852
6135971
6131289
6133413
6135403
6124890
6138673
6141081
6141379
6140086
6142075
6136417
6143488
6145355
6148465
6149759
6145677
6152523
6154045
6155261
6150804
6155528
6155767
6158271
6159281
6160495
6160503
6160596
6163783
6162556
6162645
5944597
6164037
6170061
6166035
6164625
6165881
6167197
6167763
6171816
6174643
6175511
6180627
6177049
6176190
6180093
6178325
6181709
6181863
6180102
6184532
6185214
6188876
6193871
6190604
6190881
6191174
6191305
6191363
6193685
6195177
6196132
6196466
6197050
6197424
6200096
6199634
6200097
6210934
6200128
6200979
6201340
6201434
6204136
6203073
6206626
6210892
6212813
6212959
6213504
6215381
6215708
6213540
6216147
6216257
6174314
6216335
6187262
6218015
6219476
6220340
6221788
6222929
6223168
6220719
6224269
6225303
6220815
6225389
6226379
6226403
6227810
6227528
6226320
6228940
6241659
6230794
6230527
6230169
6231169
6233437
6233722
6255152
6234348
6236928
6237487
6237786
6237867
6238293
6238649
6238953
6254371
6238971
6239273
6240406
6250413
6243121
6243868
6244063
6244075
6244469
6250839
6251136
6246960
6248981
6249449
6250309
6226685
6264336
6256275
6257985
6258413
6259801
6262874
6260530
6262912
6263274
6265472
6265715
6263719
6266322
6266571
6266748
6267597
6269494
6269043
6270442
6271723
6272268
6273018
6274892
6284235
6275400
6278303
6280838
6282363
6283700
6283904
6262566
6284267
6287683
6289006
6290971
6290992
6292692
6291277
6324918
6293190
6293755
6296862
6295248
6297238
6298098
6301565
6295819
6301838
6301726
6302074
6302671
6302721
6304863
6306040
6306269
6311125
6308758
6307583
6308993
6308942
6309816
6311258
6313377
6311259
6311995
6317617
6316065
6317767
6318726
6321632
6318750
6320507
6321217
6325372
6321667
6322470
6323975
6326058
6326802
6333764
6328966
6327729
6328421
6328662
6328962
6330185
6332155
6333070
6333581
6296875
6334329
6334928
6343127
6337831
6335256
6336589
6342190
6338900
6342981
6339154
6340579
6345801
6346011
6346222
6343368
6346436
6363977
6347876
6348283
6348453
6349349
6349661
6351047
6363978
6353670
6356573
6354888
6354251
6354735
6356012
6360259
6355267
6361045
6363366
6361331
6364257
6365043
6367915
6366276
6369512
6338111
6370408
6370916
6372045
6372525
6374012
6374868
6374983
6375062
6376898
6376116
6383830
6377119
6377218
6377337
6378423
6379104
6379906
6380227
6382168
6386489
6381408
6388215
6389011
6389599
6391246
6398599
6391369
6393023
6394252
6395125
6395317
6398338
6400708
6399052
6399476
6403816
6402963
6402861
6403494
6403589
6403904
6404348
6404589
6406288
6406504
6431420
6421992
6410269
6411796
6412093
6414064
6417360
6417471
6413597
6417577
6418128
6418272
6418297
6428120
6419478
6421903
6423322
6421651
6423661
6427951
6427411
6424697
6428103
6428418
6428549
6429019
6429802
6441777
6432780
6430940
6432861
6433083
6438908
6439285
6440322
6441522
6445259
6443425
6444405
6444906
6446954
6448590
6448939
6450906
6452609
6442418
6453405
6453419
6461242
6453612
6453738
6459853
6460011
6464394
6465538
6465678
6476488
6466005
6468398
6466443
6469990
6471229
6472223
6474914
6473316
6477400
6476327
6530038
6480665
6477780
6477857
6478645
6480149
6480989
6483460
6482097
6485032
6485265
6491284
6485968
6485783
6487734
6488082
6489572
6490929
6491423
6493507
6494649
6487112
6495293
6502837
6499329
6496634
6499349
6499502
6499288
6501955
6502498
6502815
6500642
6502979
6503533
6504665
6497039
6506364
6495994
6506863
6506956
6509503
6506993
6509794
6510233
6511274
6511301
6515169
6498379
6516067
6516340
6516352
6517562
6518759
6519562
6520113
6520805
6521205
6526857
6527461
6535940
6527566
6530073
6527593
6527964
6531560
6531987
6531568
6527634
6532123
6531065
6536257
6538076
6542912
6557154
6543106
6544392
6543224
6551770
6546201
6546820
6549643
6553270
6556675
6554636
6556985
6557303
6558505
6558780
6556521
6560312
6560945
6561232
6561710
6562045
6562422
6563676
6563884
6565757
6567311
6569685
6571554
6572253
6573444
6573617
6574625
6562189
6575535
6576094
6577112
6577722
6578550
6579626
6579628
6580031
6580179
6580289
6580406
6580831
6581281
6583926
6587212
6587718
6586428
6587854
6589552
6588343
6589881
6591329
6597784
6595607
6592614
6592382
6597061
6598889
6598969
6599351
6601414
6600940
6601189
6601456
6599095
6603224
6602130
6602218
6604099
6605579
6606813
6604355
6610158
6612878
6616357
6614972
6613350
6617049
6618372
6620208
6618610
6607161
6620752
6608109
6621203
6621649
6621658
6620927
6622199
6623555
6704741
6623789
6625095
6627743
6625138
6625524
6626249
6631106
6630757
6633505
6634147
6636139
6634388
6634930
6635083
6636577
6641007
6651197
6643917
6641520
6642474
6643586
6644558
6657448
6644714
6645324
6644890
6646205
6647266
6646586
6647674
6648506
6649200
6650779
6649771
6650376
6650380
6650322
6651863
6646828
6653760
6654757
6655196
6656365
6655919
6657277
6657550
6679723
6658003
6658074
6666374
6658324
6659679
6664802
6666214
6660618
6667187
6682499
6671974
6668028
6668702
6676034
6675696
6673492
6672464
6674615
6676500
6677762
6678152
6676985
6679568
6683672
6684816
6685052
6665241
6685330
6685996
6687167
6689205
6690943
6691525
6691838
6692266
6692436
6694599
6695973
6688303
6696049
6697405
6697010
6686048
6697644
6698088
6699583
6704324
6702300
6704496
6705219
6705764
6706667
6711782
6711229
6708892
6711937
6713459
6715783
6714757
6715176
6715830
6718971
6718740
6718721
6719738
6659282
6720072
6720197
6724189
6724256
6725426
6725803
6748584
6728612
6725813
6725817
6735821
6732152
6733032
6729618
6733092
6743386
6736261
6736536
6736606
6737083
6738795
6739435
6739918
6741992
6742701
6743998
6749125
6745032
6744695
6748062
6752668
6749233
6735274
6754642
6755276
6756236
6756767
6757424
6757692
6763597
6757917
6758669
6760899
6757695
6761981
6761546
6762230
6762153
6764290
6784956
6766097
6765312
6766059
6782604
6766518
6781388
6767789
6768152
6769710
6769733
6772484
6774240
6776287
6774408
6775276
6777867
6777970
6778494
6779130
6782793
6782946
6789552
6784006
6784770
6784894
6785233
6785593
6785869
6786171
6788192
6789571
6789297
6789516
6785620
6792147
6791997
6791423
6792256
6635753
6793081
6799034
6796166
6797888
6794574
6799124
6801557
6799399
6803196
6803512
6804526
6804593
6805163
6805308
6810257
6810823
6810309
6810680
6810889
6808573
6811239
6814772
6816012
6815474
6817272
6815130
6817962
6826385
6818599
6818631
6821693
6820758
6823323
6823562
6824619
6825155
6825471
6822859
6826524
6829866
6828474
6831652
6833324
6833399
6823156
6833440
6834248
6835449
6836143
6836728
6837446
6891239
6837953
6839802
6840364
6840664
6843751
6845456
6847312
6851258
6851918
6852005
6853291
6862530
6854540
6857333
6855852
6857339
6860490
6861096
6865026
6858598
6865582
6867073
6866158
6847508
6868027
6874547
6875936
6877461
6877527
6884405
6878583
6881796
6881740
6883374
6884695
6883897
6885078
6886637
6887413
6884918
6887768
6888555
6888633
6889131
6850009
6890421
6890945
6892126
6896531
6897536
6892678
6893965
6894974
6894970
6901231
6901553
6902534
6903389
6904112
6905711
6904587
6906184
6975178
6906397
6906760
6906897
6908159
6909178
6909157
6910365
6907734
6912859
6911606
6910405
6913947
6911960
6914439
6916651
6917272
6917163
6917904
6914153
6920948
6951723
6922659
6923602
6924840
6923868
6926204
6981446
6951449
6927659
6927845
6932425
6927883
6929293
6930069
6934110
6934414
6934690
6936451
6940665
6939541
6940332
6937440
6941196
6942708
6943169
6943378
6944033
6946729
6944598
6947734
6947843
6937819
6950185
6952507
6949892
6949268
6952306
6945829
6953349
6954449
6953861
6955953
6956267
6959748
6960016
6960561
6960253
6963167
6966981
6967735
6955473
6968499
6969441
6972731
6970939
6972675
6969724
6975563
6974858
6975707
6977041
6978448
6977831
6981899
6979176
6983911
6982068
6985855
6982070
6982440
6984562
6983948
6990097
6993987
6992305
6990777
6996960
7000007
6999036
6998267
7000587
7001045
7005479
7003393
7002360
7007547
7008503
7009409
7011885
7011930
7012452
7012044
7012087
7015753
7013571
7014060
7027066
7015963
7017215
7019122
7016962
7017122
7019261
7018745
7019044
7020037
7025716
7023890
7024203
7017475
7026965
7027455
7027453
7029066
7029689
7029892
7041465
7030869
7031097
7032809
7035108
7035177
7031434
7042364
7042744
7042781
7042952
7050279
7048613
7044809
7046413
7047122
7050242
7050247
7052367
7051429
7051476
7140669
7052904
7066035
7054446
7057286
7058192
7058991
7060566
7062665
7062287
7062752
7064184
7064210
7065652
7066542
7066284
7067612
7067286
7067728
7054845
7067836
7067943
7070610
7068079
7069175
7070316
7070629
7074118
7074948
7082340
7075630
7076225
7078637
7078706
7079534
7079788
7080500
7093380
7083526
7083766
7084900
7087243
7085467
7087628
7089463
7089951
7089795
7092398
7090687
7094796
7092743
7094015
7095315
7100516
7097345
7100723
7088368
7101561
7102459
7103748
7103847
7105118
7107381
7105149
7108737
7109329
7110315
7110361
7109295
7110624
7110647
7110879
7111099
7111709
7112240
7112231
7113474
7113780
7115737
7116528
7117851
7119313
7119563
7118773
7120111
7121076
7122098
7123015
7123516
7124087
7125086
7125111
7125367
7125642
7126176
7127938
7126757
7126976
7077567
7127942
7128123
7056290
7129429
7139942
7129552
7130637
7130658
7131370
7133238
7140767
7134131
7134926
7135512
7138235
7140648
7139275
7140155
7140327
7142075
7142357
7222819
7145344
7143189
7145461
7146908
7147001
7148492
7146579
7149352
7144759
7150079
7151114
7151762
7153533
7212484
7154110
7155206
7154691
7154895
7157483
7158777
7158327
7159789
7160822
7160997
7165922
7165965
7168336
7165976
7166050
7166611
7168140
7162326
7168418
7168934
7174241
7169233
7169829
7170522
7175320
7175709
7179851
7179455
7176080
7179888
7175737
7180115
7181487
7180240
7180362
7180960
7177441
7182722
7182975
7184084
7184104
7185097
7185210
7186757
7184054
7188384
7189447
7191639
7189523
7189808
7191280
7193912
7193428
7194415
7194783
7194844
7194941
7196206
7198344
7198296
7199014
7204084
7199839
7201093
7203211
7203412
7203427
7204523
7207800
7206238
7206123
7207661
7205296
7209609
7212193
7223862
7214824
7215343
7216478
7218523
7216845
7220633
7213748
7222645
7223860
7211088
7227249
7224098
7224437
7224801
7227851
7229200
7231648
7225851
7234029
7234312
7243511
7235019
7235719
7243175
7239033
7237204
7241372
7243016
7237307
7244090
7157863
7244197
7245489
7244721
7247343
7249658
7249709
7251263
7251017
7250060
7250274
7250333
7280544
7256015
7254827
7253877
7256109
7252616
7256490
7258666
7257086
7259105
7257268
7259945
7261344
7260441
7260890
7261595
7262132
7263318
7263497
7263699
7267924
7264818
7266677
7267687
7267934
7268270
7267521
7268800
7269695
7272253
7276434
7273415
7274521
7276701
7281605
7277576
7276902
7277079
7278609
7279954
7279941
7282645
7282008
7283263
7285254
7283636
7284984
7267119
7288526
7288730
7288372
7291034
7028937
7294776
7299966
7296639
7296307
7296564
7298718
7297182
7299847
7296246
7300379
7300823
7301237
7303334
7303580
7303651
7312876
7304289
7304659
7305730
7306592
7307168
7307079
7311498
7310480
7307934
7310825
7311885
7312393
7313274
7314120
7319291
7315323
7316827
7317255
7320419
7325044
7320850
7325405
7327855
7327895
7330381
7330687
7330893
7928325
7331741
7344302
7336171
7336231
7341080
7337438
7338764
7340743
7342272
7342934
7343531
7345052
7345148
7346257
7347466
7347473
7350582
7351225
7348823
7351974
7353053
7347173
7353143
7353625
7354419
7362246
7354804
7355214
7356368
7357349
7357970
7362996
7359179
7359778
7359792
7355081
7364013
7363572
7366706
7365762
7368043
7367877
7368099
7368077
7368540
7369529
7369773
7371153
7373340
7375331
7380533
7377831
7377788
7378224
7378912
7379185
7381505
7381798
7383948
7388255
7384012
7387961
7426406
7388314
7390013
7428391
7390221
7392609
7394789
7393108
7394441
7403161
7397225
7400755
7397307
7397902
7399425
7394877
7402713
7403217
7400875
7405576
7407735
7407679
7409400
7409655
7409701
7412002
7411408
7417057
7414050
7417640
7417836
7418064
7418896
7415767
7426615
7421100
7423014
7421903
7426843
7428529
7359067
7432843
7433106
7434107
7431800
7434446
7435071
7435510
7436262
7437030
7437502
7439005
7440031
7440974
7441824
7440783
7439198
7443479
8295326
7447043
7446886
7446446
7443946
7443826
7445285
7445228
7447135
7444144
7456708
7450517
7451614
7457401
7460181
7457825
7459019
7460354
7460893
7444428
7461123
7462188
7462302
7464823
7463682
7465307
7466965
7467948
7476277
7474417
7468047
7475987
7476356
7504383
7489659
7483765
7477413
7481540
7478725
7479345
7482794
7482836
7487005
7503131
7490408
7490043
7490249
7492258
7490498
7491326
7493339
7493674
7494694
7495281
7495308
7495767
7500320
7500612
7501207
7778919
7507215
7504470
7504559
7505128
7506187
7508175
7508811
7508552
7509442
7511878
7510280
7511939
7512433
7519097
7514476
7513181
7516172
7515689
7516423
7516797
7516870
7517440
7518659
7517952
7515066
7522971
7523129
7523577
7524052
7526702
7526821
7528363
7529520
7541576
7534389
7533255
7530485
7530152
7533031
7536721
7536380
7536323
7537129
7537457
7537682
7538060
7540701
7538970
7539249
7542336
7542465
7544531
7542590
7545066
7543849
7545563
7550758
7549838
7550184
7550207
7552714
7558032
7557860
7558331
7558393
7559556
7559094
7560532
7560433
7559907
7563802
7565501
7564022
7565782
7542059
7570701
7570992
7571180
7571532
7572414
7575763
7576270
7570425
7581348
7578208
7581220
7579607
7578723
7583565
7585404
7585991
7589191
7589856
7589728
7591229
7591694
7592966
7593185
7594240
7594502
7595481
7597407
7599517
7602134
7602270
7602728
7603590
7603843
7617860
7604016
7605741
7608213
7605936
7606822
7612701
7609690
7609722
7610955
7613586
7621157
7613662
7619224
7614322
7618448
7614776
7616674
7618213
7620355
7621092
7622368
7626835
7629251
7630807
7621815
7630976
7570741
7641700
7642339
7631904
7634126
7641602
7636104
7639639
7643014
7643671
7644330
7647350
7647701
7649399
7837687
7649924
7650175
7650883
7655099
7651866
7653201
7655411
7653275
7652277
7655521
7656850
7656168
7657984
7668538
7661640
7660926
7659893
7659815
7658658
7661942
7667308
7664136
7667554
7668907
7669205
7669429
7669929
7671150
7673290
7672301
7674624
7680135
7680923
7680116
7678481
7675693
7676700
7676548
7679579
7679237
7682166
7682216
7683237
7682979
7683409
7656255
7683869
7685066
7772847
7685761
7685214
7687801
7695562
7688512
7688531
7690219
7695840
7696891
7697342
7699620
7695382
7704994
7706037
7703474
7710304
7706930
7707892
7710781
7711045
7711796
7714166
7718947
7722295
7723076
7740094
7724495
7723115
7724340
7732154
7727722
7729321
7730093
7735399
7733382
7730359
7731892
7733960
7732613
7733330
7730178
7735730
7736021
7736308
7736494
7739257
7736737
7736742
7737009
7737071
7737311
7738643
7739216
7740751
7745125
7740819
7741563
7741724
7743188
7741862
7743678
7743192
7745265
7730381
7749214
7749562
7749733
7751337
7750532
7751136
7752240
7725788
7752510
7757248
7753983
7759780
7767088
7760027
7760272
7760503
7760671
7762050
7763612
7762348
7763249
7764550
7765223
7765380
7769697
7767114
7767415
7771100
7771200
7771677
7771956
7772340
7773072
7772407
7756452
7773561
7773637
7774590
7775882
7778814
7780728
7781764
7783761
7788446
7783535
7784332
7785872
7797411
7793788
7788981
7790360
7794540
7794254
7798744
7798272
7798498
7904668
7800044
7800780
7800834
7798754
7802379
7802611
7800871
7802883
7804246
7805577
7805859
7806321
7813150
7812787
7806773
7815876
7816670
7818411
7819151
7818555
7820368
7821109
7820264
7822432
7804928
7823517
7823194
7824248
7823037
7824736
7825242
7826939
7826588
7824527
7827034
7827100
7827637
7827791
7827919
7829147
7831753
7829861
7833119
7834530
7833693
7799105
7835726
7837769
7837892
7853425
7837908
7838438
7839053
7841082
7839618
7840339
7839168
7841932
7842093
7842265
7842731
7843081
7844203
7843865
7847384
7848260
7851868
7849871
7852054
7854133
7855154
7860823
7857392
7857617
7857629
7862516
7861437
7861509
7866952
7869695
7867501
7868133
7868990
7871252
7869202
7869538
7871570
7871682
7897432
7873251
7875473
7879153
7873960
7886930
7879414
7880724
7883002
7883355
7885208
7883337
7887527
7879672
7887944
7888212
7890894
7889396
7891252
7895868
7891925
7892100
7892184
7893076
7894262
7898871
7895975
7897133
7900391
7900585
7901503
7900457
7902140
7904511
7903769
7902190
7904707
7905172
7905076
7822485
7906405
7905203
7906536
7907250
7907527
7907820
7910993
7912332
7912457
7914286
7914440
7915162
7916395
7917186
7917775
7919343
7920411
7915442
7920477
7922003
7921326
7921864
7922857
7922906
7923105
7924095
7924334
7924350
7924910
7928551
7925647
7927697
7938125
7928987
7930487
7932348
7930947
7931259
7933028
7932152
7932579
7931893
7933040
7935044
7937312
7940989
7943082
7944148
7944457
7946123
7946654
7949498
7950278
7947689
7950475
7950842
7952225
7955087
7952615
7954752
7955384
7955997
7952547
7956277
7966369
7957062
7957218
7958329
7958590
7959778
7960628
7971393
7960633
7963668
7960903
7961197
7961207
7962691
7965674
7961427
7965775
7969027
7972321
7971118
7971726
7973751
7975714
7989829
7980458
7978346
7977725
7976683
7979770
7976902
7979977
7980948
7984861
7982070
7981775
7984242
7985208
7987110
7985984
7986369
7987084
7993848
7987841
7988398
7994826
7992042
7990405
7988989
7990713
7993614
7993057
7993093
7998199
7998134
7998949
7995219
7999017
7999484
7999534
8000609
8001561
8001667
8004030
8003910
8008673
8002891
8008924
8030232
8010015
8011944
8012400
8010125
8013916
8013951
8014027
8014332
8014607
8015031
8041516
8015974
8016553
8017778
8017114
8024776
8019280
8021286
8021694
8025052
8026299
8028165
8030620
8032009
8030745
8030925
8030754
8034712
8036875
8037071
8037410
8039309
8040629
8040817
8026084
8041303
8041953
8041659
8042121
8042956
8043789
8044196
8044397
8044422
8047746
8048091
8045433
8048781
8051053
8050276
8051128
8053825
8058066
8054737
8055019
8055230
8059168
8060924
8060068
8060114
8059392
8060421
8060876
8061333
8065075
8066815
8069599
8072066
8093770
8072727
8073460
8075160
8075263
8080925
8076032
8077515
8076915
8085998
8087292
8091673
8089080
8088132
8089668
8089812
8091299
8092406
8095942
8093440
8094342
8094528
8096096
8096236
8098914
8097083
8103505
8103130
8103001
8099402
8103649
8103668
8104349
8101508
8105780
8108412
8110324
8112834
8115730
8113041
8113399
8113978
8115774
8119105
8119443
8120413
8120868
8122832
8123749
8124294
8125585
8128627
8127977
8121975
8130427
8133046
8131906
8135496
8137329
8137706
8129246
8137995
8139905
8141295
8141485
8142097
8142282
8074657
8142402
8144331
8143878
8145640
8146215
8146453
8146554
8147617
8147310
8150202
8151108
8151312
8149483
8151722
8151810
8152294
8152555
8153424
8153656
8153560
8156333
8156008
8156420
8157227
8160835
8158119
8159023
8161377
8161297
8162310
8163388
8164291
8164410
8164614
8165822
8166753
8166434
8166848
8168379
8170188
8171959
8171418
8183290
8172880
8173112
8176725
8180925
8184155
8183208
8182216
8190165
8186968
8185518
8184873
8190304
8312776
8193826
8196149
8190421
8196594
8197259
8197758
8197797
8197985
8198374
8200184
8211766
8201432
8206931
8202431
8206988
8202615
8207570
8203002
8203518
8204163
8203752
8206283
8208849
8210474
8209110
8209291
8209497
8379922
8243451
8211797
8223505
8213556
8214150
8214364
8217292
8217626
8218333
8222790
8222186
8223125
8223427
8223931
8243133
8226338
8230188
8226502
8227017
8230453
8231981
8232293
8232298
8233822
8235248
8236259
8237264
8224955
8240168
8237457
8237968
8222910
8247061
8243319
8246093
8248458
8247297
8248633
8263301
8248968
8249034
8249836
8250087
8251740
8250448
8251081
8262910
8254425
8255147
8256747
8258879
8260977
8253983
8260989
8260990
8262261
8264118
8264125
8269353
8269556
8268063
8266804
8267722
8267185
8269923
8270746
8270994
8271457
8272485
8274279
8276545
8276504
8276909
8277522
8277886
8278670
8279008
8279255
8278661
8279392
8279425
8280444
8286498
8283601
8286183
8283338
8287545
8289208
8288982
8293752
8292403
8290733
8290769
8294281
8291866
8291925
8286851
8294754
8298253
8295241
8300077
8285801
8300163
8300352
8300863
8300756
8301379
8301868
8303095
8302587
8305635
8306290
8307208
8306723
8311061
8309067
8308524
8309714
8309526
8312424
8314827
8315837
8316002
8317130
8317844
8318258
8322653
8318447
8321877
8321979
8325147
8325344
8327113
8329894
8327513
8329060
8330040
8330637
8344373
8346844
8331574
8331895
8332466
8332757
8333160
8333765
8334001
8335480
8333766
8335677
8343371
8338180
8348661
8340832
8346075
8341715
8341556
8342340
8342244
8350434
8351091
8351152
8357641
8351569
8351234
8353437
8358344
8360187
8358634
8359121
8359697
8372467
8360747
8364557
8362273
8362895
8366893
8368159
8367851
8367896
8372722
8374646
8378626
8348861
8378689
8381785
8379141
8379833
8379653
8383063
8333264
8383071
8384058
8383413
8383297
8384394
8391900
8384751
8385157
8385435
8388993
8385026
8389972
8389499
8389934
8386007
8392427
8393718
8393261
8394947
8395745
8399419
8397277
8402524
8400578
8399926
8402521
8386746
8405479
8403223
8404306
8405059
8405670
8406333
8406637
8407161
8419049
8408022
8410694
8409003
8410734
8412155
8412488
8413134
8414263
8416495
8418169
8420472
8420837
8420997
8418590
8421455
8421675
8410046
8422095
8424324
8422500
8425701
8425970
8426713
8427599
8428871
8433246
8432411
8430427
8432348
8432523
8433804
8428613
8433882
8434271
8445609
8438142
8438478
8439579
8445726
8439751
8444721
8441987
8445825
8445973
8440582
8446405
8447281
8453998
8447654
8449012
8449166
8450643
8451269
8450680
8451708
8452039
8452536
8452766
8452994
8454984
8455332
8455392
8456487
8462332
8461063
8459589
8458922
8460277
4591149
8462473
8462558
8468092
8462762
8463147
8463350
8463446
8464273
8463368
8464853
8465202
8467559
8466263
8465748
8468881
8469148
8469631
8470107
8470463
8473386
8474296
8474142
8474316
8471311
8474410
8475144
8488910
8475725
8480177
8480629
8480674
8484913
8484150
8484915
8487825
8488191
8485793
8486951
8489103
8493280
8496034
8492640
8491205
8492208
8492122
8495915
8496783
8498811
8499520
8500652
8499840
8500630
8501064
8504254
8501151
8504264
8504267
8506179
8506504
8506994
8505613
8507899
8508082
8510566
8509612
8509918
8509780
8512725
8512369
8512960
8516396
8516807
8518039
8521197
8519646
8521484
8518091
8525409
8522474
8522939
8527094
8525882
8526515
8524922
8529087
8530066
8532755
8533353
8529254
8534453
8534890
8535080
8536976
8531665
8539268
8543118
8542646
8544077
8545471
8545894
8547213
8547848
8553415
8556926
8556689
8558322
8559973
8558424
8560323
8489611
8560673
8561836
8562680
8563527
8563565
8571890
8564904
8566051
8567100
8565377
8568823
8569132
8569392
8569667
8571016
8571134
8571333
8571944
8574410
8574992
8575389
8575419
8575903
8576045
8583626
8583105
8583873
8584226
8584387
8585045
8584487
8584842
8585052
8585246
8585504
8586004
8587406
8594553
8588161
8590538
8588745
8591299
8591684
8592705
8593159
8593416
8593377
8593874
8594053
8594095
8594160
8718181
8594968
8595131
8595734
8596012
8599201
8597240
8597182
8597862
8595533
8602362
8601705
8602147
8605709
8607882
8669577
8608669
8614222
8608681
8611197
8612212
8613293
8614862
8614930
8615683
8617647
8617853
8618538
8619200
8619463
8621147
8621136
8621219
8621461
8622306
8622652
8622704
8619947
8622790
8624413
8624044
8623123
8625731
8626491
8627117
8633593
8629996
8629861
8630438
8630701
8613115
8648123
8644183
8633618
8637698
8639457
8643762
8643627
8644369
8639958
8646257
8647926
8648764
8649384
8649759
8650175
8651375
8656292
8657102
8653097
8653337
8657621
8658964
8659849
8660235
8660606
8662348
8663048
8664066
8664965
8665884
8666418
8667108
8667594
8670397
8668536
8670850
8671452
8673693
8671657
8673097
8676072
8676303
8676375
8679443
8680921
8686768
8684768
8687809
8688173
8691651
8693727
8681952
8694663
8695440
8708714
8696683
8695457
8697115
8701757
8698782
8701544
8700268
8699795
8702346
8703948
8704061
8704322
8706180
8706404
8709000
8712685
8710869
8710082
8712547
8650546
8713299
8724466
8714627
8715534
8717579
8717076
8717716
8719807
8718262
8718736
8719095
8720457
8719968
8721238
8722644
8722499
8723821
8728677
8721386
8729244
8730153
8730810
8732082
8732552
8732692
8734717
8734918
8734279
8734969
8735650
8734038
8735902
8741870
8736684
8736773
8739091
8739176
8740923
8740323
8740380
8737307
8741870
8741830
8741411
8742102
8742158
8742663
8745292
8748259
8746312
8745564
8746531
8749122
8755609
8751177
8749993
8751587
8760265
8757260
8756730
8756792
8759854
8758219
8758256
8757913
8759802
8761784
8761996
8742845
8765374
8766028
8766205
8767686
8767905
8768410
8767289
8769823
8769333
8769938
8769965
8769969
8770635
8770901
8771392
8771607
8772384
8773595
8773742
8774244
8776617
8779136
8781759
8782593
8782473
8783215
8779980
8783217
8783339
8783748
8783910
8784668
8785356
8787325
8787253
8789020
8789917
8791811
8790958
8790148
8791364
8790404
8791857
8792170
8793352
8793485
8795085
8795233
8795438
8795581
8795748
8796564
8799145
8799538
8801624
8799580
8801363
8799320
8802527
8806415
8818558
8808077
8809332
8809610
8823144
8819470
8821756
8809873
8815327
8816227
8817497
8817940
8810343
8821904
8822089
8822932
8823361
8822943
8823397
8824642
8824765
8826175
8826980
8826807
8828131
8829544
8828491
8828799
8829396
8831061
8831220
8832009
8831910
8832138
8832851
8833424
8833769
8835188
8835932
8836397
8836789
8837038
8841902
8842195
8840259
8842800
8843552
8843540
8845069
8845366
8846164
8846201
8846481
8846835
8848024
8849527
8850661
8850180
8852643
8857199
8852971
8854881
8858409
8860113
8853873
8860164
8873739
8863334
8864039
8864570
8872059
8866821
8868285
8875011
8875105
8875374
8875419
8880207
8877225
8877968
8880109
8883420
8883995
8885133
8884095
8884283
8885950
8888824
8891421
8889435
8889162
8891081
8838745
8892851
8893759
8892316
8894813
8895694
8896061
8896086
8897370
8897976
8898481
8902941
8899061
8898560
8899274
8903934
8904317
8904603
8914921
8908745
8907356
8907538
8909562
8915363
8907118
8916221
8916627
8917686
8918324
8919906
8942061
8922008
8921442
8920035
8920241
8921030
8923484
8931401
8926318
8930138
8934776
8933353
8933896
8924269
8934945
8935847
8940099
8937282
8940209
8940881
8942174
8942269
8943479
8944352
8945196
8945779
8945920
8947253
8947673
8949519
8951619
8952824
8953303
8954854
8955045
8955048
8955401
8958879
8957130
8956898
8958377
8955269
8959191
8960413
8961318
8960941
8961426
8962264
8948713
8962907
8964006
8963222
8964636
9482043
8965532
8966292
8968016
8968502
8968578
8980505
8972775
8973109
8973314
8973469
8975186
8978375
8978492
8977564
8978107
8977268
8978943
8979136
8973117
8980666
8981390
8984158
8984742
8985559
8985946
8987992
8988051
8988167
8989788
8992897
8990687
8993685
8993854
8994933
8994076
8994126
8995649
8995768
8999986
9020104
9001153
9001304
9001950
9013298
9012664
9004331
9005093
9008960
9005760
9005801
9005951
9007148
9015410
9016112
9016728
9017800
9018551
9021161
9023196
9023390
9023987
9027232
9024165
9027404
9028719
9028814
9028910
9029346
9029777
9029981
9029996
9031652
9030169
9032116
9032195
9033425
9036539
9034509
9038790
9037301
9035201
9037995
9038340
9039536
9040437
9041190
9049586
9048152
9043651
9043382
9041851
9045997
9042814
9049008
9051116
9053217
9055106
9056413
9056129
9408026
9056596
9064191
9058676
9062010
9061734
9064596
9067302
9068239
9068566
9068589
9071256
9069068
9071200
9069509
9077285
9082005
9079009
9079276
9079964
9081719
9080870
9082744
9082129
9083067
9083928
9084209
9084632
9083517
9086706
9088414
9082096
9089119
9089276
9089510
9089414
9090449
9089541
9090996
9095321
9095911
9098078
9096907
9096675
9100174
9097969
9101259
9096607
9101479
9102646
9102344
9104603
9104677
9104725
9107408
9107936
9108297
9108556
9108301
9105401
9110737
9111717
9111800
9112035
9112846
9113122
9114541
9116175
9116241
9120435
9116625
9120651
9125166
9122071
9122344
9122764
9123623
9124617
9124092
9125415
9129284
9131536
9131895
9134506
9135017
9135179
9137732
9141333
9138340
9141244
9135466
9143213
9142142
9141647
9142450
9143269
9143393
9144217
9146210
9146457
9148246
9148422
9149199
9150112
9150345
9151269
9156299
9156387
9156735
9156842
9157120
9157135
9185029
9159529
9159907
9162126
9161490
9188524
9162548
9162634
9164185
9170575
9166136
9166376
9169476
9169741
9171490
9173424
9172431
9173772
9174290
9175385
9188343
9180818
9181215
9182245
9186297
9187599
9189127
9189017
9178009
9191658
9208854
9192462
9192955
9195131
9193426
9196201
9209106
9202171
9198163
9198665
9199491
9201331
9208650
9209142
9210442
9213747
9214058
9214514
9215540
9218203
9219762
9220080
9220180
9193040
9227067
9220429
9226656
9141211
9229485
9229828
9230808
9232393
9231284
9234415
9234474
9235082
9235698
9237439
9239437
9237862
9238059
9238380
9238682
9238885
9239435
9240296
9239951
9240368
9237462
9240910
9276225
9241719
9241733
9246680
9242945
9242301
9242509
9247312
9244470
9245532
9248999
9246885
9246019
9247813
9249044
9250524
9252434
9258144
9253084
9253731
9254183
9255359
9257811
9258827
9260294
9262844
9261320
9266764
9266616
9268108
9254616
9269496
9272127
9271578
9270836
9272261
9270683
9272319
9272341
9274198
9275088
9275164
9279424
9279468
9283054
9281081
9282498
9284672
9285635
9286845
9287073
9287573
9287781
9291238
9291357
9291383
9287504
9291474
9291586
9292503
9292814
9300207
9292983
9293692
9304011
9295732
9296698
9296600
9297294
9299297
9300526
9302758
9302774
9303165
9304341
9309852
9304620
9304986
9304371
9309265
9307498
9307275
9307967
9310443
9312580
9312685
9313659
9290004
9316779
9317363
9321376
9324191
9360377
9344359
9325067
9326908
9325052
9327119
9327390
9328400
9329718
9330600
9331697
9325528
9332712
9335197
9333470
9337202
9337402
9337439
9338250
9339403
9338740
9354995
9339480
9343260
9344661
9345668
9343513
9346220
9346690
9340372
9347717
9347750
9354868
9350947
9352794
9355552
9364414
9355748
9359379
9356493
9356724
9358951
9363009
9362180
9414811
9366084
9367973
9372486
9372454
9368346
9368562
9372434
9368396
9372576
9369872
9374098
9369650
9374167
9378709
9375432
9375996
9379013
9396697
9379326
9381355
9380314
9384415
9381625
9383701
9385380
9383695
9387512
9387541
9387546
9390108
9391372
9391519
9392758
9393974
9394183
9395797
9399759
9396215
9396687
9399993
9401945
9402114
9402133
9405674
9414847
9407696
9408185
9413024
9411834
9412620
9415134
9406059
9416664
9417037
9425326
9417167
9421029
9420712
9419525
9425458
9423799
9424191
9424831
9426279
9426679
9429826
9429469
9432475
9433090
9432742
9433109
9433843
9434846
9437094
9444523
9439825
9445168
9446023
9439886
9446339
9447259
9448500
9451615
9451639
9450255
9453770
9452511
9454014
9451919
9456175
9459439
9458498
9459328
9448867
9463979
9462524
9461376
9462145
9462975
9463250
9419530
9464530
9465120
9465200
9465263
9465847
9465502
9466253
9469077
9466742
9466351
9467408
9483518
9470669
9471290
9473492
9472948
9473180
9472964
9474519
9483211
9474704
9479777
9476064
9476667
9476996
9483197
9483234
9484245
9484955
9485516
9487966
9486669
9486782
9487689
9486196
9488311
9489788
9491736
9494967
9497597
9498320
9498150
9501154
9499387
9501264
9502845
9501929
9503598
9499421
9507801
9506127
9504975
9505219
9505802
9506359
9511999
9508744
9508844
9510197
9511074
9513260
9511222
9513096
9514078
9515907
9514184
9515056
9304533
9516860
9516855
9518674
9518658
9518949
9519316
9520653
9522311
9523002
9523758
9524147
9530076
9538108
9525155
9525275
9528448
9528919
9526109
9529147
9531861
9529602
9535751
9533863
9537521
9537935
9548498
9547988
9546444
9539043
9540671
9539547
9540121
9545044
9545962
9547750
9548755
9551254
9549507
9551026
9553296
9553987
9558934
9557488
9558679
9567890
9560586
9560652
9561395
9563197
9564102
9563363
9559071
9564999
9564572
9567449
9568393
9570545
9570156
9569616
9568580
9569988
9573399
9571627
9573453
9574317
9577272
9578085
9576538
9578991
9618992
9580013
9583420
9587725
9584805
9586967
9589435
9589474
9582002
9590036
9592709
9590130
9593751
9595223
9595376
9596882
9597918
9597406
9598036
9598625
9599616
9600950
9600451
9603509
9603908
9605298
9604390
9605532
9680248
9606565
9609372
9609136
9611244
9611354
9606652
9612440
9612976
9618290
9612982
9617124
9621616
9625604
9627739
9619106
9630950
9629055
9629202
9630228
9632135
9633002
9634191
9633175
9633287
9632851
9634939
9635510
9638149
9637744
9636701
9639666
9640422
9640544
9640667
9658576
9644827
9645670
9646221
9646118
9646543
9647067
9647416
9647817
9644942
9655887
9655939
9653052
9655983
9655998
9656706
9648442
9660402
9659283
9660767
9662206
9666536
9666863
9666753
9667727
9668292
9668930
9669441
9672646
9670442
9672251
9671839
9670756
9672153
9674499
9673377
9674004
9674697
9675050
9675300
9660063
9677369
9676922
9677633
9675332
9677693
9699399
9677909
9681886
9680468
9678327
9681542
9678360
9686943
9684307
9685488
9685559
9688763
9690593
9690890
9691062
9698004
9693174
9697412
9693307
9698072
9702546
9703351
9704200
9704339
9705911
9708008
9707926
9708784
9709957
9711003
9711328
9715833
9716738
9720109
9720286
9721977
9722156
9113967
9722299
9722920
9723496
9726162
9724725
9727395
9722163
9728131
9728457
9728552
9735859
9730085
9731241
9732473
9733577
9733243
9733665
9734104
9734353
9736739
9734687
9734789
9735201
9736556
9738268
9740754
9739121
9740059
9741640
9743802
9744852
9743059
9744921
9745468
9747445
9751313
9749345
9747912
9751299
9749013
9751669
9751680
9756191
9758754
9754492
9758826
9759708
9759873
9760099
9760326
9760447
9762214
9762871
9771986
9763250
9763479
9763432
9767592
9768887
9763522
9770966
9772540
9773388
9795948
9776687
9775912
9776994
9787124
9781322
9779643
9779443
9778646
9780368
9782331
9784357
9784244
9785373
9782501
9786173
9787625
9782350
9788480
9789249
9780992
9789443
9793486
9794510
9808884
9796569
9799039
9800195
9800375
9800992
9805506
9801472
9801894
9802798
9802212
9803344
9805746
9805853
9806053
9806113
9806127
9806825
9807432
9807585
9809775
9807779
9808427
9809084
9809940
9810516
9811229
9810094
9811351
9811809
9812818
9813167
9816046
9813251
9814234
9813432
9816554
9817091
9817785
9816620
9817973
9818699
9820786
9821402
9826116
9824888
9825975
9823773
9826736
9826856
9949805
9827382
9828110
9828538
9829480
9829535
9832333
9832411
9995044
9834429
9834516
9835680
9848556
9835798
9835933
9838846
9839535
9839163
9839887
9839945
9841268
9836667
9841550
9841948
9842126
9842301
9845953
9847287
9849870
9851733
9856383
9857966
9858904
9860898
9861642
9863826
9861034
9865359
9863937
9865037
9868272
9866640
9870067
9867950
9867000
9867420
9867990
9871594
9872260
9874282
9874987
9875133
9857001
9875353
9875436
9875806
9876140
9879774
9880142
9883560
9868607
9883712
9884045
9884360
9884382
9887975
9944873
9888750
9889000
9889768
9889838
9890777
9891189
9894487
9891467
9894485
9892390
9896124
9896539
9896532
9897110
9896172
9897122
9897881
9907008
9898078
9901679
9909329
9908969
9911355
9910428
9907629
9913041
9985311
9913673
9917538
9919401
9919828
9919862
9930146
9921551
9929188
9931356
9927348
9933118
9933128
9933147
9948865
9933920
9939500
9940535
9943202
9942251
9942761
9940854
9950104
9946875
9946003
9945085
9947391
9944797
9950127
9955193
9950907
9952057
9952115
9951831
9952682
9953001
9954963
9955165
9956425
9957182
9957376
9963062
9957459
9958332
9960078
9957662
9960682
9961027
9963713
9995959
9968062
9966424
9966562
9975688
9968642
9971951
9977592
9975372
9974671
9977392
9978169
9978568
9979666
9982393
9980444
9980435
9981751
9982882
9981593
9986164
9988555
9985213
9983548
9985577
9997897
9989592
9990509
9993843
9992739
9995261
9994699
9997404
9992611
9998219
9999222
9999890
