1000
1003432
1023226
1028631
1028614
1040531
1102438
1080868
1074020
1230841
1256148
1128434
1136680
1153520
1166700
1166893
1179635
1179595
1155361
1245338
1200854
1205975
1262233
1261578
1264181
1271287
1292439
1296916
1300413
1302683
1313698
1318135
1028453
1330048
1334874
1335072
1337278
1361742
1340686
1351329
1356388
1366033
1400024
1409463
1369878
1382169
1382260
1393548
1401789
1429404
1408415
1651275
1469330
1483595
1464557
1449924
1470183
1542998
1486199
1487326
1501850
1502617
1555917
1556798
1556974
1575762
1578931
1594130
1604902
1616935
1641231
1665753
1648446
1479716
1670241
1679864
1686080
1672439
1689113
1699188
1738267
1710271
1712131
1716932
1717892
1741954
1737091
1748067
1756632
1975489
1759192
1761493
1789605
1768022
1789361
1799352
1821855
1823485
1827436
1828581
1865938
1869861
1876178
1877770
1882086
1834891
1885337
1885974
1912762
1897828
1946103
2168315
1948723
1974072
1984339
1989248
2038179
2005047
2027408
2044591
2042357
2011637
2060926
2063681
2075515
2074253
2088943
2152054
2111704
2115839
2115679
2146693
4193195
2208646
2221964
2222129
2235833
2223759
2237443
2245764
2253777
2284944
2314651
2309415
2323132
2317213
2334001
2263313
2335759
2356072
2338963
2396853
2363721
2376931
2392037
2392570
2413400
2423002
2516726
2484774
2426606
2474972
2443296
2492193
2495741
2500169
2502277
2503221
2531806
2993176
2542063
2557476
2558646
2578948
2591949
2604677
2556561
2608252
2623084
2677575
2654822
2668627
2659498
2680926
2690650
2601077
2697612
2706363
2726401
2576227
2734114
2745649
2745762
2745924
2765601
2790013
2779663
2766735
2815949
2821058
2824601
2798224
2829645
2825718
2829900
2832885
2837981
2882540
2962819
2840633
2855060
2847469
2842288
2860783
2866693
2864407
2873124
2923359
2900788
2910737
2924188
2947793
2954085
2876826
2971277
2973981
2993782
2974270
2994256
2976329
3005176
3471428
3018368
3006262
3028200
3022273
3037859
3040313
3038388
3040488
3044258
3065065
3076058
3074722
3075545
3087681
3103352
3118065
3125118
3152630
3129229
3146690
3157430
3178579
3199855
3192454
3196462
3212288
3239893
3257333
3267749
3283667
3273792
3270829
3287699
3372032
3293855
3296281
3303422
3307997
3317914
3318602
3318858
3323540
3363028
3350333
3352658
3383133
3387444
3389075
3421310
3390250
3422946
3447040
3424565
3427743
3447726
3456405
3464705
3467541
3474633
3487577
3449436
3487670
2323537
3490604
3498369
3540245
3569816
3541833
3550353
3543373
3552773
3604489
3636458
3624537
3580796
3629084
3640052
3651986
3651021
3668677
3669875
3670538
3681588
3686888
3692787
3707955
3700971
3713968
3759189
3718753
3714946
3717043
3722938
3757170
3759393
3763668
3792964
3760357
3808832
3812151
3807098
3832932
3855855
3872106
3883662
3885962
3901442
3905958
4160294
3955978
3928097
3935145
3944439
3985102
4002568
3999418
3938223
4007477
3930977
4011560
4028119
4028543
4043742
4063591
4073504
4112717
4098314
4117215
4119741
4123443
4187360
4136630
4200458
4142844
4161524
4158022
4171166
4175581
4185053
4189100
4218838
4224008
4257750
4364381
4264623
4271869
4283160
4289944
4310974
4343523
4360038
6270329
4405826
4414314
4423918
4415085
4446577
4386687
4455725
4472407
4379943
4474920
4487297
4481144
4486677
4476381
4493068
4508080
4503861
4506158
4567310
4509300
4559932
4510422
4525483
4561056
4573589
4567493
4577750
4580740
4634893
4580875
4584734
4617015
4602832
4610177
4611941
4615609
4370607
4636714
4637534
4649015
4669108
4652753
4676395
4642569
4676629
4684779
4687171
4692539
4697209
4705479
4708248
4712037
4758221
4755381
4722195
4763901
4641258
4767407
4809084
4793432
4798642
4784704
4808559
4927609
4816230
4828459
4818232
4814787
4835680
4890671
4878140
4933137
4954078
5018776
4969015
4982328
4990145
5007337
5008619
5018621
5019761
5088563
5580477
5048051
5027084
5029987
5031268
5030326
5032387
5038170
5042317
5067848
5040942
5072929
5074149
5078724
5082455
5373652
5095684
5105621
5152087
5153232
5168018
5171654
5168055
5195525
5199668
5356071
5216079
5227197
5247584
5269479
5271268
5278489
5289647
5307481
5318726
5346891
5349702
5372563
5380008
5390199
5393704
5423279
5423890
5416286
5416452
5580331
5425867
5433255
5428681
5450801
5452093
5489766
5489948
5490925
5502141
5538869
5556531
5520940
5522882
5529540
5529788
5535450
5585216
5209497
5596737
5598309
5604623
5599837
5599474
5600249
5602350
5122547
5625627
5640703
5668068
5651258
7099527
5700530
5687529
5694658
5713793
5727426
5741529
5808632
5754481
5759670
5778200
5786498
5795060
5815888
5814718
5823237
5819318
5836374
5840497
5850022
5869398
5850398
5878923
5899784
5925658
5934205
5937869
5941790
5946888
6972457
6193620
5958578
5958945
5986651
5977132
5987445
6017932
6000542
6018464
6021283
6025355
6053043
6075913
6126410
6203277
6164542
6149333
6161620
6175459
6177773
6184075
6213627
6234570
6264497
6240517
6240813
6251738
6253868
6262409
6245473
6285550
6314503
6303634
6316035
6504979
6320165
6321104
6334620
6369244
6389932
6394180
6430107
6432896
6466044
6492142
6505337
6515621
6515964
6546678
6551487
6561563
6578187
6592311
6313474
6609989
6593851
6611292
6615348
6616750
6648483
6647458
6675792
6655410
6675320
5970608
6684168
7111650
6684792
6731747
6690211
6697919
6716718
6710061
6764874
6760896
6695139
6771411
6774859
6791661
6807567
6864769
6922512
6895303
6898073
6902255
6935481
6940851
6962548
6981700
6993790
7063229
7009157
6998083
7074431
7081003
7088935
6990588
7089503
7090497
7100551
7105412
7111182
6675862
7118082
7152800
7124507
7134401
7154861
7171489
7182058
7136455
7195485
7216626
7216722
7182391
7221870
7236459
7249523
7250058
7260045
7262420
7272055
7279882
7272434
7287753
7290339
7319272
7292382
7292600
7287847
7322333
6943834
7350006
7418489
7355015
7412840
7400179
7402923
7380913
7424678
7410461
7460428
7426617
7441936
7504392
7472972
7478939
7461290
7489958
7493515
7511202
7472402
7512145
7526357
7569638
7532761
7532963
7529981
7549578
7384405
7572249
7585041
7573097
7596021
7598458
7714650
7694695
7697020
7600510
7639658
7648523
7629916
7653674
7671047
7760752
7686804
7678676
7744388
7758164
7644662
7766944
7771363
7773097
7773480
7815330
7783035
7843430
7826722
7855053
7858809
7883661
8041467
7900591
7890163
7893630
7894703
7902962
7991461
7903676
7909902
7927773
7972061
7978891
8084095
8003945
8007463
8052350
8012411
8048469
8072818
8056509
8093565
8093584
8142842
8137507
8118205
8141588
8093608
8154466
8154529
8172968
8174819
8182285
8184074
8185038
8196783
8187083
8196948
8230157
8199645
8224908
8225009
8214282
8249667
8233722
8251675
8260202
8271945
8274133
8281827
8286064
8367385
8318870
8313756
8365874
8371466
8385967
8415656
8388915
8405053
8483911
8434549
8437866
8419565
8440375
8421445
8455947
8503729
8490103
8462611
8478358
8467728
8505440
8507360
8514523
8508185
8543924
8538351
8584951
8615904
8629224
8635643
8626812
8622538
8646889
8554988
8647149
8667299
8664141
8653936
8662721
8658293
8683213
8690162
8692425
8716573
8721426
8729081
8736141
8718919
8754398
8754511
8756840
8905162
8791392
8957759
8791469
8811814
8862396
8815951
8862002
8829775
8875433
8883925
8829448
8890729
8892451
8896022
8941724
8897542
8936838
8945909
8965001
9758954
8984969
8973922
8998545
9019125
9024154
9030413
9055393
9038360
9053007
9058439
9063756
9085734
9134671
9106752
9147162
9327042
9154721
9161746
9162955
9189787
9204486
9202625
9159833
9208477
9241421
9243929
9244844
9245386
9281734
9253083
9281589
9264801
9262519
9281085
9295168
9290293
9292997
9316671
9314626
9333146
9331376
9330733
9333867
9336397
9337623
9340487
9364975
9365075
9343593
9377998
9386833
9432535
9398760
9464074
9423527
9439958
9475615
9488282
9487196
9491995
9477108
9501482
9508961
9549496
9594950
9593725
9608060
9597376
9611990
9582578
9636355
9643465
9643534
9646362
9655574
9666486
9657958
9673386
9681465
9492433
9704995
9701193
9695169
9703102
9705091
9705874
9708761
9986290
9715615
9718503
9739666
9760919
9740546
9742610
9779910
9775000
9790476
9811245
9813514
9836797
9826276
9832123
9830593
9849854
9857041
9881998
9887801
9895135
9911492
9913591
9947445
9928423
9953308
9979199
9971864
