100
8999901
8999902
8999903
8999904
8999905
8999907
8999906
8999912
8999908
8999911
8999909
8999910
8999924
8999913
8999914
8999915
8999917
8999916
8999923
8999918
8999919
8999922
8999920
8999921
8999949
8999925
8999926
8999927
8999928
8999930
8999929
8999936
8999931
8999932
8999935
8999933
8999934
8999948
8999937
8999938
8999941
8999939
8999940
8999947
8999942
8999943
8999946
8999945
8999944
9000000
8999950
8999951
8999952
8999953
8999954
8999956
8999955
8999962
8999957
8999958
8999961
8999959
8999960
8999974
8999963
8999964
8999967
8999965
8999966
8999973
8999968
8999969
8999972
8999971
8999970
8999999
8999975
8999976
8999977
8999979
8999978
8999985
8999980
8999981
8999984
8999982
8999983
8999998
8999986
8999987
8999988
8999991
8999989
8999990
8999997
8999992
8999993
8999996
8999995
8999994
