100
1082185
1162719
1229994
1235676
1255222
1282887
1386284
1492116
1494992
1677212
1707521
1797404
1924271
2052394
2120005
2141472
2259949
2346186
2514794
2544759
2634790
2717093
2748515
2756845
2803683
2905936
2938207
2988517
3098374
3154299
3167174
3250333
3280041
3427939
3535807
3579399
3836986
3853071
3891752
4010066
4098921
4195567
4200997
4204618
4268024
4335575
4465561
4473045
4645807
4677301
4719488
4741742
5106148
5269429
5382277
5460089
5480302
5527355
5602556
5690305
5714272
5849184
5854504
5967410
6246476
6408367
6457167
6656683
6694619
6960597
6998160
7008658
7404124
7415824
7490214
7507461
7692862
7858455
7864645
7926707
8298237
8359908
8364845
8406125
8464491
8500594
8606894
8728805
8840445
8890178
8981891
9012694
9147533
9258525
9265326
9411146
9722268
9768682
9814867
9996277
