1000
1008765
1012317
1016456
1026154
1029837
1032860
1044709
1051163
1054282
1060861
1071631
1076078
1081785
1088133
1090936
1095885
1107915
1111432
1128837
1153291
1190090
1199565
1204922
1205898
1207687
1215958
1237606
1245819
1251774
1274182
1275220
1278784
1299181
1317629
1328822
1334361
1334973
1340903
1347070
1358452
1376720
1397687
1429824
1434911
1450184
1469862
1478332
1498721
1503162
1506518
1509953
1513484
1517701
1538362
1593463
1597081
1600371
1604511
1617264
1644389
1655658
1658395
1667869
1696538
1702967
1703832
1712696
1713118
1720005
1741358
1749045
1758355
1764484
1769721
1775817
1778812
1781534
1786050
1806795
1811119
1826711
1832529
1849869
1876274
1879497
1882634
1905441
1918314
1922543
1945848
1947725
1967168
1976848
1978426
1990057
1990325
1995351
2004112
2013006
2017105
2061013
2063323
2064509
2068454
2069622
2070006
2071250
2071804
2077270
2078351
2078495
2080780
2094514
2094807
2100568
2102869
2108390
2109789
2114574
2126401
2130737
2139281
2141245
2152831
2154086
2175705
2187879
2191906
2196802
2199936
2227715
2231456
2233840
2245076
2250518
2257776
2272392
2278129
2283454
2290654
2290962
2301206
2310785
2311487
2318649
2325001
2336375
2350034
2364905
2370255
2381785
2385829
2388263
2390239
2392463
2396142
2400040
2402704
2409189
2409519
2415465
2418044
2425732
2431791
2447928
2463296
2468666
2492927
2504870
2511115
2512774
2534664
2538868
2549616
2570398
2582184
2588532
2610839
2611827
2611920
2618144
2619033
2628065
2630096
2656101
2680237
2699601
2704208
2708603
2716884
2739369
2751257
2770747
2777319
2778086
2787114
2805611
2812168
2813654
2824014
2829004
2842955
2866026
2869256
2878279
2890117
2922704
2926786
2944733
2947168
2984533
3024265
3037911
3046404
3046960
3056282
3066548
3066651
3066800
3068623
3098994
3124449
3126413
3128006
3135504
3140804
3143110
3144495
3156072
3164178
3165023
3169101
3169794
3173039
3210492
3228121
3230571
3255351
3265572
3275245
3285467
3299707
3306089
3311418
3316179
3359182
3359973
3364358
3385971
3390082
3420569
3431010
3431733
3444937
3450720
3455450
3459053
3466588
3467549
3476698
3518262
3522335
3543926
3547826
3549648
3559182
3561336
3566495
3570055
3574055
3592327
3612630
3626118
3626829
3632180
3635505
3640247
3649522
3653748
3659784
3668138
3669345
3672626
3675834
3687958
3690452
3690645
3696219
3699800
3709194
3709492
3727025
3729309
3732569
3762374
3767353
3768238
3771284
3775203
3780819
3788202
3790458
3795441
3806341
3806578
3842163
3847725
3847759
3863500
3864379
3892187
3930618
3931929
3937220
3944383
3977370
3983347
3985755
3995462
4000049
4015237
4016340
4023898
4048987
4062168
4062810
4083449
4099759
4100442
4101082
4112719
4122198
4125315
4127768
4134990
4144621
4167660
4169005
4174560
4179625
4184568
4189123
4193015
4202658
4207355
4213012
4224358
4234311
4242384
4243529
4251177
4262448
4263647
4269076
4277733
4285389
4287723
4292229
4298079
4301933
4303578
4304727
4326486
4332060
4343236
4373656
4380321
4380736
4385020
4397426
4399907
4428087
4451352
4451701
4480986
4481039
4490558
4492711
4509082
4512395
4513736
4514001
4522968
4526324
4528423
4529699
4529989
4530661
4541234
4545279
4547575
4558818
4562268
4572737
4584551
4585560
4591223
4600595
4602181
4602351
4608291
4626815
4627085
4632844
4651131
4666592
4670951
4673597
4688296
4690749
4695646
4701117
4701460
4702199
4733217
4733259
4743689
4743801
4760724
4765924
4768658
4774736
4779466
4787064
4791160
4798731
4806419
4829119
4844401
4850363
4855392
4865187
4877368
4877918
4905548
4914936
4926449
4933722
4937995
4967859
4976554
4981817
4981921
4983104
4995194
5001165
5012482
5022038
5022274
5023023
5027679
5029117
5033701
5037976
5041565
5042984
5063297
5064525
5067448
5081240
5081697
5089205
5112836
5116609
5119638
5121084
5132570
5134063
5153398
5154024
5160300
5206094
5206215
5229830
5237620
5251737
5278417
5280892
5295397
5300784
5308001
5311552
5312464
5322300
5325779
5335583
5339072
5341222
5345602
5360572
5366007
5367059
5371764
5401514
5402789
5425277
5429267
5430981
5449652
5452320
5478930
5480096
5481739
5484898
5489674
5491193
5508986
5518670
5520922
5551973
5559921
5576502
5579719
5580341
5594570
5617361
5629756
5640046
5640458
5644254
5647656
5658570
5659666
5664545
5683680
5684050
5691598
5694552
5719319
5723954
5735910
5753824
5754412
5755973
5760847
5764937
5778386
5779600
5790093
5796058
5798106
5822880
5834512
5843537
5845088
5851957
5862197
5863629
5889225
5896922
5911460
5914563
5928978
5938466
5955254
5956334
5956650
5966275
5974301
5978489
5999622
6010247
6014871
6019935
6022751
6048625
6048889
6054263
6055572
6055660
6056863
6062735
6068001
6085226
6091295
6102640
6110352
6120776
6126241
6127115
6128954
6139793
6142780
6144808
6146787
6148623
6153253
6178110
6180489
6184207
6204928
6206118
6209953
6211107
6211718
6221562
6232598
6240526
6247455
6256803
6263879
6264752
6276635
6278130
6279006
6279408
6293807
6297029
6299177
6300113
6300769
6305890
6307125
6307768
6327906
6335205
6345371
6350051
6352779
6364712
6373111
6374260
6378271
6396820
6402965
6405463
6414320
6416053
6425620
6433831
6439233
6440757
6457046
6469668
6477152
6503642
6522389
6529751
6531127
6532933
6535796
6539574
6549538
6555798
6558434
6562831
6564358
6570940
6571138
6575142
6579440
6580632
6581606
6584486
6588203
6596682
6610671
6620043
6623448
6629066
6641223
6661040
6701516
6706885
6715435
6723980
6724244
6730481
6740553
6753291
6754452
6771584
6772899
6778943
6800337
6809759
6821453
6834310
6838146
6851742
6857178
6866060
6878577
6881382
6885663
6888144
6890897
6899645
6914141
6934077
6934845
6944032
6954959
6960359
6967522
6977525
6980349
6987891
6993652
6998472
7052088
7058563
7059594
7071799
7076952
7082891
7090769
7092575
7100208
7103305
7105161
7109517
7123157
7143844
7151537
7155686
7166068
7166406
7194878
7205319
7220019
7223580
7228567
7257266
7260766
7264984
7273127
7273512
7292287
7310129
7314564
7318699
7333734
7344160
7347918
7355001
7363364
7371480
7375897
7378788
7395622
7399957
7400227
7419132
7433225
7448935
7462525
7465930
7467712
7488134
7515025
7518376
7518603
7529669
7530691
7532805
7544883
7563360
7592952
7594760
7602494
7607125
7608317
7614037
7618007
7628500
7634413
7640219
7646925
7657453
7665243
7695752
7701531
7706155
7706330
7708791
7713714
7733559
7738718
7745669
7758837
7763791
7782071
7783979
7798917
7802121
7807315
7816572
7816869
7833027
7850790
7856968
7862740
7863434
7865899
7874152
7874872
7892872
7898199
7898324
7928925
7935733
7939201
7947310
7955894
7987549
8000562
8001825
8006385
8008509
8010375
8015625
8021172
8027549
8029550
8031661
8041149
8050195
8051237
8089876
8108845
8114194
8122501
8134060
8143810
8149709
8178269
8187970
8188707
8189770
8193171
8199178
8210213
8232350
8233432
8235701
8273348
8297520
8305249
8316430
8318193
8328101
8331822
8341297
8344322
8362771
8371195
8388122
8390233
8426385
8429187
8429858
8437788
8442792
8478158
8510423
8521367
8562237
8575322
8582693
8584400
8592429
8593442
8596920
8599376
8610077
8614072
8643256
8649199
8649611
8670323
8693687
8699885
8713374
8723672
8728931
8732033
8733512
8743480
8777205
8791203
8807028
8814314
8828480
8828756
8832071
8856016
8867983
8872472
8873756
8888725
8890213
8892416
8902848
8925831
8928455
8960756
8961080
8963283
8963344
8964160
8965041
8966218
8972425
8973895
8984350
8987248
8992194
9027742
9034801
9036132
9049870
9050191
9057303
9082108
9090395
9098105
9107059
9108004
9121474
9139748
9145581
9150543
9173166
9190479
9198485
9202930
9212251
9212383
9218066
9235777
9259325
9328648
9343840
9351763
9360558
9371502
9381403
9393939
9399733
9413587
9413948
9418137
9431197
9452459
9453402
9454205
9474905
9476001
9476358
9484999
9497594
9503460
9503946
9517908
9550937
9561646
9564846
9572014
9572503
9596744
9604612
9610897
9621790
9623725
9638312
9642486
9648839
9651991
9666588
9668056
9674804
9678280
9679071
9684871
9696122
9697618
9699871
9713202
9715216
9724999
9725346
9742934
9744010
9748790
9775458
9777422
9797681
9825227
9834195
9853308
9898606
9898669
9904462
9911588
9942785
9959521
9976434
9980290
9996431
