10000
1000390
1001464
1001819
1002418
1002863
1002953
1004957
1005275
1006140
1008201
1008523
1011078
1012115
1014794
1015145
1016660
1016808
1017040
1017324
1018193
1018986
1019245
1019857
1020089
1020341
1020967
1021416
1021597
1022610
1024887
1025220
1026625
1027652
1028129
1028227
1029278
1029319
1029868
1030765
1031488
1031823
1031838
1033303
1034700
1034815
1037308
1037478
1037647
1038550
1039634
1039737
1040467
1040725
1041094
1041099
1044940
1045178
1045889
1046878
1047421
1051060
1051713
1052526
1053247
1053772
1054048
1054297
1056241
1058366
1060007
1061040
1062533
1063256
1063461
1064069
1064604
1066369
1066472
1067062
1068761
1069275
1070412
1070447
1071227
1073148
1073178
1074663
1074667
1074930
1075769
1077569
1077850
1082191
1082245
1082291
1084906
1085685
1086327
1086791
1087818
1088656
1089755
1090189
1090863
1091058
1091525
1092295
1092568
1094281
1094489
1094756
1095753
1095850
1098585
1099029
1099325
1099594
1100830
1101584
1101879
1102912
1105082
1106785
1106808
1107789
1108040
1108199
1108469
1109179
1110004
1110027
1110580
1111650
1112348
1113290
1113690
1114190
1120094
1120471
1120763
1122973
1123771
1124646
1126113
1128932
1129617
1130264
1132224
1132557
1133017
1133454
1133708
1134077
1134589
1135164
1135368
1136198
1136231
1138814
1141139
1141888
1142169
1142254
1142706
1143886
1145806
1145815
1146330
1147782
1153646
1153795
1155457
1157220
1158025
1158956
1159006
1161416
1162431
1163840
1163927
1164944
1165127
1167508
1171171
1172482
1174372
1174752
1174979
1176545
1177203
1178519
1180117
1180162
1180221
1181544
1182062
1182537
1182625
1183387
1183410
1183412
1183666
1184881
1185761
1188366
1189010
1190152
1191701
1193209
1194845
1195816
1195833
1196035
1197188
1198291
1198894
1200980
1201358
1202598
1205382
1205804
1206866
1208448
1210163
1210300
1210686
1211859
1213814
1215633
1215642
1216745
1217286
1217689
1217797
1222260
1222723
1223527
1223734
1223838
1223937
1224108
1224236
1224892
1225261
1226717
1227615
1228833
1229554
1229635
1230478
1230489
1235435
1235840
1237701
1239688
1240243
1244295
1245193
1245989
1246609
1246989
1248515
1249652
1251927
1253065
1253144
1253537
1253615
1255348
1256801
1257097
1258508
1259256
1259729
1260911
1262073
1262086
1264668
1265158
1266492
1266526
1266971
1267013
1267306
1268741
1269640
1270189
1272574
1272739
1274269
1274344
1274532
1276791
1276908
1277108
1277855
1278720
1278929
1280269
1280323
1281190
1283159
1284260
1284675
1285197
1288244
1288390
1290735
1291621
1292260
1292451
1294447
1296489
1298042
1298421
1301652
1302452
1303827
1304280
1304948
1305732
1306495
1307302
1307664
1308553
1308740
1310838
1312158
1312301
1313511
1313626
1313770
1314299
1314536
1316096
1317625
1318390
1319590
1321356
1321435
1321660
1322306
1322334
1323203
1323750
1324813
1325343
1326597
1326618
1327966
1330663
1331209
1333533
1335901
1336411
1337647
1339883
1339929
1341403
1343195
1343244
1344812
1345138
1345691
1346845
1347423
1347978
1348559
1348716
1351154
1351784
1354241
1354241
1354582
1354934
1355265
1356365
1358660
1360323
1361280
1361457
1361747
1361789
1362235
1363246
1365311
1365322
1366998
1367143
1369023
1369514
1369600
1369994
1370974
1371926
1375160
1375561
1375829
1375833
1376496
1377208
1379829
1383256
1384265
1384454
1384487
1384645
1385601
1386023
1387114
1387692
1388976
1389401
1390020
1390302
1390519
1392310
1395211
1396782
1398832
1400210
1400943
1401976
1402363
1402570
1402703
1403186
1403514
1404285
1407438
1408730
1410297
1410459
1413251
1414637
1415338
1415727
1417210
1417412
1418118
1418472
1418786
1421386
1421521
1422227
1422248
1422509
1422605
1423871
1424180
1425163
1431426
1437596
1439379
1439843
1441044
1441946
1442872
1443364
1443764
1443987
1444677
1444964
1446389
1447725
1448163
1448319
1448409
1448819
1449198
1449996
1450033
1450848
1451377
1451942
1452782
1453201
1456592
1458026
1458065
1458676
1459518
1459954
1460161
1461148
1461270
1461526
1461767
1461988
1462765
1464431
1465580
1465722
1466861
1467389
1469499
1470214
1470539
1470638
1471103
1472565
1474373
1474732
1475415
1476611
1479202
1479630
1479791
1479913
1480687
1482129
1483846
1485191
1485688
1486680
1490572
1492535
1493060
1493464
1494968
1495963
1495981
1497157
1498747
1498786
1501138
1501312
1502526
1505200
1507235
1507778
1507945
1511058
1512870
1513517
1513651
1516080
1517038
1518974
1519895
1523673
1524897
1524960
1527325
1527519
1527725
1528346
1529239
1529255
1529504
1529627
1530137
1530977
1531643
1532151
1532675
1533216
1533535
1534486
1534506
1535175
1536360
1536385
1538614
1538833
1538833
1539563
1540049
1540947
1541011
1541236
1542397
1542792
1542843
1543291
1543936
1544198
1544556
1544773
1545877
1546021
1546396
1546572
1546676
1546914
1546982
1547551
1548318
1549199
1550172
1551355
1554051
1554676
1555121
1555478
1556452
1556811
1557136
1558409
1559844
1560564
1561077
1561144
1561769
1564853
1565419
1567215
1567430
1567718
1569460
1570467
1570728
1570854
1571642
1572235
1575158
1576092
1577543
1577919
1578498
1580014
1580388
1580457
1581075
1581384
1583171
1585035
1585147
1585175
1585308
1585349
1586358
1587105
1587365
1588245
1589682
1590903
1591686
1591717
1596496
1597218
1597291
1599026
1601455
1602416
1603048
1604096
1604316
1604533
1606567
1607457
1608938
1609800
1611639
1611646
1613121
1613466
1616593
1616944
1617044
1617244
1618103
1618612
1619813
1619867
1620020
1620933
1621244
1621607
1626747
1627107
1628659
1629570
1631558
1631877
1633111
1633437
1633775
1635297
1635983
1636376
1637309
1637634
1637927
1638976
1639153
1639309
1641022
1641854
1641985
1642234
1643936
1645588
1645724
1647341
1649628
1652237
1652632
1652827
1653195
1653207
1654428
1655206
1655360
1655559
1655936
1656277
1658237
1658658
1661273
1662833
1663485
1664067
1664872
1665617
1665784
1666251
1666546
1668128
1669626
1671544
1672937
1674080
1674623
1675571
1677250
1679176
1681284
1682818
1683848
1685083
1686130
1688215
1688549
1690399
1690617
1691546
1691877
1693699
1694227
1694891
1697034
1699962
1700082
1701242
1703266
1703876
1704160
1704508
1706907
1707059
1707389
1708160
1708193
1708407
1709648
1711616
1713247
1714373
1714691
1714762
1714952
1716366
1717043
1717387
1720363
1721440
1723026
1723062
1723320
1723382
1723898
1724192
1724384
1724819
1725295
1725343
1725356
1725488
1726357
1727849
1729278
1729429
1729915
1731309
1731473
1731953
1732401
1733407
1733951
1734391
1734691
1735730
1736713
1737146
1737546
1737786
1738587
1739005
1739534
1742403
1742822
1743213
1744139
1744362
1744488
1744495
1744512
1745112
1746106
1746107
1746399
1747332
1749163
1749493
1749590
1749852
1751353
1751362
1751993
1752740
1753275
1754165
1755482
1755935
1756029
1756771
1758023
1759279
1760100
1760443
1760918
1762459
1763716
1763861
1764021
1764285
1765811
1765969
1766618
1766729
1768621
1769458
1770003
1770881
1772022
1773157
1774589
1775627
1777562
1777590
1778556
1778603
1783064
1783732
1784355
1785202
1785963
1786546
1787088
1791493
1791849
1796632
1796728
1800452
1800875
1801192
1804616
1805270
1805984
1806375
1806787
1807407
1808394
1809756
1810511
1810979
1811090
1811310
1811519
1815966
1816081
1817023
1817086
1817988
1819683
1819930
1820133
1822104
1823511
1823818
1827345
1827385
1827433
1828051
1831295
1831571
1832094
1832359
1833571
1836584
1837616
1838704
1839536
1840111
1840500
1840507
1841112
1842174
1842917
1843473
1844766
1845297
1846500
1846786
1850209
1850588
1853484
1853790
1854889
1855382
1857180
1858055
1858351
1860021
1860220
1860259
1862432
1865285
1865938
1866877
1868096
1868147
1869697
1870071
1870154
1870594
1871262
1872044
1872400
1873914
1874428
1874609
1877271
1880927
1881592
1882246
1882568
1882928
1883167
1883591
1883923
1885755
1886458
1888511
1889221
1889577
1890401
1891612
1891889
1892232
1892559
1894169
1895025
1896063
1897396
1899130
1899914
1903369
1903479
1904003
1904021
1904275
1904328
1904782
1905653
1906651
1907720
1908731
1909359
1910508
1911409
1912353
1912424
1916255
1916691
1918336
1918773
1918910
1919407
1920401
1921115
1921822
1924270
1924314
1925039
1925545
1930597
1931793
1933107
1933813
1936068
1936170
1936374
1936905
1937236
1941115
1941484
1941621
1943183
1943807
1944618
1944990
1945444
1946673
1947462
1948755
1949651
1949783
1950390
1951830
1952019
1952263
1952625
1953028
1954365
1954452
1954480
1954626
1956730
1957484
1957827
1958014
1960515
1960607
1961736
1962450
1962565
1962601
1963199
1963513
1970362
1973297
1974208
1975107
1977135
1977781
1977965
1978967
1980199
1980541
1981341
1981468
1983168
1985374
1986840
1988057
1988396
1989860
1990276
1991248
1991762
1992584
1993475
1995391
1995434
1996010
1996672
1996720
1998677
2001149
2001534
2001879
2002286
2002858
2003248
2004704
2005369
2006183
2007955
2008067
2008675
2009045
2009870
2010083
2010446
2011146
2013245
2013581
2014186
2014201
2014456
2014836
2015925
2016390
2016441
2017480
2018058
2019675
2020312
2021592
2021731
2021928
2022935
2023136
2025879
2026182
2027058
2028533
2029219
2029646
2029850
2030467
2031755
2031994
2033270
2033585
2038100
2038899
2039474
2040747
2042269
2042557
2042888
2044025
2044160
2045214
2045984
2046678
2046756
2047381
2048360
2048392
2049518
2049540
2050675
2050905
2050915
2051434
2052331
2053930
2054663
2056920
2057290
2057446
2058127
2058451
2060339
2060827
2061428
2062045
2062433
2063639
2064180
2064582
2064889
2067378
2067844
2068566
2068843
2069701
2071498
2076188
2076441
2079381
2081230
2082143
2084180
2084222
2084789
2085376
2086857
2087726
2089470
2090915
2091373
2092438
2093031
2096023
2096489
2096920
2097508
2097580
2097739
2099374
2099410
2100257
2102480
2104362
2108166
2109555
2110894
2111191
2111287
2113236
2113364
2114375
2115241
2115278
2116190
2116795
2118515
2120208
2120250
2121969
2122301
2122560
2123230
2125327
2126911
2127164
2128564
2129929
2130177
2130363
2130479
2131500
2132347
2133291
2133987
2134309
2135144
2135357
2135790
2136953
2138803
2139825
2141028
2141241
2141274
2143799
2144003
2145114
2145459
2145945
2146156
2147239
2147486
2148236
2149039
2149508
2149771
2150578
2150764
2152003
2152082
2154370
2154955
2155190
2155686
2156763
2157196
2157418
2157439
2157521
2159044
2159397
2159743
2160398
2161789
2162078
2163396
2163832
2164050
2164379
2165008
2167273
2167659
2169079
2169320
2169402
2170164
2170678
2171185
2173006
2176001
2176453
2177890
2182307
2184847
2185382
2186789
2187495
2188894
2190181
2190506
2190938
2191473
2192710
2193020
2197428
2198445
2198759
2200121
2202979
2204054
2204597
2205446
2205461
2206486
2206666
2206910
2209496
2209804
2210923
2211216
2211311
2211572
2212277
2212353
2212563
2213028
2213130
2214611
2217182
2217276
2217327
2218107
2221132
2223493
2223517
2223517
2223734
2224083
2224277
2225447
2225463
2226550
2226799
2227376
2228563
2229537
2230352
2232493
2232537
2233981
2233983
2234263
2235218
2235379
2236588
2238536
2240119
2241332
2241599
2242430
2245270
2246605
2246993
2247153
2250151
2251307
2251733
2252324
2252504
2253820
2256925
2257326
2257471
2257816
2258339
2258834
2258922
2259425
2259951
2260074
2261064
2261779
2263512
2265257
2265605
2266782
2269608
2270423
2271347
2272132
2273762
2274022
2274035
2275076
2275455
2275840
2276535
2277899
2278210
2278744
2279124
2279268
2280044
2280789
2281158
2282724
2282909
2285267
2286255
2287471
2287652
2287708
2287894
2289814
2289993
2290194
2290745
2291099
2291673
2292398
2293050
2294139
2294848
2295124
2295564
2295717
2295804
2296520
2297501
2298704
2299868
2300071
2300639
2301569
2301645
2302747
2302990
2303317
2303384
2304004
2304631
2305467
2305734
2308513
2309894
2310281
2310523
2310970
2313737
2313933
2315076
2315100
2316253
2316287
2318369
2318543
2318666
2318909
2319100
2320549
2322567
2323416
2323965
2324569
2325706
2326176
2326196
2326808
2327032
2327486
2328286
2333042
2333393
2333751
2334627
2334659
2334786
2335050
2335367
2336727
2336871
2337897
2338287
2338859
2338969
2339430
2339667
2340600
2340678
2344408
2344472
2345244
2346327
2346559
2347346
2348430
2351819
2352592
2353658
2353917
2354028
2356593
2358412
2358611
2359741
2361146
2361687
2361740
2361872
2362153
2362242
2363799
2366382
2368124
2368313
2372882
2375952
2376426
2376977
2377177
2378721
2379387
2380358
2381301
2382271
2382787
2385863
2387746
2388164
2389344
2390909
2392862
2394229
2394789
2395245
2396277
2398548
2398848
2400131
2401233
2402002
2402459
2404882
2409432
2410219
2410867
2412043
2415746
2416324
2417486
2417947
2418011
2418830
2419552
2422492
2422511
2422675
2422928
2423238
2423713
2425683
2426146
2426368
2428575
2430386
2431206
2431594
2431821
2433147
2434444
2434985
2435056
2435067
2435491
2436236
2436652
2440467
2440611
2443290
2443637
2448109
2448769
2450828
2451347
2451432
2452027
2452061
2452320
2452699
2452784
2452859
2455937
2456204
2458810
2459261
2465264
2465379
2465856
2467515
2468163
2473412
2474482
2476860
2478926
2480120
2480275
2482019
2486317
2486355
2488710
2490148
2490310
2494850
2496140
2496784
2497266
2497465
2498602
2498711
2499063
2502235
2503304
2504398
2504486
2504625
2505788
2507668
2507681
2508038
2508483
2511680
2513157
2514121
2514207
2514239
2514708
2514832
2515000
2515683
2515842
2517569
2517761
2518196
2519215
2519674
2520142
2520626
2521697
2521740
2521796
2522107
2522582
2522708
2524797
2525386
2526352
2526431
2527160
2527240
2528385
2531464
2531771
2533318
2533430
2534195
2536896
2537807
2538182
2539699
2541258
2541495
2542070
2542563
2542785
2543997
2544814
2545678
2545883
2546653
2547696
2547931
2549997
2550159
2550237
2550671
2550759
2551386
2551451
2551493
2553162
2554295
2555003
2555989
2556428
2556801
2557673
2557947
2558143
2558255
2558392
2559497
2559634
2560382
2562146
2562251
2562664
2563114
2563395
2566076
2566352
2567607
2568634
2569331
2569972
2570566
2572546
2572817
2573119
2573151
2574978
2576073
2577125
2577333
2577552
2578402
2578570
2578792
2579378
2581915
2583308
2585359
2585392
2585767
2587241
2589903
2592839
2594067
2594737
2597596
2597751
2598642
2599515
2600880
2601926
2602445
2602954
2603631
2603972
2604908
2606657
2608733
2608897
2608927
2612555
2615861
2616337
2616363
2617147
2617169
2617287
2617528
2618032
2620892
2621212
2621253
2621470
2622657
2622685
2622703
2622716
2624086
2625169
2629011
2629258
2629533
2631022
2631322
2631593
2632001
2632409
2633705
2633823
2633929
2635431
2635764
2636720
2638999
2640412
2640465
2642126
2642758
2645035
2645692
2646355
2646859
2647874
2648535
2650267
2651154
2651407
2651466
2652381
2652872
2655798
2655994
2656144
2657059
2657413
2657744
2661721
2661825
2662209
2664354
2665573
2667810
2668060
2668154
2671258
2672325
2673259
2673526
2673996
2674408
2675969
2676233
2676271
2676517
2676739
2678668
2682904
2686258
2687309
2687638
2688037
2688696
2689095
2689474
2689744
2690696
2691445
2692120
2692124
2693073
2693281
2693928
2694314
2694898
2699634
2699759
2699997
2701113
2701124
2701849
2702661
2704232
2704446
2705993
2706562
2708401
2708467
2709720
2711695
2712196
2714516
2714965
2715292
2717311
2717957
2718543
2719690
2720132
2721732
2723213
2723904
2724322
2724899
2725389
2725836
2726215
2726329
2727521
2728010
2730436
2730623
2730874
2731650
2731707
2731957
2733074
2734985
2736282
2736870
2737090
2737915
2740183
2741034
2741191
2744074
2744553
2745332
2746051
2746837
2747493
2748133
2748951
2749430
2750586
2751913
2751921
2752643
2754219
2757238
2757910
2758756
2759082
2759397
2760541
2761149
2761414
2762846
2763041
2765156
2766593
2768239
2768827
2770714
2771782
2772255
2773443
2774107
2775230
2775582
2775687
2777003
2777063
2778666
2783162
2784545
2784588
2785530
2785880
2786602
2787646
2787763
2789352
2790004
2791435
2792354
2792437
2793585
2795112
2796515
2797734
2798738
2799409
2800505
2800716
2800864
2801244
2803003
2803511
2803857
2807228
2807337
2807807
2808161
2809238
2810653
2811814
2812062
2812537
2813410
2814263
2815808
2817122
2817789
2818624
2819588
2823749
2826734
2827189
2829829
2830039
2830673
2830771
2832320
2835003
2835711
2836709
2838576
2840903
2841193
2841488
2842034
2842272
2842543
2842635
2842695
2842754
2844110
2847162
2847795
2848802
2848813
2850054
2850188
2850612
2850915
2851484
2851919
2853000
2853051
2853066
2853782
2854532
2854801
2855316
2855477
2855788
2855835
2857424
2857665
2858874
2859325
2859667
2860880
2862379
2863534
2863809
2864190
2864849
2865313
2865651
2866289
2866628
2867343
2867694
2868014
2868817
2870181
2871892
2871903
2872155
2875013
2875166
2875541
2875755
2875987
2876935
2877418
2877922
2878607
2879081
2879455
2880515
2880740
2881038
2881296
2881949
2882782
2884220
2888427
2888551
2889090
2889898
2891430
2892879
2893463
2893607
2894286
2895200
2895641
2898558
2899908
2902545
2902891
2903354
2903796
2906569
2906941
2907042
2907614
2907924
2908499
2911514
2911699
2912532
2914040
2914696
2916794
2918170
2918465
2919709
2921276
2921887
2922298
2922679
2923007
2923242
2923460
2923624
2923775
2925824
2926457
2927492
2928364
2928862
2929482
2929677
2929964
2929999
2930097
2930334
2930443
2930710
2933633
2933774
2936413
2936514
2937123
2937895
2937980
2938973
2939125
2939737
2939826
2939945
2939984
2940548
2941220
2941891
2942733
2942793
2943011
2943572
2944510
2944974
2945912
2946457
2947122
2947540
2948181
2948765
2948892
2949716
2954182
2954837
2954859
2955780
2955897
2957719
2960253
2962451
2962951
2962965
2964065
2964596
2964774
2965952
2966321
2966699
2968194
2968989
2969647
2974029
2974826
2975087
2976617
2977574
2977731
2979961
2980296
2982203
2982281
2983276
2983639
2984024
2984836
2986370
2990665
2991073
2993520
2994219
2995080
2996017
2996509
2998616
2999654
2999747
3000000
3000126
3001559
3005505
3005731
3008342
3008965
3010235
3010872
3013197
3014101
3014196
3014542
3015069
3015149
3016120
3016790
3017853
3018543
3019292
3019489
3020040
3022308
3023070
3023072
3023245
3023478
3023918
3024246
3024559
3026532
3026670
3031938
3032381
3033882
3035392
3035654
3036138
3037706
3038879
3039029
3039046
3040258
3042669
3042953
3043662
3044733
3044778
3045547
3045807
3046069
3046398
3046653
3047151
3047642
3047812
3048622
3049582
3049658
3050005
3052839
3053292
3054038
3054800
3055557
3055611
3055957
3056436
3057475
3057991
3058251
3059274
3059575
3061015
3061624
3061792
3062171
3062486
3062786
3062908
3063823
3064634
3064853
3065969
3066617
3070546
3072323
3073895
3074283
3076810
3077379
3079538
3082121
3082464
3082618
3083854
3086034
3089868
3089902
3091301
3092645
3092913
3093432
3093443
3095767
3098355
3098726
3098926
3101546
3101782
3101961
3102531
3102567
3103555
3104950
3105615
3105895
3106806
3107253
3108576
3109178
3110858
3111071
3111104
3111218
3115752
3116931
3117481
3118854
3118995
3119455
3122110
3123925
3124086
3124913
3125029
3125076
3126303
3126826
3126947
3127947
3130096
3130114
3130785
3132045
3132549
3134139
3134200
3135345
3135498
3135790
3135928
3137368
3138002
3138124
3140462
3141084
3141766
3142711
3142841
3142977
3144949
3145114
3147856
3148518
3148940
3149793
3150467
3153192
3154423
3154432
3154956
3155865
3157219
3157449
3157806
3160142
3161761
3165116
3165501
3166579
3166706
3166757
3166785
3167911
3168917
3169206
3171138
3171215
3172493
3172570
3173079
3174439
3174957
3175337
3176453
3177116
3177435
3177779
3178080
3179403
3179458
3181258
3182808
3182954
3183005
3183523
3183932
3183984
3185401
3186305
3186439
3187136
3187999
3188153
3188985
3193472
3193718
3198134
3198164
3199013
3199949
3200605
3200994
3202747
3203379
3203450
3203849
3203853
3204264
3204377
3204404
3206531
3208360
3210379
3210962
3211483
3212381
3212601
3213166
3213190
3213433
3213514
3213875
3214290
3216054
3216410
3218496
3218693
3219151
3224138
3224466
3224541
3224786
3224960
3225069
3225095
3225880
3226324
3227313
3227550
3227742
3228491
3228498
3230779
3232165
3232536
3234037
3234975
3235308
3235989
3237063
3238247
3238331
3239422
3240531
3240689
3241720
3243430
3243995
3244555
3244604
3244973
3247228
3249232
3249435
3252116
3252441
3252912
3253106
3253128
3253348
3253927
3254011
3255054
3256528
3257597
3257987
3260256
3260631
3261120
3261653
3261855
3262009
3262896
3263101
3263829
3264502
3266029
3267129
3267153
3267810
3268117
3268162
3269298
3274732
3274844
3275644
3276488
3277565
3278015
3278156
3278435
3280066
3281058
3282301
3283787
3285825
3285893
3288199
3288526
3288978
3289190
3289586
3289650
3291313
3293013
3294549
3294738
3295240
3295631
3298120
3299371
3299492
3302035
3302046
3302348
3302743
3303795
3304714
3305261
3307207
3307719
3308870
3310783
3310865
3310941
3312420
3313628
3314000
3314452
3314455
3314699
3315546
3316831
3317465
3318179
3319158
3321045
3321397
3322351
3322570
3322661
3323166
3324281
3324694
3325154
3325278
3327706
3328334
3328373
3328523
3329044
3330453
3332138
3332337
3332528
3333269
3333882
3335551
3337035
3337071
3337709
3337977
3338452
3338509
3339486
3340809
3341766
3341835
3344026
3344231
3345585
3346526
3346642
3347104
3347567
3347668
3349444
3350904
3351269
3351843
3351843
3352467
3353028
3353529
3353965
3355526
3356165
3356353
3356984
3359731
3360517
3361339
3361672
3363707
3363834
3363857
3364437
3366055
3366787
3367871
3370276
3372461
3372918
3373497
3374850
3376240
3376673
3376989
3377376
3382165
3386904
3387115
3389896
3390201
3390410
3391182
3391705
3392487
3395281
3395405
3397300
3398405
3398420
3399828
3400632
3401113
3402501
3402673
3403938
3404466
3405215
3408810
3409841
3411438
3411725
3415136
3415750
3416022
3416260
3416590
3417091
3417210
3418324
3418558
3419126
3419211
3420256
3420391
3420495
3421555
3422536
3423128
3423694
3424795
3426372
3426455
3427731
3428289
3429698
3430546
3431244
3431971
3432021
3432880
3434143
3435188
3435570
3436718
3437477
3438283
3438714
3439556
3440545
3440619
3441166
3441653
3442955
3443512
3444401
3444533
3446143
3447006
3447265
3447525
3450370
3450583
3450725
3451534
3453689
3454554
3454740
3455913
3467218
3467382
3467418
3467431
3468575
3470162
3470553
3471352
3471415
3471713
3471832
3472524
3473797
3477799
3478498
3478633
3478988
3480448
3480848
3481711
3482978
3482982
3483937
3484524
3487196
3489537
3490908
3491331
3491876
3491960
3492248
3492355
3492503
3495515
3495933
3497698
3498748
3501674
3502726
3503081
3505106
3506537
3507619
3507637
3507734
3509692
3511630
3515165
3515441
3515870
3516074
3517074
3519618
3520389
3521485
3521899
3522783
3522948
3523969
3524041
3525145
3526762
3527927
3528100
3528310
3528461
3529514
3532488
3533246
3533809
3533922
3535036
3535941
3538328
3539909
3540087
3540367
3541648
3542150
3542304
3543639
3546411
3549075
3549207
3549505
3549772
3550766
3552135
3554410
3555023
3555956
3556298
3557753
3557958
3557989
3558205
3560374
3561019
3562106
3566043
3568218
3569554
3570280
3570726
3570780
3571136
3571169
3571363
3572175
3572423
3572447
3573621
3575605
3576317
3576343
3576855
3578762
3578929
3580467
3581533
3581629
3584171
3587050
3588148
3588303
3588377
3588450
3588692
3590216
3591528
3591667
3592509
3592594
3593260
3593555
3594154
3594867
3594933
3595192
3595491
3595540
3596199
3596882
3597090
3600502
3602067
3602969
3604116
3605277
3606349
3607227
3608010
3609147
3609813
3609874
3610412
3611308
3611714
3613127
3614613
3614816
3615438
3615494
3616591
3617443
3617469
3620125
3620149
3620266
3623452
3623777
3624239
3624647
3625081
3628049
3628864
3633614
3634265
3635631
3638198
3640139
3641770
3641812
3643310
3643668
3643881
3646131
3647729
3648472
3648782
3648785
3650415
3650765
3652173
3652232
3653904
3654712
3655152
3655446
3655467
3656569
3656858
3657733
3659013
3659690
3660259
3660500
3662829
3663992
3664359
3665441
3666093
3666187
3667006
3667758
3669780
3672277
3673456
3675009
3677135
3677266
3677371
3677385
3677921
3678239
3680151
3682179
3682635
3683504
3684065
3684687
3685970
3686205
3686208
3687231
3688166
3689167
3689389
3689951
3690253
3690324
3692870
3694283
3694470
3695635
3696634
3697054
3698212
3698701
3699335
3699921
3701430
3704184
3704461
3708466
3709863
3709961
3710197
3711015
3711790
3711861
3712498
3718162
3718205
3719993
3720524
3722203
3722650
3722778
3723953
3724366
3724780
3726873
3727375
3728741
3729682
3730106
3731739
3732461
3734848
3735152
3735170
3735210
3736248
3740450
3743108
3743515
3745217
3745470
3745614
3747093
3750800
3751679
3751858
3752139
3753959
3755805
3757154
3757678
3758475
3761312
3762564
3762808
3763205
3763305
3765456
3765598
3765954
3766243
3766863
3768800
3769099
3770479
3771157
3774160
3775571
3776819
3776943
3777021
3777412
3777878
3778023
3781035
3781260
3781499
3781995
3783377
3783739
3783930
3784810
3784971
3785370
3785978
3788259
3788901
3789738
3791461
3791517
3791701
3791962
3792347
3792859
3793061
3794224
3794358
3795277
3795376
3795894
3796949
3796954
3797892
3797920
3797927
3797963
3798200
3798504
3798664
3799558
3800271
3801064
3801401
3801617
3801862
3802466
3802578
3803218
3805492
3806342
3807633
3808936
3810976
3813087
3814227
3814309
3814346
3814828
3815256
3815333
3816250
3817866
3819725
3820289
3821339
3823961
3825189
3827391
3829163
3829543
3831029
3831367
3832540
3833975
3836859
3837819
3839599
3839973
3840586
3840783
3841100
3841831
3843573
3845282
3848735
3848936
3848937
3850598
3851461
3851525
3852086
3853596
3853658
3853688
3855384
3855953
3856432
3856672
3860067
3860878
3862002
3862321
3862825
3863330
3863843
3866278
3866288
3866508
3866784
3869523
3870684
3870821
3870919
3873787
3874027
3875477
3875914
3876529
3877212
3877406
3878965
3882442
3882891
3883164
3883422
3884628
3885358
3887559
3888024
3888043
3888621
3890308
3892548
3892626
3892684
3892828
3893325
3893852
3894246
3895581
3895661
3896491
3896581
3897068
3897475
3897506
3898152
3898482
3899112
3899404
3899530
3900695
3901063
3901416
3901583
3901961
3902596
3903106
3903652
3903838
3904443
3904832
3905810
3905927
3906010
3906228
3906921
3910672
3913061
3913303
3913473
3916450
3916857
3918148
3918495
3919405
3919553
3920635
3920851
3921785
3922125
3922648
3922705
3923168
3924030
3926507
3926535
3926758
3926759
3926980
3929148
3929541
3930399
3930411
3930604
3930662
3931023
3931156
3932539
3932743
3933249
3933525
3934192
3934313
3934530
3934732
3936015
3936838
3939212
3939437
3939899
3941435
3941438
3943291
3943682
3944860
3945111
3945892
3946674
3946798
3946892
3947230
3948873
3950805
3951731
3952452
3952813
3952991
3953023
3954649
3954780
3955127
3956205
3956551
3956744
3957558
3958758
3958898
3961618
3962813
3963122
3963813
3964096
3964619
3965212
3965317
3965680
3965800
3968033
3968780
3969076
3969245
3969301
3969648
3969873
3971201
3971847
3973930
3974682
3976554
3978915
3979819
3979927
3980460
3981389
3981434
3982851
3983365
3984079
3984887
3986154
3987475
3988158
3990109
3990758
3992694
3992821
3993595
3993866
3994686
3995286
3995750
3996735
3998187
3999118
4000038
4000589
4001162
4002389
4003004
4003230
4003604
4005712
4006588
4009949
4011190
4011583
4011888
4012409
4016184
4017403
4019756
4021865
4022539
4023198
4023723
4024732
4025618
4027377
4028931
4029816
4029819
4030196
4032893
4034122
4036234
4038585
4041516
4042754
4042816
4043225
4045294
4045701
4046090
4049149
4051450
4054353
4055155
4055318
4058245
4058279
4060083
4060349
4060700
4060784
4060808
4062563
4063253
4064785
4066699
4066699
4066818
4068527
4068879
4069201
4069430
4069689
4069976
4071003
4071833
4072638
4075376
4077175
4079909
4080073
4080718
4080816
4081122
4081750
4082087
4082581
4083801
4086905
4087394
4087979
4088368
4088799
4089669
4089774
4090120
4090920
4091590
4091772
4092799
4092841
4092967
4093246
4093601
4094773
4095079
4095900
4098303
4098723
4100989
4101091
4101784
4102972
4103213
4104074
4105919
4106680
4107600
4107914
4108119
4109822
4110968
4111992
4112075
4113295
4115407
4116723
4117160
4117633
4118298
4118323
4118761
4119320
4120977
4121325
4121370
4122268
4122435
4123001
4124897
4125525
4125950
4126451
4127501
4127855
4128984
4129134
4129572
4130711
4130788
4132704
4134173
4134175
4135566
4136832
4137021
4137730
4138338
4138816
4139658
4142528
4143088
4143471
4145829
4145863
4149287
4150460
4151276
4151713
4151960
4152701
4154093
4154867
4154892
4158557
4158833
4158896
4159721
4160983
4161035
4161115
4161536
4163110
4163747
4164317
4165688
4166276
4166313
4166686
4167169
4167172
4167826
4167888
4168109
4168379
4169067
4170212
4170602
4170973
4172885
4173907
4174645
4176316
4178804
4179225
4179451
4180091
4180326
4180902
4182316
4182417
4182605
4182877
4184561
4184829
4184829
4186351
4187161
4188644
4188774
4189043
4190962
4191479
4191496
4192896
4192948
4193305
4194272
4198868
4201343
4202107
4202936
4205019
4207643
4207799
4207927
4208418
4210714
4210794
4212801
4212842
4217250
4218165
4218317
4221155
4221354
4221993
4222852
4223318
4224425
4224614
4226350
4226993
4227307
4227364
4228413
4231943
4232040
4232224
4232282
4234015
4235077
4235224
4235975
4237720
4237768
4239073
4240642
4241262
4242180
4242449
4246931
4247809
4248171
4248528
4249504
4251363
4251705
4254369
4255515
4255554
4255588
4256093
4256964
4257532
4257589
4257881
4259088
4259478
4259591
4260232
4261429
4262331
4262531
4262731
4266710
4268049
4269050
4269058
4269080
4269651
4270182
4271293
4271557
4273430
4273755
4274033
4274110
4274883
4276435
4278532
4278784
4278919
4280286
4281422
4281535
4284068
4284790
4285893
4285916
4286197
4286678
4287229
4287515
4288938
4289701
4290235
4290369
4290932
4292002
4292292
4294953
4295488
4295838
4296141
4296352
4296383
4297001
4297590
4298311
4298324
4299080
4301699
4301759
4301810
4302496
4302925
4302989
4303369
4303508
4305169
4306110
4306409
4307249
4307574
4308006
4309099
4309765
4310875
4311275
4312169
4312684
4313216
4313736
4315795
4317703
4317750
4318863
4318982
4319019
4319081
4319232
4321905
4322008
4324428
4324538
4327504
4327863
4329531
4332027
4333914
4334071
4335303
4336163
4336404
4337298
4337754
4339391
4339863
4341732
4341821
4341952
4342052
4342221
4342610
4342704
4343204
4343363
4343546
4343622
4344915
4346269
4347581
4348070
4348601
4350976
4351536
4352497
4353926
4355036
4355642
4357379
4357854
4357993
4358773
4359201
4360528
4362481
4364260
4365636
4366029
4366160
4366235
4367646
4368770
4370699
4371952
4372210
4372242
4375069
4375278
4376342
4376835
4376899
4379078
4379459
4380206
4380258
4380634
4380881
4381441
4381896
4384565
4384950
4385687
4385748
4387799
4387995
4388122
4389385
4391190
4395438
4395538
4395931
4396730
4396982
4397585
4397931
4398955
4399255
4400509
4400603
4401082
4401660
4402800
4403442
4404750
4405617
4408604
4409007
4409400
4410423
4410646
4411028
4411263
4413246
4415788
4417115
4418019
4418315
4419876
4420363
4420896
4421616
4422994
4425866
4426113
4427551
4428495
4428743
4429733
4429910
4431228
4431479
4432086
4433147
4433465
4434262
4434436
4435163
4435756
4437455
4438011
4438763
4439435
4439624
4439793
4440367
4440582
4442599
4442609
4442662
4442748
4443326
4445714
4447042
4447768
4447816
4448853
4448857
4449734
4451157
4452346
4452407
4452829
4452948
4453173
4453716
4455900
4457711
4458581
4459419
4461701
4461799
4463845
4464138
4464943
4465265
4466657
4466774
4467729
4467774
4467792
4468268
4469290
4469612
4470286
4471128
4472054
4473779
4473905
4474049
4474198
4474377
4474767
4476001
4477251
4479761
4480895
4482061
4484060
4486145
4486522
4487731
4487937
4488138
4488352
4489133
4489456
4489674
4493199
4493615
4494805
4497201
4497220
4501251
4501746
4502419
4503625
4505769
4505948
4507416
4507544
4508056
4508101
4508933
4508935
4510491
4510629
4510780
4511660
4513729
4515570
4516274
4516596
4517132
4518667
4519354
4519751
4523619
4523823
4524281
4524376
4526155
4526274
4526625
4526631
4526897
4527287
4529553
4529584
4530550
4530695
4531634
4531870
4533173
4534255
4535501
4536244
4536350
4536441
4536563
4537658
4538873
4539038
4539162
4539265
4540164
4540877
4542484
4543163
4544292
4544677
4544949
4545385
4546202
4550107
4550463
4551758
4552719
4553470
4553541
4554580
4555474
4555858
4556061
4556200
4557179
4557590
4560145
4560215
4561260
4562248
4563260
4563281
4565454
4565513
4566135
4566530
4566980
4567093
4568967
4570718
4571956
4574219
4574710
4574984
4576828
4576875
4576931
4577016
4577844
4578021
4578650
4579017
4580471
4580570
4582988
4583410
4583513
4584663
4586021
4586630
4586863
4588338
4588904
4589646
4590260
4591381
4591965
4592397
4592688
4595726
4596607
4596684
4597757
4598385
4599230
4600093
4601637
4601835
4604626
4605436
4606372
4607116
4607288
4608376
4609672
4611132
4611379
4611584
4612451
4612469
4612903
4613125
4614303
4619843
4620122
4620353
4623392
4623809
4624251
4624891
4625859
4626167
4626551
4627157
4627765
4628553
4629106
4629676
4630044
4630286
4630351
4631610
4633983
4634848
4634949
4635933
4636129
4637893
4642385
4648534
4649358
4649807
4650852
4650978
4651878
4653384
4654285
4654307
4654778
4654974
4655979
4656816
4656839
4657063
4658806
4660650
4662809
4663769
4664635
4665117
4665463
4665596
4667273
4667569
4667608
4667754
4668095
4668795
4670468
4671958
4672894
4673054
4673509
4674525
4675413
4679987
4681297
4681603
4681682
4682384
4683001
4683048
4685091
4685302
4687352
4689001
4689796
4691092
4692274
4692871
4693138
4695252
4695789
4696630
4698155
4699649
4700211
4701710
4702158
4702732
4706045
4706876
4707312
4707352
4708492
4710694
4712818
4714081
4714829
4716383
4716824
4717204
4717656
4718142
4718247
4719443
4719802
4720865
4721624
4721942
4723644
4723759
4724371
4725930
4727458
4728854
4731173
4732954
4733300
4733367
4733536
4733927
4734213
4736504
4743211
4745006
4745963
4746753
4746971
4748298
4748812
4750112
4750986
4751208
4752556
4753883
4754325
4755345
4757587
4757636
4757802
4758046
4758587
4763830
4764547
4765467
4765678
4767031
4767366
4770234
4771350
4771511
4772232
4772506
4774432
4775391
4775433
4775682
4776797
4777175
4778128
4779322
4779498
4779767
4780776
4783644
4784298
4784470
4784827
4785346
4786439
4787655
4789312
4790351
4790725
4793794
4794163
4795839
4796268
4796455
4796547
4796996
4798435
4799668
4800195
4800431
4800804
4800836
4801960
4802008
4802949
4805215
4806414
4807306
4808024
4809142
4811119
4811276
4812577
4814369
4815656
4818412
4822693
4822806
4823047
4823497
4827713
4829589
4830415
4830975
4832574
4832835
4833579
4833885
4834149
4835214
4836798
4837534
4838712
4838869
4839831
4840452
4841446
4841877
4842767
4843252
4843312
4843537
4843856
4843990
4844844
4845415
4847166
4847357
4848164
4848768
4849100
4849621
4850200
4850393
4850557
4850590
4850868
4851698
4852537
4852695
4853007
4853322
4854022
4856408
4856411
4857051
4857308
4858269
4858445
4858626
4861448
4861484
4862133
4862914
4863100
4866371
4866880
4867249
4868351
4868615
4868919
4869021
4870276
4870445
4871223
4872264
4875965
4876490
4880717
4880928
4880987
4881126
4882434
4882640
4884613
4884911
4885075
4886510
4886754
4887590
4888004
4888639
4888991
4890071
4890503
4892137
4893462
4893867
4894515
4894822
4896954
4898302
4898704
4901073
4902123
4903593
4910181
4912240
4914032
4914972
4919898
4920588
4921842
4922650
4925121
4926370
4927952
4928247
4929373
4930182
4930328
4930463
4930892
4931895
4933719
4933999
4935023
4935463
4935821
4935970
4936069
4936507
4936912
4937072
4938013
4938502
4938727
4940110
4940115
4940422
4940480
4940874
4940905
4940934
4941075
4941558
4941712
4941967
4942131
4943495
4944439
4944559
4945064
4946548
4948751
4949102
4949180
4949253
4949307
4949448
4949557
4949658
4949799
4950894
4951259
4951789
4954801
4955968
4956865
4957968
4958373
4959046
4959523
4960847
4961384
4961828
4962990
4964714
4966774
4966980
4968544
4969006
4971159
4971537
4971570
4972139
4972409
4973130
4973232
4973557
4974448
4978991
4979245
4979366
4980078
4980186
4980444
4982789
4983597
4983625
4983746
4984714
4984755
4985092
4985688
4988132
4989715
4989924
4991246
4991473
4991502
4991803
4992323
4993990
4994328
4994464
4995227
4995802
4996019
4996522
4997824
4998480
4999002
4999018
5003155
5003290
5003778
5004109
5006710
5008035
5009820
5012077
5012411
5012720
5012971
5013278
5015024
5015059
5015431
5015782
5015894
5017099
5017283
5017568
5019393
5021346
5021733
5024251
5024323
5025004
5025639
5026309
5027557
5028757
5028858
5030622
5030634
5032655
5033534
5033652
5034822
5036783
5037101
5039181
5041598
5041719
5041973
5042085
5042107
5042993
5043180
5044465
5044474
5044730
5044991
5045209
5048087
5048093
5049344
5050020
5050036
5051304
5051390
5053663
5056216
5056595
5058208
5058695
5058892
5059941
5060390
5060393
5062156
5062159
5062342
5064010
5064268
5064546
5064562
5066788
5067324
5067581
5068310
5070655
5073015
5073571
5073618
5074001
5074820
5075250
5075276
5076788
5077963
5079461
5079827
5080242
5081368
5081545
5084132
5084179
5084557
5084668
5084683
5085616
5086082
5089011
5089335
5090251
5090612
5091330
5092392
5093913
5095547
5096161
5098281
5099054
5099220
5100720
5101492
5102021
5102486
5102829
5103418
5104216
5104289
5105035
5105066
5105756
5105898
5107065
5108009
5108080
5110631
5110791
5111546
5113836
5115028
5116307
5118059
5118678
5120736
5121593
5122072
5122157
5122338
5123289
5123550
5125040
5125768
5126224
5126379
5127300
5127748
5128928
5130645
5130667
5131107
5131927
5132825
5133146
5133377
5133581
5135666
5135947
5136000
5136035
5136128
5136238
5138611
5139154
5140882
5144736
5147061
5147296
5148117
5148359
5148551
5150447
5151054
5151230
5151454
5153464
5153655
5154389
5155087
5155409
5157724
5157949
5159332
5161079
5161371
5161404
5162094
5162347
5164541
5165739
5166037
5170883
5172696
5174235
5175813
5176148
5176598
5177046
5177281
5179433
5180463
5183632
5184037
5184881
5185287
5187047
5188523
5189499
5189984
5190751
5191825
5192344
5192394
5194350
5194693
5195771
5196149
5197172
5199057
5200166
5201829
5202656
5202700
5205791
5205964
5206557
5206627
5206882
5208560
5208767
5209285
5209391
5210224
5212934
5214187
5214699
5216123
5216471
5216701
5217165
5217171
5217218
5219042
5219403
5219431
5220209
5220731
5220742
5220998
5221604
5223283
5225295
5227897
5228224
5229367
5230270
5230532
5231164
5232676
5235372
5235928
5236310
5237973
5238333
5238505
5239478
5240476
5241106
5241526
5241559
5241882
5243006
5243354
5244339
5244536
5246301
5247002
5247036
5247137
5247261
5249025
5250583
5250827
5251769
5252078
5252448
5252979
5253138
5255555
5256999
5257849
5258093
5258105
5259016
5261202
5262342
5263856
5264161
5265677
5267108
5267298
5270710
5270900
5271180
5272572
5272859
5272917
5274783
5274939
5275185
5275593
5275634
5275886
5277335
5277347
5277695
5278645
5280528
5281219
5281647
5282157
5282773
5283964
5285161
5286172
5286843
5288342
5288539
5289062
5289611
5289696
5292814
5296203
5297524
5297664
5297940
5299555
5299680
5299760
5300721
5300826
5303161
5303902
5304105
5304246
5305823
5306215
5307353
5308058
5308845
5309367
5309909
5311590
5313540
5315071
5315202
5315247
5317286
5318217
5318278
5319240
5321092
5321174
5321324
5324251
5324749
5325100
5325388
5327435
5329639
5330015
5330111
5330477
5330596
5330746
5331788
5333161
5333794
5334671
5336712
5337684
5338010
5338736
5338856
5340297
5341253
5345558
5347272
5347735
5348461
5349079
5351362
5352771
5353175
5353267
5355746
5356259
5356540
5356752
5357085
5358538
5359774
5360432
5360698
5361142
5361237
5363836
5364307
5365765
5366375
5366387
5368349
5369327
5369551
5369875
5370095
5370983
5371809
5372149
5372433
5372917
5373718
5374997
5375870
5376318
5376750
5376976
5377011
5378525
5379018
5379737
5380023
5381111
5381890
5383349
5383636
5383779
5385745
5386704
5388411
5389519
5391084
5391901
5391930
5392628
5393111
5395246
5397318
5397437
5398326
5399304
5399342
5399436
5399547
5399977
5400149
5401685
5402903
5403338
5404121
5404335
5405866
5407149
5408577
5409533
5410479
5412332
5413300
5414394
5414572
5414580
5414811
5415829
5417331
5418525
5419277
5419368
5420364
5420690
5422875
5423974
5425254
5426751
5426890
5427432
5427770
5428744
5428833
5430019
5430728
5431715
5431847
5432362
5432436
5432500
5435291
5436672
5437695
5438102
5438137
5438441
5438949
5438955
5439235
5439971
5443212
5444023
5444234
5445981
5447833
5448251
5448464
5450324
5451250
5452415
5453279
5453494
5454119
5456781
5457865
5457907
5458173
5460106
5460541
5462109
5463316
5463318
5463350
5464693
5464925
5465705
5466378
5468283
5468542
5468915
5469267
5469350
5470887
5473769
5475120
5476399
5476754
5478539
5478798
5479620
5480996
5481002
5481770
5482357
5482931
5483435
5484733
5484873
5485073
5485122
5485234
5486087
5486279
5486820
5487799
5488030
5488854
5490207
5490844
5492141
5493305
5494942
5494982
5495762
5496242
5496482
5496954
5497676
5499512
5499584
5500013
5500348
5500707
5501166
5504693
5505211
5507096
5507185
5507496
5508842
5510535
5510788
5511790
5512341
5512592
5513428
5516590
5516974
5517737
5518404
5518887
5519096
5519203
5519210
5519352
5519448
5521354
5521544
5522194
5522743
5524603
5524795
5525505
5526519
5526567
5527799
5528459
5529093
5529155
5530207
5530357
5531197
5531266
5532291
5532483
5532723
5533124
5534507
5534818
5535764
5536623
5538195
5538537
5538653
5539735
5542937
5543220
5543431
5543499
5543926
5543991
5545499
5546169
5546792
5548423
5548499
5550813
5551700
5551864
5552050
5553000
5553300
5555047
5556550
5557281
5558297
5559781
5559818
5560256
5562321
5564961
5565594
5565852
5568280
5569461
5575600
5575610
5576767
5577107
5577189
5578031
5581578
5582502
5582583
5582767
5585203
5585633
5585844
5586767
5587039
5587460
5587881
5587913
5588327
5589566
5590330
5590693
5591946
5593640
5594529
5595055
5595101
5595218
5597693
5599135
5599671
5602805
5602921
5603859
5604369
5604677
5604703
5605046
5607474
5608809
5609132
5609358
5610142
5610638
5610673
5611839
5612123
5612889
5613370
5613413
5614253
5615693
5615753
5615906
5615999
5616268
5616600
5617174
5617900
5618593
5619130
5619502
5619555
5621024
5621332
5622233
5622409
5622440
5622592
5623526
5624603
5625622
5625894
5627272
5627354
5627864
5629886
5630113
5630535
5630742
5631721
5633156
5634516
5635627
5636502
5637129
5637280
5638318
5638693
5639048
5639193
5639721
5639920
5643254
5645339
5645383
5646041
5647615
5648499
5652037
5652103
5655955
5656003
5656028
5656875
5657979
5658139
5658265
5658646
5658894
5659749
5659749
5660291
5661530
5661554
5662642
5663141
5663316
5663492
5664278
5666129
5668441
5668876
5672284
5676260
5678447
5679000
5679370
5680018
5680914
5681477
5682374
5683417
5684125
5685579
5686561
5686582
5687175
5687182
5687592
5687899
5688551
5689458
5689499
5690505
5690622
5690738
5692685
5693740
5694165
5695778
5696711
5697835
5697959
5699889
5700159
5701019
5702276
5702566
5702747
5703373
5704708
5705273
5705763
5706502
5708447
5708837
5708862
5709854
5710097
5710340
5710642
5710680
5711462
5712933
5713157
5713841
5714918
5715034
5715389
5715561
5717327
5718051
5718579
5719809
5719886
5722951
5723716
5724376
5724389
5724642
5725564
5728073
5728494
5730414
5731148
5731277
5733058
5735711
5735920
5736209
5737718
5739545
5740136
5740803
5742708
5743465
5744757
5745006
5745151
5747189
5748002
5748461
5748630
5751119
5751174
5752151
5752566
5752967
5753395
5756166
5758487
5759707
5760580
5761496
5762728
5764610
5765620
5767466
5767557
5767935
5768402
5770639
5772088
5772271
5772830
5773608
5773801
5776998
5777859
5779463
5780289
5781315
5781415
5783711
5783801
5784769
5786533
5786992
5788730
5789338
5791745
5792526
5793005
5793672
5793926
5794210
5795138
5796100
5796143
5796928
5798317
5798489
5798623
5798750
5799170
5803279
5803425
5804638
5806019
5806240
5807185
5807236
5809617
5809776
5810043
5810560
5811765
5812376
5812648
5814580
5814676
5815876
5816746
5816915
5817070
5818083
5818802
5819484
5820130
5821429
5822850
5823232
5823627
5823780
5823952
5824192
5826271
5827741
5830040
5830164
5830530
5831278
5833179
5833661
5835124
5835202
5835637
5836779
5837153
5837279
5838477
5838590
5838707
5839299
5839453
5842801
5843581
5844111
5844271
5844394
5845969
5848016
5848454
5848514
5848587
5849197
5851897
5852030
5852332
5852455
5853027
5854289
5854788
5855985
5856600
5857228
5858333
5858409
5860011
5860232
5860271
5860456
5864809
5865500
5870485
5870902
5871196
5871331
5872476
5873139
5873896
5873972
5874191
5875914
5876119
5876700
5878948
5881798
5882338
5882364
5883759
5884426
5885882
5886139
5886670
5886679
5887228
5887339
5887726
5887752
5887774
5889862
5890364
5891357
5891533
5891682
5892308
5892800
5893201
5894679
5894923
5895213
5895836
5896068
5896914
5897082
5897141
5897169
5897936
5899515
5899879
5900222
5901432
5902594
5904505
5905356
5905840
5906974
5910674
5911250
5911832
5913229
5914087
5915198
5916625
5918172
5918745
5919307
5919348
5920240
5921168
5921493
5922821
5922835
5924919
5927830
5928242
5928321
5930109
5930410
5931344
5931468
5934181
5934407
5935027
5935626
5940340
5941168
5941264
5941733
5942762
5945300
5945969
5946783
5947410
5948495
5948574
5948681
5948757
5949261
5949795
5950022
5950978
5952017
5954439
5954727
5956982
5959197
5959318
5960598
5961529
5961557
5962217
5965699
5965733
5966279
5966307
5967357
5967643
5970051
5970662
5971086
5972453
5972767
5973297
5973842
5974135
5974508
5974677
5975710
5977556
5977965
5978937
5981487
5981605
5982270
5983149
5984927
5985480
5987273
5988697
5993709
5995746
5997284
5997703
5998114
5998257
5998792
5998800
5998850
5999350
6000106
6000559
6005146
6008092
6008702
6010996
6011206
6012633
6015276
6015558
6016738
6017368
6018083
6018106
6019241
6019579
6023534
6025386
6025832
6026352
6027369
6029299
6029937
6031468
6032042
6032599
6036343
6037017
6037156
6039129
6039587
6040733
6040837
6042719
6042899
6047639
6048461
6051775
6052200
6053291
6053984
6054388
6058012
6059324
6060115
6060345
6061814
6062039
6062784
6063863
6064743
6065975
6067203
6067927
6067929
6068512
6068901
6068986
6069760
6070619
6070829
6072310
6072563
6073362
6073468
6074853
6074916
6075932
6076767
6079187
6079217
6079953
6079970
6080645
6080810
6081347
6081407
6082005
6083057
6084435
6089931
6090942
6092166
6093302
6093388
6093394
6093464
6094469
6094636
6095552
6096801
6097205
6097403
6098922
6100426
6104525
6104753
6105330
6107862
6107955
6110122
6110221
6110560
6111121
6114473
6115093
6115662
6116558
6116669
6116672
6117286
6117375
6118338
6119978
6121148
6121987
6122474
6123019
6124271
6124486
6124671
6126075
6128295
6128954
6130531
6130650
6131375
6131593
6131685
6132357
6132901
6133758
6134160
6134420
6134863
6135318
6135910
6136497
6137073
6137671
6138766
6139716
6141227
6141255
6143489
6143653
6143963
6144173
6145490
6147958
6148175
6152005
6152138
6155202
6155871
6156445
6156498
6156994
6159542
6159724
6160891
6161534
6163518
6165930
6166162
6167612
6170094
6170784
6171066
6171926
6173138
6174764
6174930
6175325
6175466
6177795
6178196
6178263
6179247
6180437
6181382
6181477
6181513
6181658
6181766
6182870
6185214
6188627
6188690
6188874
6189737
6194055
6194445
6197127
6197617
6197623
6197673
6198683
6198972
6199543
6199635
6201133
6202191
6202208
6206044
6206116
6206704
6207888
6208349
6209598
6209693
6210111
6211153
6211535
6214579
6214840
6216290
6218815
6219337
6219339
6220591
6221846
6223448
6223582
6223938
6224517
6227206
6227655
6231307
6231432
6231770
6232196
6232426
6232469
6232519
6233773
6233793
6234084
6234344
6234776
6235586
6236330
6236503
6237815
6240228
6242896
6242984
6243271
6243332
6243455
6243700
6246828
6248263
6250457
6250805
6251032
6251343
6251602
6251742
6252144
6252418
6253984
6254420
6254944
6255704
6257078
6258481
6258860
6261755
6263276
6264099
6264677
6264765
6266604
6268384
6269582
6269636
6269742
6270208
6270409
6271170
6271768
6272251
6272449
6272761
6273384
6274592
6277617
6278228
6279294
6280501
6282163
6282267
6283375
6284545
6285200
6285755
6287388
6291066
6292604
6293127
6294197
6294471
6294864
6295750
6296063
6296339
6296493
6296699
6296775
6298212
6298942
6300267
6302579
6303113
6303148
6303876
6305971
6306454
6306851
6307238
6308835
6312330
6315330
6316441
6316702
6317009
6317059
6317267
6317649
6318033
6318738
6319298
6320407
6321369
6321680
6321766
6322967
6324843
6326534
6326947
6327715
6327913
6327945
6328651
6329054
6330271
6332345
6332389
6332696
6333084
6334339
6334652
6335654
6337025
6337287
6338131
6339341
6339794
6340224
6340488
6341150
6342962
6343138
6343780
6344660
6346623
6346786
6348644
6349008
6349024
6349719
6349873
6353265
6354115
6354614
6354898
6355398
6355441
6355686
6356940
6357606
6357640
6359433
6360235
6360374
6360609
6361533
6363520
6363635
6365581
6366583
6366657
6366764
6367080
6367227
6369255
6369312
6370362
6370504
6370768
6371214
6372617
6373217
6374031
6375226
6375830
6376587
6377113
6377519
6378970
6379111
6379298
6379360
6381150
6381693
6383151
6384010
6384118
6384418
6384958
6386770
6388253
6388552
6390175
6391650
6392071
6392602
6392637
6393172
6393412
6394178
6396036
6396399
6397108
6397158
6398054
6398056
6398308
6399611
6400110
6400223
6402273
6402806
6403158
6403255
6403310
6403470
6405769
6406044
6407453
6409292
6410884
6414384
6415074
6415175
6416523
6418049
6418371
6419326
6420424
6420643
6421340
6422423
6424693
6424843
6425034
6426706
6427610
6427817
6428682
6429764
6430186
6433416
6435599
6436385
6436807
6437021
6438412
6439556
6439736
6442294
6442829
6443237
6446406
6446578
6446859
6447456
6447545
6447746
6448894
6449143
6450601
6450840
6451156
6452796
6453590
6453964
6454087
6455725
6458580
6458871
6459994
6460575
6462010
6462668
6462887
6463043
6463239
6464013
6464219
6464222
6464454
6464633
6464856
6465880
6465937
6466061
6467250
6467736
6467750
6467972
6468666
6473236
6473796
6474521
6474669
6475891
6476957
6477590
6477866
6477954
6478912
6479257
6479444
6480741
6482771
6483130
6484407
6485111
6485330
6485839
6485982
6487516
6488009
6488887
6489403
6490094
6491528
6491675
6493793
6493815
6494423
6496466
6497924
6499374
6500180
6500537
6501872
6502996
6503474
6505643
6506533
6507248
6510199
6510281
6511394
6511801
6512379
6512487
6513006
6514175
6514609
6517601
6519603
6520470
6521830
6522281
6523036
6523571
6523767
6524247
6525354
6525468
6526241
6526537
6526708
6527150
6527862
6528163
6530931
6531009
6531491
6534641
6537412
6540438
6540987
6541415
6544342
6545868
6545951
6546261
6546282
6546307
6548278
6548865
6549347
6550449
6551220
6551616
6551892
6551932
6552002
6552753
6555619
6556433
6556673
6557894
6558958
6559558
6559572
6560875
6561326
6561866
6562717
6564572
6566740
6566931
6567522
6567633
6569342
6570970
6571106
6571255
6572181
6573213
6573741
6573965
6574064
6574842
6575078
6575901
6576502
6576989
6578990
6580958
6583285
6584319
6585950
6586429
6586654
6587362
6590291
6590975
6592695
6592806
6594013
6594131
6595610
6596897
6598119
6599358
6599872
6602549
6603712
6604206
6605685
6605933
6606253
6606297
6607400
6607917
6607959
6612399
6613503
6613541
6614644
6614923
6614937
6616023
6617598
6618986
6620164
6621539
6621544
6621932
6624716
6625230
6625839
6625865
6626021
6626268
6627632
6629783
6630028
6631467
6632055
6632615
6633264
6633979
6635024
6635648
6636005
6636893
6638020
6640450
6640783
6640867
6641617
6646234
6647059
6647789
6649131
6649700
6650034
6650885
6650902
6651300
6652275
6653694
6657240
6657588
6658469
6658782
6658965
6662752
6663358
6664247
6665057
6666009
6666681
6670850
6672584
6673909
6676096
6676947
6677208
6677318
6677383
6678586
6679300
6679649
6679801
6680427
6680707
6682246
6684565
6686647
6688392
6689052
6691865
6692589
6693530
6695543
6695701
6698882
6699006
6699364
6701266
6703225
6703809
6704056
6704766
6705566
6706430
6708653
6709611
6710008
6710152
6710869
6710930
6711434
6713152
6715223
6716213
6717167
6717756
6718020
6718059
6719510
6719715
6721392
6722102
6723235
6723628
6724912
6725940
6726259
6726300
6729607
6731716
6732174
6732374
6732531
6733855
6734701
6735361
6738148
6742588
6742858
6742883
6744154
6745088
6746213
6747517
6748758
6748815
6748989
6749000
6750039
6750207
6750262
6750875
6751030
6751102
6751129
6752618
6752965
6752998
6753711
6756526
6757823
6758636
6760881
6760982
6761469
6761844
6762080
6763582
6763633
6765968
6766552
6767885
6769444
6769606
6769995
6773227
6775043
6775263
6776018
6777165
6778837
6780244
6781715
6782204
6783032
6783830
6783917
6784087
6784453
6785871
6786184
6786959
6787010
6787828
6788361
6789011
6789218
6789485
6789929
6791026
6792088
6793117
6793772
6794175
6794261
6795214
6795624
6797144
6797171
6798528
6799194
6799196
6800850
6802647
6803128
6803835
6805121
6805335
6805579
6806497
6808649
6810574
6810993
6812074
6812128
6813510
6813990
6814060
6814159
6814399
6815217
6815389
6815583
6816254
6817174
6817499
6818030
6818146
6819232
6819797
6820569
6822339
6823465
6824062
6826110
6826299
6826559
6832127
6832622
6833005
6833586
6835204
6835869
6836960
6838796
6840377
6841185
6841189
6841464
6841664
6842161
6843596
6843980
6845373
6845625
6845931
6846362
6849261
6852209
6853291
6853679
6854873
6857131
6857151
6857811
6859460
6859526
6859575
6859662
6863834
6864148
6864349
6864783
6865198
6866489
6866900
6868107
6868593
6872611
6873254
6873437
6875092
6875646
6876082
6876860
6879378
6879867
6880455
6881611
6881651
6882351
6882634
6883559
6884608
6884918
6885122
6885458
6886098
6886591
6887831
6888342
6890648
6890856
6891724
6892135
6893939
6895419
6895472
6896949
6897395
6899868
6902140
6903035
6903283
6906574
6908361
6909027
6909174
6909210
6909712
6910319
6913483
6914478
6917275
6917697
6918865
6920643
6921033
6924146
6924459
6925235
6927018
6927539
6928164
6928508
6928901
6929204
6929339
6929449
6930828
6931144
6931220
6931590
6931886
6933127
6934608
6934623
6934701
6935070
6935453
6936703
6937089
6938199
6938606
6940115
6940249
6940518
6941294
6942117
6943661
6945333
6945355
6945871
6946276
6948209
6948314
6948814
6948934
6949614
6951284
6952128
6953656
6954014
6954240
6954423
6957046
6957454
6957816
6957976
6959318
6960596
6961247
6962679
6964172
6965914
6965992
6967494
6968779
6969887
6970928
6971177
6974574
6976143
6977632
6977645
6977883
6978301
6980138
6980664
6982121
6985462
6986991
6988423
6990092
6990962
6991188
6992244
6993059
6993191
6994904
6995120
6995215
6995341
6995463
6995597
6995870
6995957
6997580
6998033
6999774
7000205
7000425
7001917
7002038
7003003
7005148
7006251
7007662
7010612
7011375
7012675
7015927
7016017
7016982
7018483
7018693
7018926
7021344
7021608
7021986
7022222
7022264
7023399
7023886
7024163
7025003
7025115
7025570
7026117
7026213
7028348
7028752
7030528
7031354
7031855
7033224
7033397
7033563
7034346
7034531
7038830
7039185
7040198
7040971
7042371
7042669
7042758
7043354
7043419
7043513
7043689
7044454
7044786
7046933
7047760
7048409
7049358
7049466
7049585
7050979
7052652
7055627
7056700
7058207
7058722
7058869
7061631
7064477
7064655
7064749
7065521
7065940
7067886
7068182
7068476
7069179
7072423
7075342
7077000
7077987
7078497
7078981
7079717
7079901
7080008
7080465
7080660
7081315
7081712
7082638
7082797
7082912
7083887
7084518
7085183
7085735
7085967
7086812
7087793
7088554
7088640
7089072
7089157
7090034
7090255
7090986
7091023
7091448
7091698
7093939
7095192
7095261
7097324
7097846
7097864
7098915
7099382
7099883
7100603
7104053
7104361
7105287
7105612
7105845
7106124
7107532
7107985
7108021
7109737
7111262
7111877
7111959
7112429
7112704
7113253
7114063
7114948
7115240
7115806
7116777
7117812
7118648
7118717
7120163
7120998
7121264
7122001
7123973
7125269
7125572
7125661
7126059
7126150
7127287
7128886
7129657
7132703
7132718
7133827
7134096
7134263
7134713
7135560
7136449
7136769
7136999
7137363
7139751
7142044
7142451
7143575
7144020
7145333
7145789
7146094
7147349
7147486
7147530
7147625
7149323
7149571
7150396
7150686
7151029
7151197
7151899
7153474
7153974
7155917
7156711
7160525
7160575
7162153
7162182
7162370
7163168
7163476
7165117
7165849
7167188
7167288
7168037
7168539
7168663
7168867
7169066
7171555
7171860
7172545
7172683
7172928
7175151
7178101
7178522
7179125
7180234
7180300
7180643
7180794
7181802
7182614
7183115
7183591
7185201
7185259
7187445
7188180
7188471
7188550
7189850
7189995
7193643
7194790
7195036
7195531
7195563
7195594
7195632
7195655
7195884
7196238
7197734
7198000
7198099
7198963
7201282
7201643
7202922
7203083
7203508
7203542
7204331
7204622
7206251
7208082
7209497
7209779
7213017
7213405
7214189
7214278
7217008
7217073
7218024
7218401
7218549
7218955
7219437
7219778
7220113
7220795
7221111
7222744
7223274
7223491
7224968
7225042
7225615
7226155
7227112
7231903
7233445
7233938
7235050
7236476
7236926
7238006
7238203
7238681
7239438
7241236
7241276
7241899
7242496
7242530
7243392
7243555
7244020
7244256
7244640
7245159
7246024
7246214
7247823
7248050
7248525
7249116
7249193
7249462
7251468
7252427
7255073
7255835
7255978
7257537
7257739
7258001
7258945
7259465
7259511
7261012
7262380
7262455
7262516
7262799
7263592
7265581
7265590
7265772
7266773
7267008
7267376
7267790
7268570
7269125
7269150
7270617
7270772
7272704
7273332
7273537
7274218
7274671
7274951
7277189
7277333
7277505
7277736
7278403
7279557
7281157
7282842
7283409
7283502
7283562
7283836
7284023
7284432
7284707
7286114
7286825
7287319
7288158
7288262
7294753
7295222
7297421
7299274
7299288
7300648
7302136
7304057
7306666
7307636
7308741
7308829
7309016
7309685
7310289
7311241
7311304
7311355
7312477
7313391
7314090
7314155
7314383
7314826
7314871
7314916
7316271
7316454
7316952
7317980
7321059
7321464
7324678
7324800
7327032
7329435
7329530
7333898
7335343
7335844
7337211
7337815
7338334
7339144
7339357
7339612
7340094
7340738
7340758
7341549
7341558
7342217
7343259
7344483
7344861
7345083
7345576
7345988
7346209
7346745
7347013
7347824
7349593
7349835
7349886
7350518
7351957
7353041
7355216
7357008
7357045
7358489
7361374
7361479
7361883
7361914
7362107
7362326
7362368
7362511
7362591
7362660
7363894
7365427
7366578
7366731
7366849
7366983
7367389
7368945
7369869
7370124
7370780
7371310
7371808
7372142
7373040
7373194
7375189
7377281
7378039
7379491
7381313
7382052
7384870
7384950
7385259
7385934
7386483
7387286
7387448
7389173
7389772
7390369
7392702
7392873
7393835
7395786
7397157
7402763
7402782
7402971
7403349
7405852
7405929
7407388
7407511
7410284
7410290
7411214
7411334
7413329
7413872
7414545
7414573
7415899
7415929
7419025
7419905
7419920
7422380
7422393
7422843
7423305
7423560
7424653
7425918
7427768
7428459
7429531
7430252
7430895
7431672
7432729
7433617
7434389
7435663
7435711
7440192
7441861
7442225
7443518
7443922
7443976
7444230
7444484
7446421
7447045
7448059
7448987
7449269
7451663
7452381
7452488
7453740
7454418
7455346
7456703
7456832
7456906
7459901
7461122
7462450
7467811
7467855
7468313
7468513
7468773
7468911
7469403
7470670
7471312
7472223
7473565
7474619
7474871
7475062
7475135
7476629
7477551
7477569
7478607
7478910
7479986
7480257
7480722
7481841
7484305
7484656
7484929
7485452
7486359
7486658
7488145
7489351
7489765
7489999
7492115
7493900
7494046
7497964
7499031
7500735
7501063
7501492
7501539
7502184
7504179
7505559
7507980
7508530
7509610
7509730
7510008
7510383
7512130
7513261
7515248
7515698
7516081
7516674
7517593
7517745
7518890
7519301
7520226
7521918
7522186
7523003
7523391
7523851
7526769
7527436
7527643
7527863
7529098
7529593
7531010
7532506
7533052
7533675
7533974
7534335
7535951
7536736
7536782
7537115
7537353
7537895
7537939
7538649
7540554
7541500
7541728
7543095
7544769
7544916
7545158
7546298
7548412
7549042
7549802
7550742
7550760
7552278
7552708
7553382
7553625
7554813
7555061
7556578
7556829
7556964
7560954
7561187
7561987
7563021
7565202
7566074
7566085
7566481
7568115
7568925
7572908
7575295
7575891
7575962
7577504
7578655
7578771
7579721
7580791
7580894
7583408
7584254
7587854
7588085
7588844
7589419
7591753
7592309
7593768
7594051
7594356
7596356
7597063
7597864
7598250
7598602
7599922
7600986
7602591
7602695
7603131
7603278
7603730
7604463
7604523
7604824
7604883
7606319
7607320
7607904
7608146
7608580
7609204
7609205
7609546
7611305
7612719
7614668
7615092
7616148
7618955
7620043
7620061
7623411
7624619
7626057
7626120
7628651
7629434
7632463
7633060
7633174
7633420
7633624
7633758
7634177
7634461
7634567
7635893
7636237
7636894
7638124
7639716
7639756
7639956
7640049
7640089
7640443
7643669
7644986
7645108
7645195
7647953
7648893
7649255
7649388
7649393
7649570
7649647
7650341
7650624
7652727
7653073
7653598
7654402
7655467
7655501
7655715
7658412
7658472
7660242
7661576
7663666
7664681
7664990
7665436
7669276
7670756
7671419
7672008
7672076
7676739
7678765
7682258
7682780
7683030
7683049
7683131
7684471
7685271
7686650
7686820
7687827
7688568
7688861
7689734
7690041
7690798
7690904
7690929
7691900
7693263
7694312
7694999
7695149
7695433
7695650
7695762
7696643
7698788
7699405
7701223
7701379
7702437
7703130
7705330
7707629
7707870
7707935
7708163
7708982
7709805
7711366
7711451
7711698
7712097
7713835
7715834
7715882
7717212
7718028
7718242
7718545
7719189
7720050
7721723
7722238
7722666
7722715
7723788
7724451
7725198
7726990
7727002
7727182
7727708
7727942
7728518
7729052
7729335
7729340
7730264
7730687
7733455
7733973
7734576
7735244
7736658
7736797
7737163
7738119
7738512
7738823
7739293
7739530
7740900
7742311
7742667
7743718
7743799
7745107
7746106
7746178
7746791
7748358
7748812
7750067
7750325
7755595
7756355
7759501
7760170
7760254
7760813
7761046
7761798
7762125
7762482
7762947
7763527
7764174
7766093
7767432
7767702
7769342
7769373
7770092
7770498
7770502
7771003
7772393
7775227
7775270
7775979
7776388
7776505
7778218
7778710
7780171
7782839
7783712
7784102
7784570
7784859
7785346
7785423
7785911
7786527
7787073
7787332
7787901
7788355
7788809
7789294
7789360
7789466
7790007
7792424
7793399
7793635
7794324
7794708
7796732
7798134
7798355
7799143
7799219
7800055
7801934
7802195
7802656
7803464
7804705
7805015
7805327
7805743
7805942
7807672
7810775
7810936
7810967
7811319
7812221
7814153
7815205
7817405
7817546
7819629
7821012
7821036
7821039
7822153
7823912
7824014
7825467
7827193
7827524
7828488
7828841
7830124
7830212
7830815
7831363
7832355
7834143
7834643
7834963
7836661
7837159
7837932
7838262
7838845
7839103
7839502
7840358
7840938
7841777
7842913
7843848
7844303
7846822
7848479
7848754
7849252
7849327
7849384
7850828
7851528
7853545
7855645
7857030
7857891
7859450
7859505
7860188
7860667
7861494
7861720
7866535
7867153
7868823
7869878
7871130
7871728
7874245
7874689
7876494
7880182
7880415
7884019
7884628
7884658
7885804
7887574
7888260
7889198
7892083
7892705
7893619
7894567
7896097
7897675
7898276
7899611
7899910
7901248
7903194
7903254
7903691
7906597
7907838
7907982
7908225
7909799
7911100
7911959
7915659
7917205
7919919
7920272
7921220
7921709
7922276
7923004
7923378
7924825
7926683
7931068
7933444
7934375
7937377
7937453
7938675
7938697
7939047
7939596
7940392
7941141
7941596
7941745
7942452
7942815
7945494
7945627
7945885
7949967
7950887
7952739
7953575
7959546
7960057
7960826
7961368
7961448
7961451
7962086
7962439
7963264
7963615
7964519
7966268
7966930
7967300
7967435
7969125
7970474
7970502
7971247
7972372
7972605
7973006
7975630
7975805
7976436
7978720
7978870
7978991
7984311
7986296
7986432
7987019
7987552
7987627
7988252
7989391
7990531
7990729
7991119
7991207
7991715
7993134
7993362
7994279
7995446
7996375
7997646
7997858
8002752
8004045
8004356
8004429
8004507
8004830
8005820
8006137
8006975
8007431
8008227
8008768
8009751
8010316
8010409
8010989
8011067
8011927
8013086
8015348
8015990
8017587
8018116
8019392
8021073
8021239
8021852
8023216
8024041
8026631
8026758
8028715
8029271
8030639
8031216
8033259
8033718
8033995
8034014
8034480
8034884
8034975
8035574
8036172
8037002
8037012
8038650
8038763
8039098
8042092
8042305
8042560
8043651
8045555
8046300
8046511
8047269
8047283
8047913
8048566
8050385
8052712
8052835
8053169
8054113
8055186
8056020
8056143
8056227
8057223
8057287
8058831
8061909
8062104
8062871
8067512
8068975
8069356
8069779
8070933
8071526
8071786
8071926
8071944
8072034
8073907
8074089
8075198
8077070
8077259
8082028
8084633
8085318
8087883
8089564
8091535
8092130
8092313
8094856
8095709
8096008
8097137
8097525
8097731
8099398
8102987
8103026
8103293
8103293
8103480
8105078
8105457
8107561
8109043
8109270
8110235
8110501
8110617
8110814
8112222
8112693
8113339
8114623
8115775
8116366
8118173
8118627
8119286
8119965
8119974
8120429
8121311
8121819
8121855
8124892
8125243
8125787
8126633
8126673
8127412
8128710
8129040
8130666
8131497
8131768
8134101
8134247
8135226
8135316
8136827
8136837
8136997
8137409
8138383
8138984
8139156
8144024
8146212
8148185
8149182
8149777
8151855
8153709
8155503
8155714
8156900
8157570
8158668
8158919
8159352
8160326
8160545
8160632
8160865
8161116
8162823
8163255
8163335
8164950
8165043
8168432
8170578
8172351
8172822
8173276
8174204
8174234
8175780
8176183
8176392
8176676
8178080
8179103
8179866
8183185
8184603
8185468
8185516
8186049
8186075
8186361
8186794
8189967
8191330
8192134
8192416
8193107
8193113
8194279
8194515
8194912
8194995
8195116
8195548
8198146
8198627
8202155
8203055
8203711
8203722
8205079
8205770
8208077
8209677
8210742
8211138
8211528
8212017
8212138
8214273
8214398
8216107
8218501
8219634
8220241
8220298
8222477
8222736
8224457
8225669
8226035
8226960
8227482
8230620
8230642
8231176
8231235
8231270
8232086
8232141
8233907
8234485
8235378
8235858
8235911
8236207
8237552
8237970
8239885
8240892
8241442
8241509
8241815
8241853
8241977
8242384
8242780
8243786
8243971
8245256
8245873
8245888
8245907
8246294
8247767
8248242
8250287
8250385
8250776
8251234
8251420
8251558
8252555
8253204
8253403
8253722
8255896
8256056
8256701
8257165
8257580
8258014
8259233
8259284
8260080
8261217
8265130
8265350
8265561
8266043
8268279
8269019
8269401
8269622
8270308
8270624
8273128
8274180
8274382
8274999
8275068
8276842
8276908
8277638
8277928
8278506
8280730
8280924
8282007
8282020
8282102
8282176
8283657
8284410
8285259
8285680
8285934
8286058
8286710
8287090
8288190
8288647
8289127
8289428
8290242
8292611
8292866
8293220
8294255
8294641
8295095
8295511
8295603
8296285
8297012
8297485
8303232
8303267
8303994
8304359
8304559
8304796
8305382
8307254
8307490
8307611
8307720
8309056
8309527
8311600
8312103
8312433
8313091
8313636
8314109
8318160
8318806
8320116
8321058
8321516
8323342
8323934
8324653
8324847
8325419
8328228
8329209
8329332
8332249
8332850
8333335
8334861
8336000
8336179
8336722
8337282
8338056
8340859
8340939
8340944
8341699
8342113
8342379
8342747
8344004
8345158
8345584
8346317
8346724
8349678
8349712
8351304
8351324
8352091
8352642
8352831
8354099
8355094
8356151
8357188
8358123
8358469
8358756
8358876
8358951
8359444
8361071
8361374
8361385
8362191
8365245
8366206
8366336
8366929
8367133
8367549
8367650
8368269
8368484
8369471
8369904
8370074
8373054
8373083
8373726
8374375
8375252
8375371
8375588
8379806
8381126
8381529
8384274
8384428
8387842
8388695
8389069
8389591
8389994
8391025
8392868
8392942
8392990
8393069
8393537
8394685
8395198
8395300
8395741
8396604
8397074
8399444
8399814
8399817
8400350
8400762
8400838
8401193
8401219
8401427
8401535
8402303
8402543
8402712
8403030
8403250
8405484
8409046
8410714
8412489
8412931
8413017
8414164
8415867
8416747
8419712
8421921
8422376
8422430
8422552
8423646
8424502
8426230
8427149
8427317
8427485
8427712
8430017
8433601
8436110
8437906
8439261
8439352
8440349
8441497
8441913
8442862
8443102
8444511
8444560
8445437
8445590
8447409
8450475
8450918
8453270
8453494
8454037
8454688
8456513
8456660
8456748
8457055
8457386
8459483
8460408
8461339
8461697
8463090
8465421
8467536
8468488
8470224
8471531
8471987
8472455
8473205
8473737
8473940
8475907
8476082
8476094
8478396
8479811
8480719
8480748
8481345
8481662
8483215
8483848
8486266
8487340
8489196
8490222
8490310
8490479
8490670
8490684
8491244
8491819
8492940
8493567
8493805
8495062
8495638
8496185
8499809
8500124
8500515
8502243
8503800
8504446
8508078
8508095
8508748
8511881
8512472
8513124
8515508
8518468
8518568
8519026
8520260
8520832
8522629
8522804
8522854
8523611
8524697
8524790
8525115
8525481
8527878
8528728
8529219
8531536
8531863
8531864
8532143
8532329
8532650
8534657
8536066
8536580
8537682
8538479
8539943
8541501
8542024
8543242
8544445
8546569
8546632
8547883
8547902
8550197
8554768
8555655
8557410
8559447
8560365
8560523
8560999
8562984
8563023
8563169
8563802
8565339
8565517
8566535
8568391
8569138
8569245
8569805
8570547
8571999
8573021
8575224
8575567
8575978
8576703
8577003
8578674
8579839
8583271
8584914
8586891
8587217
8587391
8587487
8587592
8588057
8588713
8588945
8589944
8591116
8591569
8591837
8592212
8592894
8593371
8594237
8595253
8595957
8597130
8597256
8598673
8601381
8603995
8605187
8608017
8608485
8609626
8610516
8610778
8610795
8611033
8611705
8614158
8614520
8614528
8615176
8616190
8617267
8617560
8617620
8619649
8621095
8622137
8622819
8623357
8623387
8623882
8625076
8625214
8626002
8626519
8627123
8627434
8627462
8627678
8629615
8631418
8631630
8631862
8632353
8632599
8634039
8634391
8635173
8637785
8638440
8638644
8638948
8640170
8641392
8643848
8646159
8648729
8648783
8649087
8649298
8650042
8650077
8650124
8650246
8650982
8651001
8653004
8654684
8655034
8655191
8655940
8655995
8656335
8656503
8657746
8657804
8659004
8659927
8660883
8661476
8661787
8663907
8663966
8665461
8669141
8670159
8670399
8670568
8672198
8672992
8674455
8674861
8675025
8676342
8678924
8681611
8681756
8683471
8685275
8686286
8689593
8689711
8689784
8690019
8690249
8693093
8693190
8693280
8694153
8694745
8695967
8696758
8697106
8697993
8698334
8698887
8699262
8700708
8701189
8701720
8703328
8704075
8706469
8706644
8706688
8706946
8708982
8709768
8709788
8710464
8710486
8710714
8711157
8711965
8712013
8712783
8713366
8713472
8713691
8715442
8716790
8717956
8720363
8720950
8722473
8724015
8724836
8725683
8727729
8728482
8728572
8729829
8729873
8730938
8731236
8731378
8731423
8734263
8735098
8735177
8735869
8738770
8739575
8740511
8741865
8744790
8745965
8748010
8748177
8748416
8748949
8751117
8752627
8753495
8753941
8755779
8755991
8756136
8756218
8756565
8757537
8757788
8757879
8758642
8759771
8760249
8761287
8763051
8763297
8764185
8764350
8765656
8766507
8769284
8769593
8769977
8770166
8770313
8772028
8772701
8773446
8773857
8775751
8776068
8776072
8776548
8776585
8777612
8778260
8779027
8779274
8779761
8781548
8781725
8782340
8783585
8785226
8786971
8787384
8788482
8788500
8788537
8788829
8789461
8790859
8791266
8791934
8793533
8794219
8795900
8795902
8796563
8797059
8797297
8797989
8799052
8799242
8799426
8800350
8800433
8800585
8800779
8801118
8801654
8803143
8804188
8804315
8804396
8804430
8804663
8805490
8806561
8806867
8808895
8812339
8812980
8812989
8813167
8814582
8815486
8816953
8817281
8817501
8818463
8820603
8824869
8827480
8828237
8828731
8829058
8831197
8831323
8833869
8833900
8836213
8836529
8839235
8839957
8841109
8843363
8843982
8844342
8844706
8844956
8845113
8846259
8846937
8846995
8847037
8847278
8847450
8849202
8849538
8853691
8856001
8856368
8857408
8857884
8858777
8859746
8859866
8863374
8864906
8864977
8865151
8865280
8865850
8866851
8867247
8870705
8871737
8872343
8873875
8874713
8875084
8875284
8876632
8877058
8877121
8877277
8878645
8879208
8879829
8881443
8882123
8882210
8883428
8883460
8884354
8884467
8885321
8886401
8886825
8887589
8888135
8888211
8889779
8892045
8892076
8892076
8894898
8896939
8897746
8898154
8900304
8900673
8901973
8903444
8904729
8905710
8906537
8906851
8907608
8908282
8911390
8912111
8912133
8913905
8914685
8915394
8917133
8917656
8919270
8919339
8919825
8920141
8922952
8923382
8925272
8926362
8927319
8929881
8930042
8930263
8930580
8932557
8933652
8934911
8935485
8936194
8937293
8938698
8940417
8942144
8942502
8942666
8943311
8943588
8946372
8947537
8947641
8948386
8948669
8949336
8949625
8950861
8951102
8951602
8951724
8952441
8956854
8957417
8957956
8958153
8958563
8959117
8961467
8962136
8962879
8964770
8965033
8965757
8965800
8965999
8966166
8968489
8968814
8970229
8970653
8970968
8973659
8976933
8977229
8977230
8978861
8979025
8979208
8980255
8980844
8981617
8982065
8982380
8983157
8983357
8983489
8983570
8983653
8984847
8985671
8986494
8989309
8989782
8990363
8990784
8990845
8995155
8996935
9000560
9002401
9003398
9003485
9004381
9004798
9006164
9007479
9007680
9007926
9008142
9008168
9008808
9009104
9010481
9011222
9011496
9011758
9013562
9014098
9014127
9014542
9014580
9014993
9015323
9015391
9015771
9016184
9017570
9017997
9019548
9019913
9020738
9020807
9020937
9022192
9022227
9022282
9023563
9024620
9026294
9028000
9028185
9030066
9031925
9032106
9032310
9032663
9035730
9035778
9037432
9037731
9038594
9039962
9040830
9042094
9042994
9043897
9047035
9048278
9048498
9048661
9048773
9050949
9053058
9054259
9054751
9055251
9057007
9058701
9059054
9059267
9059390
9059744
9062627
9063298
9063300
9063320
9064212
9064298
9064743
9065919
9067772
9069934
9070020
9071974
9074047
9074159
9074789
9075437
9075653
9075881
9076641
9076890
9077493
9078673
9079500
9080204
9081195
9081540
9083556
9085629
9088453
9089779
9090103
9090738
9091159
9092012
9092771
9093743
9094603
9095261
9095620
9095734
9096745
9097206
9097876
9098268
9098269
9098680
9102244
9104115
9104609
9104840
9106732
9106865
9106931
9107936
9109219
9109519
9109759
9110221
9110365
9111660
9115468
9115476
9115595
9117482
9119088
9120240
9121590
9122699
9122829
9123247
9123924
9123961
9124165
9125319
9125459
9125932
9127127
9127526
9128857
9130502
9131473
9131740
9133532
9133978
9134625
9134777
9134813
9137659
9137879
9137980
9138306
9138450
9140366
9141883
9143846
9144605
9144622
9145012
9146297
9146779
9149442
9150922
9151624
9152414
9153782
9155192
9155786
9156116
9156490
9156598
9158026
9159930
9160047
9160047
9161315
9162256
9162447
9162657
9167560
9169013
9170050
9172066
9172135
9172398
9173576
9173583
9174208
9174215
9176772
9177477
9177769
9178029
9180216
9180364
9180499
9180573
9180687
9180704
9181399
9184247
9184904
9186155
9188237
9188499
9188817
9190153
9190567
9190719
9192128
9192192
9193652
9194588
9195689
9196694
9197909
9198878
9200633
9203051
9203055
9203443
9204592
9205273
9205485
9207178
9207717
9208417
9209729
9211839
9213038
9215169
9215938
9216041
9216628
9217340
9218429
9220341
9220533
9221540
9223100
9225148
9225492
9226049
9227078
9227121
9228317
9229862
9229930
9231139
9231405
9231524
9231724
9232727
9238003
9238803
9238922
9239165
9241397
9241804
9242172
9242426
9242739
9242845
9242889
9243155
9243772
9243995
9244661
9244956
9246946
9247963
9248165
9248499
9248755
9249241
9249545
9250734
9251119
9251950
9252087
9252592
9253144
9254820
9255033
9256265
9257013
9257684
9258155
9258644
9259837
9260175
9260494
9261404
9262236
9262380
9265337
9266232
9266299
9266363
9266744
9268169
9268878
9270425
9272109
9272218
9273132
9274784
9275022
9275824
9277899
9279069
9279792
9280666
9281919
9283553
9283966
9284507
9285016
9285585
9288976
9290823
9292219
9292518
9293493
9294313
9294979
9295004
9295125
9295164
9295985
9296216
9296366
9296861
9297238
9297818
9297856
9298827
9299256
9299338
9299544
9303413
9303591
9306204
9306437
9307535
9308919
9309600
9309641
9310063
9312023
9313668
9313813
9314741
9315403
9315519
9316689
9316761
9317398
9317481
9318416
9319459
9322024
9322341
9324514
9325529
9325566
9326485
9327759
9331047
9332829
9334242
9335149
9335583
9336065
9338443
9338818
9339881
9340469
9341205
9343359
9343532
9344789
9344810
9345250
9345268
9345857
9347781
9348183
9348345
9348605
9349508
9349683
9350754
9351033
9351636
9352323
9352354
9355109
9356004
9356083
9357221
9358309
9360611
9361006
9361109
9361790
9366448
9370522
9372262
9372328
9372844
9374216
9377481
9379082
9381962
9383404
9385220
9385500
9386889
9387178
9387463
9387890
9387993
9388995
9389739
9391694
9393063
9393861
9397331
9397413
9397594
9397606
9397627
9398860
9399286
9399303
9400101
9400193
9400742
9402167
9402540
9403059
9404979
9406217
9408013
9409606
9410014
9411035
9411184
9411887
9412923
9413387
9414801
9416256
9418278
9418870
9420307
9421375
9421506
9424188
9425280
9425896
9430462
9431107
9431808
9432651
9433821
9435584
9436445
9436754
9436826
9437430
9437683
9438204
9438688
9439416
9442436
9442915
9443149
9444092
9444988
9446248
9446581
9447293
9447379
9448566
9450281
9451147
9452459
9452478
9453030
9453904
9453905
9455960
9456263
9456458
9456793
9457418
9459163
9459869
9459896
9462653
9463728
9463770
9464049
9464137
9464601
9464683
9465225
9466125
9466363
9468238
9468789
9469803
9470755
9471148
9471191
9471480
9473548
9473823
9480143
9482111
9482822
9484069
9484396
9485205
9485432
9485970
9486023
9489969
9490752
9492050
9492529
9494286
9494372
9495377
9496249
9496409
9496929
9497216
9497452
9497778
9498509
9498589
9500178
9500266
9501285
9501696
9502040
9504986
9505050
9505605
9506791
9509440
9511823
9512803
9513074
9513467
9514113
9514222
9515057
9515182
9515877
9517909
9518173
9519039
9520021
9520452
9522173
9523526
9526530
9528492
9528731
9529044
9529691
9530629
9531463
9531985
9531995
9532390
9532517
9533033
9533053
9534648
9534903
9535316
9536349
9537076
9537146
9538540
9539139
9540510
9540698
9540807
9543408
9545723
9546242
9546483
9546955
9551553
9552012
9552085
9552415
9552925
9553089
9553772
9554453
9554751
9555709
9555799
9555912
9556162
9557640
9559026
9559475
9560864
9561319
9561822
9562283
9562400
9562693
9563947
9564185
9564350
9565022
9565417
9566374
9567086
9569025
9571162
9571732
9572211
9574615
9574678
9574856
9576116
9577268
9581458
9581927
9582085
9582997
9584546
9585734
9586042
9586954
9587332
9589511
9591974
9593093
9594063
9594446
9595224
9595853
9596457
9597302
9597356
9597525
9597967
9598706
9601370
9602960
9603381
9604119
9604449
9605696
9606305
9608621
9608958
9609088
9609419
9609749
9610614
9611611
9616325
9616625
9617453
9617846
9619435
9619619
9619651
9620904
9622844
9624507
9630181
9630358
9630888
9632667
9633004
9633651
9634096
9634999
9635332
9635915
9636496
9638298
9638539
9639637
9640376
9642601
9643110
9643483
9645509
9646285
9646825
9648307
9649056
9649116
9649292
9649362
9649510
9650136
9654161
9656123
9656583
9656653
9656868
9658247
9661630
9661793
9662992
9663312
9663577
9665150
9666344
9667305
9669132
9669280
9670197
9670520
9670838
9670909
9671723
9674203
9674307
9676554
9678351
9679044
9679813
9681087
9681162
9682909
9683787
9686993
9687867
9689250
9690982
9691020
9691226
9692500
9692667
9694057
9694259
9694747
9694943
9696603
9696968
9697629
9697758
9698886
9701087
9702569
9703104
9703579
9705563
9705819
9706752
9706809
9708228
9709131
9710991
9712010
9713170
9714367
9714382
9716169
9716268
9717099
9717268
9717412
9719005
9719737
9720102
9720122
9720354
9720416
9720588
9720683
9723405
9723652
9723887
9725853
9727302
9728530
9728777
9729201
9731404
9731688
9732855
9733594
9734195
9736173
9739958
9740228
9742605
9742633
9742658
9743207
9744452
9744752
9747709
9748325
9748989
9749753
9750241
9750444
9750495
9750643
9751206
9751245
9755559
9755666
9757280
9757405
9759524
9760636
9760930
9761728
9763229
9763707
9764418
9765895
9770367
9770465
9771228
9771898
9772274
9773852
9775143
9775657
9777059
9777228
9777589
9778213
9778263
9778726
9779378
9779517
9782535
9783321
9783946
9784051
9784515
9785011
9785622
9785950
9787178
9787647
9789111
9790925
9791651
9792364
9797133
9797492
9802081
9803918
9805977
9806673
9806693
9810478
9810840
9811262
9813077
9814144
9814726
9816148
9817729
9817952
9818155
9820339
9820485
9822723
9824313
9825447
9826569
9828102
9828425
9829535
9830603
9831094
9832508
9832748
9833777
9834296
9834840
9836273
9837923
9838559
9838882
9839692
9841233
9842132
9843072
9843142
9843274
9844039
9845826
9846943
9848062
9848108
9848388
9848419
9848636
9848728
9849779
9850558
9851674
9852715
9853118
9853155
9853674
9854161
9854613
9855932
9856104
9856186
9856326
9856535
9857078
9858939
9859841
9861261
9862960
9863387
9864973
9865123
9866531
9867418
9868728
9869784
9870284
9871405
9872171
9872726
9873875
9874591
9874727
9875018
9875210
9875828
9876341
9877280
9877845
9879416
9879792
9880747
9880874
9881095
9883182
9884143
9884151
9885911
9885998
9886550
9887437
9888048
9889330
9890120
9890242
9890630
9891001
9891098
9893444
9893713
9893859
9895536
9895643
9896278
9897872
9900313
9902305
9902906
9903560
9904217
9905082
9906884
9909531
9910374
9910633
9911340
9912594
9912767
9913463
9913504
9914923
9915539
9916859
9917353
9918168
9919202
9919684
9920721
9922158
9922466
9923569
9924028
9924211
9925296
9925540
9926330
9929780
9930494
9930925
9931112
9932077
9932285
9933808
9936267
9939372
9940632
9944558
9945096
9945771
9946125
9946858
9947672
9950191
9950473
9951918
9952041
9952819
9952961
9954347
9957699
9959627
9962174
9962309
9962409
9962689
9963019
9964265
9966042
9967149
9967573
9968939
9969910
9973067
9973181
9973404
9973544
9974496
9974674
9976502
9976613
9977648
9978116
9978180
9978948
9979617
9980676
9980819
9981012
9982267
9983099
9984098
9984338
9984679
9987831
9989301
9989455
9989851
9990862
9990895
9991442
9991630
9993128
9993311
9993980
9995638
9996330
9996822
9996850
9998648
9998794
9999481
9999828
