1000
6000000
6000001
6000002
6000003
6000004
6000005
6000006
6000007
6000008
6000009
6000010
6000011
6000012
6000013
6000014
6000015
6000016
6000017
6000018
6000019
6000020
6000021
6000022
6000023
6000024
6000025
6000026
6000027
6000028
6000029
6000030
6000031
6000032
6000033
6000034
6000035
6000036
6000037
6000038
6000039
6000040
6000041
6000042
6000043
6000044
6000045
6000046
6000047
6000048
6000049
6000050
6000051
6000052
6000053
6000054
6000055
6000056
6000057
6000058
6000059
6000060
6000061
6000062
6000063
6000064
6000065
6000066
6000067
6000068
6000069
6000070
6000071
6000072
6000073
6000074
6000075
6000076
6000077
6000078
6000079
6000080
6000081
6000082
6000083
6000084
6000085
6000086
6000087
6000088
6000089
6000090
6000091
6000092
6000093
6000094
6000095
6000096
6000097
6000098
6000099
6000100
6000101
6000102
6000103
6000104
6000105
6000106
6000107
6000108
6000109
6000110
6000111
6000112
6000113
6000114
6000115
6000116
6000117
6000118
6000119
6000120
6000121
6000122
6000123
6000124
6000125
6000126
6000127
6000128
6000129
6000130
6000131
6000132
6000133
6000134
6000135
6000136
6000137
6000138
6000139
6000140
6000141
6000142
6000143
6000144
6000145
6000146
6000147
6000148
6000149
6000150
6000151
6000152
6000153
6000154
6000155
6000156
6000157
6000158
6000159
6000160
6000161
6000162
6000163
6000164
6000165
6000166
6000167
6000168
6000169
6000170
6000171
6000172
6000173
6000174
6000175
6000176
6000177
6000178
6000179
6000180
6000181
6000182
6000183
6000184
6000185
6000186
6000187
6000188
6000189
6000190
6000191
6000192
6000193
6000194
6000195
6000196
6000197
6000198
6000199
6000200
6000201
6000202
6000203
6000204
6000205
6000206
6000207
6000208
6000209
6000210
6000211
6000212
6000213
6000214
6000215
6000216
6000217
6000218
6000219
6000220
6000221
6000222
6000223
6000224
6000225
6000226
6000227
6000228
6000229
6000230
6000231
6000232
6000233
6000234
6000235
6000236
6000237
6000238
6000239
6000240
6000241
6000242
6000243
6000244
6000245
6000246
6000247
6000248
6000249
6000250
6000251
6000252
6000253
6000254
6000255
6000256
6000257
6000258
6000259
6000260
6000261
6000262
6000263
6000264
6000265
6000266
6000267
6000268
6000269
6000270
6000271
6000272
6000273
6000274
6000275
6000276
6000277
6000278
6000279
6000280
6000281
6000282
6000283
6000284
6000285
6000286
6000287
6000288
6000289
6000290
6000291
6000292
6000293
6000294
6000295
6000296
6000297
6000298
6000299
6000300
6000301
6000302
6000303
6000304
6000305
6000306
6000307
6000308
6000309
6000310
6000311
6000312
6000313
6000314
6000315
6000316
6000317
6000318
6000319
6000320
6000321
6000322
6000323
6000324
6000325
6000326
6000327
6000328
6000329
6000330
6000331
6000332
6000333
6000334
6000335
6000336
6000337
6000338
6000339
6000340
6000341
6000342
6000343
6000344
6000345
6000346
6000347
6000348
6000349
6000350
6000351
6000352
6000353
6000354
6000355
6000356
6000357
6000358
6000359
6000360
6000361
6000362
6000363
6000364
6000365
6000366
6000367
6000368
6000369
6000370
6000371
6000372
6000373
6000374
6000375
6000376
6000377
6000378
6000379
6000380
6000381
6000382
6000383
6000384
6000385
6000386
6000387
6000388
6000389
6000390
6000391
6000392
6000393
6000394
6000395
6000396
6000397
6000398
6000399
6000400
6000401
6000402
6000403
6000404
6000405
6000406
6000407
6000408
6000409
6000410
6000411
6000412
6000413
6000414
6000415
6000416
6000417
6000418
6000419
6000420
6000421
6000422
6000423
6000424
6000425
6000426
6000427
6000428
6000429
6000430
6000431
6000432
6000433
6000434
6000435
6000436
6000437
6000438
6000439
6000440
6000441
6000442
6000443
6000444
6000445
6000446
6000447
6000448
6000449
6000450
6000451
6000452
6000453
6000454
6000455
6000456
6000457
6000458
6000459
6000460
6000461
6000462
6000463
6000464
6000465
6000466
6000467
6000468
6000469
6000470
6000471
6000472
6000473
6000474
6000475
6000476
6000477
6000478
6000479
6000480
6000481
6000482
6000483
6000484
6000485
6000486
6000487
6000488
6000489
6000490
6000491
6000492
6000493
6000494
6000495
6000496
6000497
6000498
6000499
6000500
6000501
6000502
6000503
6000504
6000505
6000506
6000507
6000508
6000509
6000510
6000511
6000512
6000513
6000514
6000515
6000516
6000517
6000518
6000519
6000520
6000521
6000522
6000523
6000524
6000525
6000526
6000527
6000528
6000529
6000530
6000531
6000532
6000533
6000534
6000535
6000536
6000537
6000538
6000539
6000540
6000541
6000542
6000543
6000544
6000545
6000546
6000547
6000548
6000549
6000550
6000551
6000552
6000553
6000554
6000555
6000556
6000557
6000558
6000559
6000560
6000561
6000562
6000563
6000564
6000565
6000566
6000567
6000568
6000569
6000570
6000571
6000572
6000573
6000574
6000575
6000576
6000577
6000578
6000579
6000580
6000581
6000582
6000583
6000584
6000585
6000586
6000587
6000588
6000589
6000590
6000591
6000592
6000593
6000594
6000595
6000596
6000597
6000598
6000599
6000600
6000601
6000602
6000603
6000604
6000605
6000606
6000607
6000608
6000609
6000610
6000611
6000612
6000613
6000614
6000615
6000616
6000617
6000618
6000619
6000620
6000621
6000622
6000623
6000624
6000625
6000626
6000627
6000628
6000629
6000630
6000631
6000632
6000633
6000634
6000635
6000636
6000637
6000638
6000639
6000640
6000641
6000642
6000643
6000644
6000645
6000646
6000647
6000648
6000649
6000650
6000651
6000652
6000653
6000654
6000655
6000656
6000657
6000658
6000659
6000660
6000661
6000662
6000663
6000664
6000665
6000666
6000667
6000668
6000669
6000670
6000671
6000672
6000673
6000674
6000675
6000676
6000677
6000678
6000679
6000680
6000681
6000682
6000683
6000684
6000685
6000686
6000687
6000688
6000689
6000690
6000691
6000692
6000693
6000694
6000695
6000696
6000697
6000698
6000699
6000700
6000701
6000702
6000703
6000704
6000705
6000706
6000707
6000708
6000709
6000710
6000711
6000712
6000713
6000714
6000715
6000716
6000717
6000718
6000719
6000720
6000721
6000722
6000723
6000724
6000725
6000726
6000727
6000728
6000729
6000730
6000731
6000732
6000733
6000734
6000735
6000736
6000737
6000738
6000739
6000740
6000741
6000742
6000743
6000744
6000745
6000746
6000747
6000748
6000749
6000750
6000751
6000752
6000753
6000754
6000755
6000756
6000757
6000758
6000759
6000760
6000761
6000762
6000763
6000764
6000765
6000766
6000767
6000768
6000769
6000770
6000771
6000772
6000773
6000774
6000775
6000776
6000777
6000778
6000779
6000780
6000781
6000782
6000783
6000784
6000785
6000786
6000787
6000788
6000789
6000790
6000791
6000792
6000793
6000794
6000795
6000796
6000797
6000798
6000799
6000800
6000801
6000802
6000803
6000804
6000805
6000806
6000807
6000808
6000809
6000810
6000811
6000812
6000813
6000814
6000815
6000816
6000817
6000818
6000819
6000820
6000821
6000822
6000823
6000824
6000825
6000826
6000827
6000828
6000829
6000830
6000831
6000832
6000833
6000834
6000835
6000836
6000837
6000838
6000839
6000840
6000841
6000842
6000843
6000844
6000845
6000846
6000847
6000848
6000849
6000850
6000851
6000852
6000853
6000854
6000855
6000856
6000857
6000858
6000859
6000860
6000861
6000862
6000863
6000864
6000865
6000866
6000867
6000868
6000869
6000870
6000871
6000872
6000873
6000874
6000875
6000876
6000877
6000878
6000879
6000880
6000881
6000882
6000883
6000884
6000885
6000886
6000887
6000888
6000889
6000890
6000891
6000892
6000893
6000894
6000895
6000896
6000897
6000898
6000899
6000900
6000901
6000902
6000903
6000904
6000905
6000906
6000907
6000908
6000909
6000910
6000911
6000912
6000913
6000914
6000915
6000916
6000917
6000918
6000919
6000920
6000921
6000922
6000923
6000924
6000925
6000926
6000927
6000928
6000929
6000930
6000931
6000932
6000933
6000934
6000935
6000936
6000937
6000938
6000939
6000940
6000941
6000942
6000943
6000944
6000945
6000946
6000947
6000948
6000949
6000950
6000951
6000952
6000953
6000954
6000955
6000956
6000957
6000958
6000959
6000960
6000961
6000962
6000963
6000964
6000965
6000966
6000967
6000968
6000969
6000970
6000971
6000972
6000973
6000974
6000975
6000976
6000977
6000978
6000979
6000980
6000981
6000982
6000983
6000984
6000985
6000986
6000987
6000988
6000989
6000990
6000991
6000992
6000993
6000994
6000995
6000996
6000997
6000998
6000999
