10000
6000000
5999999
5999998
5999997
5999996
5999995
5999994
5999993
5999992
5999991
5999990
5999989
5999988
5999987
5999986
5999985
5999984
5999983
5999982
5999981
5999980
5999979
5999978
5999977
5999976
5999975
5999974
5999973
5999972
5999971
5999970
5999969
5999968
5999967
5999966
5999965
5999964
5999963
5999962
5999961
5999960
5999959
5999958
5999957
5999956
5999955
5999954
5999953
5999952
5999951
5999950
5999949
5999948
5999947
5999946
5999945
5999944
5999943
5999942
5999941
5999940
5999939
5999938
5999937
5999936
5999935
5999934
5999933
5999932
5999931
5999930
5999929
5999928
5999927
5999926
5999925
5999924
5999923
5999922
5999921
5999920
5999919
5999918
5999917
5999916
5999915
5999914
5999913
5999912
5999911
5999910
5999909
5999908
5999907
5999906
5999905
5999904
5999903
5999902
5999901
5999900
5999899
5999898
5999897
5999896
5999895
5999894
5999893
5999892
5999891
5999890
5999889
5999888
5999887
5999886
5999885
5999884
5999883
5999882
5999881
5999880
5999879
5999878
5999877
5999876
5999875
5999874
5999873
5999872
5999871
5999870
5999869
5999868
5999867
5999866
5999865
5999864
5999863
5999862
5999861
5999860
5999859
5999858
5999857
5999856
5999855
5999854
5999853
5999852
5999851
5999850
5999849
5999848
5999847
5999846
5999845
5999844
5999843
5999842
5999841
5999840
5999839
5999838
5999837
5999836
5999835
5999834
5999833
5999832
5999831
5999830
5999829
5999828
5999827
5999826
5999825
5999824
5999823
5999822
5999821
5999820
5999819
5999818
5999817
5999816
5999815
5999814
5999813
5999812
5999811
5999810
5999809
5999808
5999807
5999806
5999805
5999804
5999803
5999802
5999801
5999800
5999799
5999798
5999797
5999796
5999795
5999794
5999793
5999792
5999791
5999790
5999789
5999788
5999787
5999786
5999785
5999784
5999783
5999782
5999781
5999780
5999779
5999778
5999777
5999776
5999775
5999774
5999773
5999772
5999771
5999770
5999769
5999768
5999767
5999766
5999765
5999764
5999763
5999762
5999761
5999760
5999759
5999758
5999757
5999756
5999755
5999754
5999753
5999752
5999751
5999750
5999749
5999748
5999747
5999746
5999745
5999744
5999743
5999742
5999741
5999740
5999739
5999738
5999737
5999736
5999735
5999734
5999733
5999732
5999731
5999730
5999729
5999728
5999727
5999726
5999725
5999724
5999723
5999722
5999721
5999720
5999719
5999718
5999717
5999716
5999715
5999714
5999713
5999712
5999711
5999710
5999709
5999708
5999707
5999706
5999705
5999704
5999703
5999702
5999701
5999700
5999699
5999698
5999697
5999696
5999695
5999694
5999693
5999692
5999691
5999690
5999689
5999688
5999687
5999686
5999685
5999684
5999683
5999682
5999681
5999680
5999679
5999678
5999677
5999676
5999675
5999674
5999673
5999672
5999671
5999670
5999669
5999668
5999667
5999666
5999665
5999664
5999663
5999662
5999661
5999660
5999659
5999658
5999657
5999656
5999655
5999654
5999653
5999652
5999651
5999650
5999649
5999648
5999647
5999646
5999645
5999644
5999643
5999642
5999641
5999640
5999639
5999638
5999637
5999636
5999635
5999634
5999633
5999632
5999631
5999630
5999629
5999628
5999627
5999626
5999625
5999624
5999623
5999622
5999621
5999620
5999619
5999618
5999617
5999616
5999615
5999614
5999613
5999612
5999611
5999610
5999609
5999608
5999607
5999606
5999605
5999604
5999603
5999602
5999601
5999600
5999599
5999598
5999597
5999596
5999595
5999594
5999593
5999592
5999591
5999590
5999589
5999588
5999587
5999586
5999585
5999584
5999583
5999582
5999581
5999580
5999579
5999578
5999577
5999576
5999575
5999574
5999573
5999572
5999571
5999570
5999569
5999568
5999567
5999566
5999565
5999564
5999563
5999562
5999561
5999560
5999559
5999558
5999557
5999556
5999555
5999554
5999553
5999552
5999551
5999550
5999549
5999548
5999547
5999546
5999545
5999544
5999543
5999542
5999541
5999540
5999539
5999538
5999537
5999536
5999535
5999534
5999533
5999532
5999531
5999530
5999529
5999528
5999527
5999526
5999525
5999524
5999523
5999522
5999521
5999520
5999519
5999518
5999517
5999516
5999515
5999514
5999513
5999512
5999511
5999510
5999509
5999508
5999507
5999506
5999505
5999504
5999503
5999502
5999501
5999500
5999499
5999498
5999497
5999496
5999495
5999494
5999493
5999492
5999491
5999490
5999489
5999488
5999487
5999486
5999485
5999484
5999483
5999482
5999481
5999480
5999479
5999478
5999477
5999476
5999475
5999474
5999473
5999472
5999471
5999470
5999469
5999468
5999467
5999466
5999465
5999464
5999463
5999462
5999461
5999460
5999459
5999458
5999457
5999456
5999455
5999454
5999453
5999452
5999451
5999450
5999449
5999448
5999447
5999446
5999445
5999444
5999443
5999442
5999441
5999440
5999439
5999438
5999437
5999436
5999435
5999434
5999433
5999432
5999431
5999430
5999429
5999428
5999427
5999426
5999425
5999424
5999423
5999422
5999421
5999420
5999419
5999418
5999417
5999416
5999415
5999414
5999413
5999412
5999411
5999410
5999409
5999408
5999407
5999406
5999405
5999404
5999403
5999402
5999401
5999400
5999399
5999398
5999397
5999396
5999395
5999394
5999393
5999392
5999391
5999390
5999389
5999388
5999387
5999386
5999385
5999384
5999383
5999382
5999381
5999380
5999379
5999378
5999377
5999376
5999375
5999374
5999373
5999372
5999371
5999370
5999369
5999368
5999367
5999366
5999365
5999364
5999363
5999362
5999361
5999360
5999359
5999358
5999357
5999356
5999355
5999354
5999353
5999352
5999351
5999350
5999349
5999348
5999347
5999346
5999345
5999344
5999343
5999342
5999341
5999340
5999339
5999338
5999337
5999336
5999335
5999334
5999333
5999332
5999331
5999330
5999329
5999328
5999327
5999326
5999325
5999324
5999323
5999322
5999321
5999320
5999319
5999318
5999317
5999316
5999315
5999314
5999313
5999312
5999311
5999310
5999309
5999308
5999307
5999306
5999305
5999304
5999303
5999302
5999301
5999300
5999299
5999298
5999297
5999296
5999295
5999294
5999293
5999292
5999291
5999290
5999289
5999288
5999287
5999286
5999285
5999284
5999283
5999282
5999281
5999280
5999279
5999278
5999277
5999276
5999275
5999274
5999273
5999272
5999271
5999270
5999269
5999268
5999267
5999266
5999265
5999264
5999263
5999262
5999261
5999260
5999259
5999258
5999257
5999256
5999255
5999254
5999253
5999252
5999251
5999250
5999249
5999248
5999247
5999246
5999245
5999244
5999243
5999242
5999241
5999240
5999239
5999238
5999237
5999236
5999235
5999234
5999233
5999232
5999231
5999230
5999229
5999228
5999227
5999226
5999225
5999224
5999223
5999222
5999221
5999220
5999219
5999218
5999217
5999216
5999215
5999214
5999213
5999212
5999211
5999210
5999209
5999208
5999207
5999206
5999205
5999204
5999203
5999202
5999201
5999200
5999199
5999198
5999197
5999196
5999195
5999194
5999193
5999192
5999191
5999190
5999189
5999188
5999187
5999186
5999185
5999184
5999183
5999182
5999181
5999180
5999179
5999178
5999177
5999176
5999175
5999174
5999173
5999172
5999171
5999170
5999169
5999168
5999167
5999166
5999165
5999164
5999163
5999162
5999161
5999160
5999159
5999158
5999157
5999156
5999155
5999154
5999153
5999152
5999151
5999150
5999149
5999148
5999147
5999146
5999145
5999144
5999143
5999142
5999141
5999140
5999139
5999138
5999137
5999136
5999135
5999134
5999133
5999132
5999131
5999130
5999129
5999128
5999127
5999126
5999125
5999124
5999123
5999122
5999121
5999120
5999119
5999118
5999117
5999116
5999115
5999114
5999113
5999112
5999111
5999110
5999109
5999108
5999107
5999106
5999105
5999104
5999103
5999102
5999101
5999100
5999099
5999098
5999097
5999096
5999095
5999094
5999093
5999092
5999091
5999090
5999089
5999088
5999087
5999086
5999085
5999084
5999083
5999082
5999081
5999080
5999079
5999078
5999077
5999076
5999075
5999074
5999073
5999072
5999071
5999070
5999069
5999068
5999067
5999066
5999065
5999064
5999063
5999062
5999061
5999060
5999059
5999058
5999057
5999056
5999055
5999054
5999053
5999052
5999051
5999050
5999049
5999048
5999047
5999046
5999045
5999044
5999043
5999042
5999041
5999040
5999039
5999038
5999037
5999036
5999035
5999034
5999033
5999032
5999031
5999030
5999029
5999028
5999027
5999026
5999025
5999024
5999023
5999022
5999021
5999020
5999019
5999018
5999017
5999016
5999015
5999014
5999013
5999012
5999011
5999010
5999009
5999008
5999007
5999006
5999005
5999004
5999003
5999002
5999001
5999000
5998999
5998998
5998997
5998996
5998995
5998994
5998993
5998992
5998991
5998990
5998989
5998988
5998987
5998986
5998985
5998984
5998983
5998982
5998981
5998980
5998979
5998978
5998977
5998976
5998975
5998974
5998973
5998972
5998971
5998970
5998969
5998968
5998967
5998966
5998965
5998964
5998963
5998962
5998961
5998960
5998959
5998958
5998957
5998956
5998955
5998954
5998953
5998952
5998951
5998950
5998949
5998948
5998947
5998946
5998945
5998944
5998943
5998942
5998941
5998940
5998939
5998938
5998937
5998936
5998935
5998934
5998933
5998932
5998931
5998930
5998929
5998928
5998927
5998926
5998925
5998924
5998923
5998922
5998921
5998920
5998919
5998918
5998917
5998916
5998915
5998914
5998913
5998912
5998911
5998910
5998909
5998908
5998907
5998906
5998905
5998904
5998903
5998902
5998901
5998900
5998899
5998898
5998897
5998896
5998895
5998894
5998893
5998892
5998891
5998890
5998889
5998888
5998887
5998886
5998885
5998884
5998883
5998882
5998881
5998880
5998879
5998878
5998877
5998876
5998875
5998874
5998873
5998872
5998871
5998870
5998869
5998868
5998867
5998866
5998865
5998864
5998863
5998862
5998861
5998860
5998859
5998858
5998857
5998856
5998855
5998854
5998853
5998852
5998851
5998850
5998849
5998848
5998847
5998846
5998845
5998844
5998843
5998842
5998841
5998840
5998839
5998838
5998837
5998836
5998835
5998834
5998833
5998832
5998831
5998830
5998829
5998828
5998827
5998826
5998825
5998824
5998823
5998822
5998821
5998820
5998819
5998818
5998817
5998816
5998815
5998814
5998813
5998812
5998811
5998810
5998809
5998808
5998807
5998806
5998805
5998804
5998803
5998802
5998801
5998800
5998799
5998798
5998797
5998796
5998795
5998794
5998793
5998792
5998791
5998790
5998789
5998788
5998787
5998786
5998785
5998784
5998783
5998782
5998781
5998780
5998779
5998778
5998777
5998776
5998775
5998774
5998773
5998772
5998771
5998770
5998769
5998768
5998767
5998766
5998765
5998764
5998763
5998762
5998761
5998760
5998759
5998758
5998757
5998756
5998755
5998754
5998753
5998752
5998751
5998750
5998749
5998748
5998747
5998746
5998745
5998744
5998743
5998742
5998741
5998740
5998739
5998738
5998737
5998736
5998735
5998734
5998733
5998732
5998731
5998730
5998729
5998728
5998727
5998726
5998725
5998724
5998723
5998722
5998721
5998720
5998719
5998718
5998717
5998716
5998715
5998714
5998713
5998712
5998711
5998710
5998709
5998708
5998707
5998706
5998705
5998704
5998703
5998702
5998701
5998700
5998699
5998698
5998697
5998696
5998695
5998694
5998693
5998692
5998691
5998690
5998689
5998688
5998687
5998686
5998685
5998684
5998683
5998682
5998681
5998680
5998679
5998678
5998677
5998676
5998675
5998674
5998673
5998672
5998671
5998670
5998669
5998668
5998667
5998666
5998665
5998664
5998663
5998662
5998661
5998660
5998659
5998658
5998657
5998656
5998655
5998654
5998653
5998652
5998651
5998650
5998649
5998648
5998647
5998646
5998645
5998644
5998643
5998642
5998641
5998640
5998639
5998638
5998637
5998636
5998635
5998634
5998633
5998632
5998631
5998630
5998629
5998628
5998627
5998626
5998625
5998624
5998623
5998622
5998621
5998620
5998619
5998618
5998617
5998616
5998615
5998614
5998613
5998612
5998611
5998610
5998609
5998608
5998607
5998606
5998605
5998604
5998603
5998602
5998601
5998600
5998599
5998598
5998597
5998596
5998595
5998594
5998593
5998592
5998591
5998590
5998589
5998588
5998587
5998586
5998585
5998584
5998583
5998582
5998581
5998580
5998579
5998578
5998577
5998576
5998575
5998574
5998573
5998572
5998571
5998570
5998569
5998568
5998567
5998566
5998565
5998564
5998563
5998562
5998561
5998560
5998559
5998558
5998557
5998556
5998555
5998554
5998553
5998552
5998551
5998550
5998549
5998548
5998547
5998546
5998545
5998544
5998543
5998542
5998541
5998540
5998539
5998538
5998537
5998536
5998535
5998534
5998533
5998532
5998531
5998530
5998529
5998528
5998527
5998526
5998525
5998524
5998523
5998522
5998521
5998520
5998519
5998518
5998517
5998516
5998515
5998514
5998513
5998512
5998511
5998510
5998509
5998508
5998507
5998506
5998505
5998504
5998503
5998502
5998501
5998500
5998499
5998498
5998497
5998496
5998495
5998494
5998493
5998492
5998491
5998490
5998489
5998488
5998487
5998486
5998485
5998484
5998483
5998482
5998481
5998480
5998479
5998478
5998477
5998476
5998475
5998474
5998473
5998472
5998471
5998470
5998469
5998468
5998467
5998466
5998465
5998464
5998463
5998462
5998461
5998460
5998459
5998458
5998457
5998456
5998455
5998454
5998453
5998452
5998451
5998450
5998449
5998448
5998447
5998446
5998445
5998444
5998443
5998442
5998441
5998440
5998439
5998438
5998437
5998436
5998435
5998434
5998433
5998432
5998431
5998430
5998429
5998428
5998427
5998426
5998425
5998424
5998423
5998422
5998421
5998420
5998419
5998418
5998417
5998416
5998415
5998414
5998413
5998412
5998411
5998410
5998409
5998408
5998407
5998406
5998405
5998404
5998403
5998402
5998401
5998400
5998399
5998398
5998397
5998396
5998395
5998394
5998393
5998392
5998391
5998390
5998389
5998388
5998387
5998386
5998385
5998384
5998383
5998382
5998381
5998380
5998379
5998378
5998377
5998376
5998375
5998374
5998373
5998372
5998371
5998370
5998369
5998368
5998367
5998366
5998365
5998364
5998363
5998362
5998361
5998360
5998359
5998358
5998357
5998356
5998355
5998354
5998353
5998352
5998351
5998350
5998349
5998348
5998347
5998346
5998345
5998344
5998343
5998342
5998341
5998340
5998339
5998338
5998337
5998336
5998335
5998334
5998333
5998332
5998331
5998330
5998329
5998328
5998327
5998326
5998325
5998324
5998323
5998322
5998321
5998320
5998319
5998318
5998317
5998316
5998315
5998314
5998313
5998312
5998311
5998310
5998309
5998308
5998307
5998306
5998305
5998304
5998303
5998302
5998301
5998300
5998299
5998298
5998297
5998296
5998295
5998294
5998293
5998292
5998291
5998290
5998289
5998288
5998287
5998286
5998285
5998284
5998283
5998282
5998281
5998280
5998279
5998278
5998277
5998276
5998275
5998274
5998273
5998272
5998271
5998270
5998269
5998268
5998267
5998266
5998265
5998264
5998263
5998262
5998261
5998260
5998259
5998258
5998257
5998256
5998255
5998254
5998253
5998252
5998251
5998250
5998249
5998248
5998247
5998246
5998245
5998244
5998243
5998242
5998241
5998240
5998239
5998238
5998237
5998236
5998235
5998234
5998233
5998232
5998231
5998230
5998229
5998228
5998227
5998226
5998225
5998224
5998223
5998222
5998221
5998220
5998219
5998218
5998217
5998216
5998215
5998214
5998213
5998212
5998211
5998210
5998209
5998208
5998207
5998206
5998205
5998204
5998203
5998202
5998201
5998200
5998199
5998198
5998197
5998196
5998195
5998194
5998193
5998192
5998191
5998190
5998189
5998188
5998187
5998186
5998185
5998184
5998183
5998182
5998181
5998180
5998179
5998178
5998177
5998176
5998175
5998174
5998173
5998172
5998171
5998170
5998169
5998168
5998167
5998166
5998165
5998164
5998163
5998162
5998161
5998160
5998159
5998158
5998157
5998156
5998155
5998154
5998153
5998152
5998151
5998150
5998149
5998148
5998147
5998146
5998145
5998144
5998143
5998142
5998141
5998140
5998139
5998138
5998137
5998136
5998135
5998134
5998133
5998132
5998131
5998130
5998129
5998128
5998127
5998126
5998125
5998124
5998123
5998122
5998121
5998120
5998119
5998118
5998117
5998116
5998115
5998114
5998113
5998112
5998111
5998110
5998109
5998108
5998107
5998106
5998105
5998104
5998103
5998102
5998101
5998100
5998099
5998098
5998097
5998096
5998095
5998094
5998093
5998092
5998091
5998090
5998089
5998088
5998087
5998086
5998085
5998084
5998083
5998082
5998081
5998080
5998079
5998078
5998077
5998076
5998075
5998074
5998073
5998072
5998071
5998070
5998069
5998068
5998067
5998066
5998065
5998064
5998063
5998062
5998061
5998060
5998059
5998058
5998057
5998056
5998055
5998054
5998053
5998052
5998051
5998050
5998049
5998048
5998047
5998046
5998045
5998044
5998043
5998042
5998041
5998040
5998039
5998038
5998037
5998036
5998035
5998034
5998033
5998032
5998031
5998030
5998029
5998028
5998027
5998026
5998025
5998024
5998023
5998022
5998021
5998020
5998019
5998018
5998017
5998016
5998015
5998014
5998013
5998012
5998011
5998010
5998009
5998008
5998007
5998006
5998005
5998004
5998003
5998002
5998001
5998000
5997999
5997998
5997997
5997996
5997995
5997994
5997993
5997992
5997991
5997990
5997989
5997988
5997987
5997986
5997985
5997984
5997983
5997982
5997981
5997980
5997979
5997978
5997977
5997976
5997975
5997974
5997973
5997972
5997971
5997970
5997969
5997968
5997967
5997966
5997965
5997964
5997963
5997962
5997961
5997960
5997959
5997958
5997957
5997956
5997955
5997954
5997953
5997952
5997951
5997950
5997949
5997948
5997947
5997946
5997945
5997944
5997943
5997942
5997941
5997940
5997939
5997938
5997937
5997936
5997935
5997934
5997933
5997932
5997931
5997930
5997929
5997928
5997927
5997926
5997925
5997924
5997923
5997922
5997921
5997920
5997919
5997918
5997917
5997916
5997915
5997914
5997913
5997912
5997911
5997910
5997909
5997908
5997907
5997906
5997905
5997904
5997903
5997902
5997901
5997900
5997899
5997898
5997897
5997896
5997895
5997894
5997893
5997892
5997891
5997890
5997889
5997888
5997887
5997886
5997885
5997884
5997883
5997882
5997881
5997880
5997879
5997878
5997877
5997876
5997875
5997874
5997873
5997872
5997871
5997870
5997869
5997868
5997867
5997866
5997865
5997864
5997863
5997862
5997861
5997860
5997859
5997858
5997857
5997856
5997855
5997854
5997853
5997852
5997851
5997850
5997849
5997848
5997847
5997846
5997845
5997844
5997843
5997842
5997841
5997840
5997839
5997838
5997837
5997836
5997835
5997834
5997833
5997832
5997831
5997830
5997829
5997828
5997827
5997826
5997825
5997824
5997823
5997822
5997821
5997820
5997819
5997818
5997817
5997816
5997815
5997814
5997813
5997812
5997811
5997810
5997809
5997808
5997807
5997806
5997805
5997804
5997803
5997802
5997801
5997800
5997799
5997798
5997797
5997796
5997795
5997794
5997793
5997792
5997791
5997790
5997789
5997788
5997787
5997786
5997785
5997784
5997783
5997782
5997781
5997780
5997779
5997778
5997777
5997776
5997775
5997774
5997773
5997772
5997771
5997770
5997769
5997768
5997767
5997766
5997765
5997764
5997763
5997762
5997761
5997760
5997759
5997758
5997757
5997756
5997755
5997754
5997753
5997752
5997751
5997750
5997749
5997748
5997747
5997746
5997745
5997744
5997743
5997742
5997741
5997740
5997739
5997738
5997737
5997736
5997735
5997734
5997733
5997732
5997731
5997730
5997729
5997728
5997727
5997726
5997725
5997724
5997723
5997722
5997721
5997720
5997719
5997718
5997717
5997716
5997715
5997714
5997713
5997712
5997711
5997710
5997709
5997708
5997707
5997706
5997705
5997704
5997703
5997702
5997701
5997700
5997699
5997698
5997697
5997696
5997695
5997694
5997693
5997692
5997691
5997690
5997689
5997688
5997687
5997686
5997685
5997684
5997683
5997682
5997681
5997680
5997679
5997678
5997677
5997676
5997675
5997674
5997673
5997672
5997671
5997670
5997669
5997668
5997667
5997666
5997665
5997664
5997663
5997662
5997661
5997660
5997659
5997658
5997657
5997656
5997655
5997654
5997653
5997652
5997651
5997650
5997649
5997648
5997647
5997646
5997645
5997644
5997643
5997642
5997641
5997640
5997639
5997638
5997637
5997636
5997635
5997634
5997633
5997632
5997631
5997630
5997629
5997628
5997627
5997626
5997625
5997624
5997623
5997622
5997621
5997620
5997619
5997618
5997617
5997616
5997615
5997614
5997613
5997612
5997611
5997610
5997609
5997608
5997607
5997606
5997605
5997604
5997603
5997602
5997601
5997600
5997599
5997598
5997597
5997596
5997595
5997594
5997593
5997592
5997591
5997590
5997589
5997588
5997587
5997586
5997585
5997584
5997583
5997582
5997581
5997580
5997579
5997578
5997577
5997576
5997575
5997574
5997573
5997572
5997571
5997570
5997569
5997568
5997567
5997566
5997565
5997564
5997563
5997562
5997561
5997560
5997559
5997558
5997557
5997556
5997555
5997554
5997553
5997552
5997551
5997550
5997549
5997548
5997547
5997546
5997545
5997544
5997543
5997542
5997541
5997540
5997539
5997538
5997537
5997536
5997535
5997534
5997533
5997532
5997531
5997530
5997529
5997528
5997527
5997526
5997525
5997524
5997523
5997522
5997521
5997520
5997519
5997518
5997517
5997516
5997515
5997514
5997513
5997512
5997511
5997510
5997509
5997508
5997507
5997506
5997505
5997504
5997503
5997502
5997501
5997500
5997499
5997498
5997497
5997496
5997495
5997494
5997493
5997492
5997491
5997490
5997489
5997488
5997487
5997486
5997485
5997484
5997483
5997482
5997481
5997480
5997479
5997478
5997477
5997476
5997475
5997474
5997473
5997472
5997471
5997470
5997469
5997468
5997467
5997466
5997465
5997464
5997463
5997462
5997461
5997460
5997459
5997458
5997457
5997456
5997455
5997454
5997453
5997452
5997451
5997450
5997449
5997448
5997447
5997446
5997445
5997444
5997443
5997442
5997441
5997440
5997439
5997438
5997437
5997436
5997435
5997434
5997433
5997432
5997431
5997430
5997429
5997428
5997427
5997426
5997425
5997424
5997423
5997422
5997421
5997420
5997419
5997418
5997417
5997416
5997415
5997414
5997413
5997412
5997411
5997410
5997409
5997408
5997407
5997406
5997405
5997404
5997403
5997402
5997401
5997400
5997399
5997398
5997397
5997396
5997395
5997394
5997393
5997392
5997391
5997390
5997389
5997388
5997387
5997386
5997385
5997384
5997383
5997382
5997381
5997380
5997379
5997378
5997377
5997376
5997375
5997374
5997373
5997372
5997371
5997370
5997369
5997368
5997367
5997366
5997365
5997364
5997363
5997362
5997361
5997360
5997359
5997358
5997357
5997356
5997355
5997354
5997353
5997352
5997351
5997350
5997349
5997348
5997347
5997346
5997345
5997344
5997343
5997342
5997341
5997340
5997339
5997338
5997337
5997336
5997335
5997334
5997333
5997332
5997331
5997330
5997329
5997328
5997327
5997326
5997325
5997324
5997323
5997322
5997321
5997320
5997319
5997318
5997317
5997316
5997315
5997314
5997313
5997312
5997311
5997310
5997309
5997308
5997307
5997306
5997305
5997304
5997303
5997302
5997301
5997300
5997299
5997298
5997297
5997296
5997295
5997294
5997293
5997292
5997291
5997290
5997289
5997288
5997287
5997286
5997285
5997284
5997283
5997282
5997281
5997280
5997279
5997278
5997277
5997276
5997275
5997274
5997273
5997272
5997271
5997270
5997269
5997268
5997267
5997266
5997265
5997264
5997263
5997262
5997261
5997260
5997259
5997258
5997257
5997256
5997255
5997254
5997253
5997252
5997251
5997250
5997249
5997248
5997247
5997246
5997245
5997244
5997243
5997242
5997241
5997240
5997239
5997238
5997237
5997236
5997235
5997234
5997233
5997232
5997231
5997230
5997229
5997228
5997227
5997226
5997225
5997224
5997223
5997222
5997221
5997220
5997219
5997218
5997217
5997216
5997215
5997214
5997213
5997212
5997211
5997210
5997209
5997208
5997207
5997206
5997205
5997204
5997203
5997202
5997201
5997200
5997199
5997198
5997197
5997196
5997195
5997194
5997193
5997192
5997191
5997190
5997189
5997188
5997187
5997186
5997185
5997184
5997183
5997182
5997181
5997180
5997179
5997178
5997177
5997176
5997175
5997174
5997173
5997172
5997171
5997170
5997169
5997168
5997167
5997166
5997165
5997164
5997163
5997162
5997161
5997160
5997159
5997158
5997157
5997156
5997155
5997154
5997153
5997152
5997151
5997150
5997149
5997148
5997147
5997146
5997145
5997144
5997143
5997142
5997141
5997140
5997139
5997138
5997137
5997136
5997135
5997134
5997133
5997132
5997131
5997130
5997129
5997128
5997127
5997126
5997125
5997124
5997123
5997122
5997121
5997120
5997119
5997118
5997117
5997116
5997115
5997114
5997113
5997112
5997111
5997110
5997109
5997108
5997107
5997106
5997105
5997104
5997103
5997102
5997101
5997100
5997099
5997098
5997097
5997096
5997095
5997094
5997093
5997092
5997091
5997090
5997089
5997088
5997087
5997086
5997085
5997084
5997083
5997082
5997081
5997080
5997079
5997078
5997077
5997076
5997075
5997074
5997073
5997072
5997071
5997070
5997069
5997068
5997067
5997066
5997065
5997064
5997063
5997062
5997061
5997060
5997059
5997058
5997057
5997056
5997055
5997054
5997053
5997052
5997051
5997050
5997049
5997048
5997047
5997046
5997045
5997044
5997043
5997042
5997041
5997040
5997039
5997038
5997037
5997036
5997035
5997034
5997033
5997032
5997031
5997030
5997029
5997028
5997027
5997026
5997025
5997024
5997023
5997022
5997021
5997020
5997019
5997018
5997017
5997016
5997015
5997014
5997013
5997012
5997011
5997010
5997009
5997008
5997007
5997006
5997005
5997004
5997003
5997002
5997001
5997000
5996999
5996998
5996997
5996996
5996995
5996994
5996993
5996992
5996991
5996990
5996989
5996988
5996987
5996986
5996985
5996984
5996983
5996982
5996981
5996980
5996979
5996978
5996977
5996976
5996975
5996974
5996973
5996972
5996971
5996970
5996969
5996968
5996967
5996966
5996965
5996964
5996963
5996962
5996961
5996960
5996959
5996958
5996957
5996956
5996955
5996954
5996953
5996952
5996951
5996950
5996949
5996948
5996947
5996946
5996945
5996944
5996943
5996942
5996941
5996940
5996939
5996938
5996937
5996936
5996935
5996934
5996933
5996932
5996931
5996930
5996929
5996928
5996927
5996926
5996925
5996924
5996923
5996922
5996921
5996920
5996919
5996918
5996917
5996916
5996915
5996914
5996913
5996912
5996911
5996910
5996909
5996908
5996907
5996906
5996905
5996904
5996903
5996902
5996901
5996900
5996899
5996898
5996897
5996896
5996895
5996894
5996893
5996892
5996891
5996890
5996889
5996888
5996887
5996886
5996885
5996884
5996883
5996882
5996881
5996880
5996879
5996878
5996877
5996876
5996875
5996874
5996873
5996872
5996871
5996870
5996869
5996868
5996867
5996866
5996865
5996864
5996863
5996862
5996861
5996860
5996859
5996858
5996857
5996856
5996855
5996854
5996853
5996852
5996851
5996850
5996849
5996848
5996847
5996846
5996845
5996844
5996843
5996842
5996841
5996840
5996839
5996838
5996837
5996836
5996835
5996834
5996833
5996832
5996831
5996830
5996829
5996828
5996827
5996826
5996825
5996824
5996823
5996822
5996821
5996820
5996819
5996818
5996817
5996816
5996815
5996814
5996813
5996812
5996811
5996810
5996809
5996808
5996807
5996806
5996805
5996804
5996803
5996802
5996801
5996800
5996799
5996798
5996797
5996796
5996795
5996794
5996793
5996792
5996791
5996790
5996789
5996788
5996787
5996786
5996785
5996784
5996783
5996782
5996781
5996780
5996779
5996778
5996777
5996776
5996775
5996774
5996773
5996772
5996771
5996770
5996769
5996768
5996767
5996766
5996765
5996764
5996763
5996762
5996761
5996760
5996759
5996758
5996757
5996756
5996755
5996754
5996753
5996752
5996751
5996750
5996749
5996748
5996747
5996746
5996745
5996744
5996743
5996742
5996741
5996740
5996739
5996738
5996737
5996736
5996735
5996734
5996733
5996732
5996731
5996730
5996729
5996728
5996727
5996726
5996725
5996724
5996723
5996722
5996721
5996720
5996719
5996718
5996717
5996716
5996715
5996714
5996713
5996712
5996711
5996710
5996709
5996708
5996707
5996706
5996705
5996704
5996703
5996702
5996701
5996700
5996699
5996698
5996697
5996696
5996695
5996694
5996693
5996692
5996691
5996690
5996689
5996688
5996687
5996686
5996685
5996684
5996683
5996682
5996681
5996680
5996679
5996678
5996677
5996676
5996675
5996674
5996673
5996672
5996671
5996670
5996669
5996668
5996667
5996666
5996665
5996664
5996663
5996662
5996661
5996660
5996659
5996658
5996657
5996656
5996655
5996654
5996653
5996652
5996651
5996650
5996649
5996648
5996647
5996646
5996645
5996644
5996643
5996642
5996641
5996640
5996639
5996638
5996637
5996636
5996635
5996634
5996633
5996632
5996631
5996630
5996629
5996628
5996627
5996626
5996625
5996624
5996623
5996622
5996621
5996620
5996619
5996618
5996617
5996616
5996615
5996614
5996613
5996612
5996611
5996610
5996609
5996608
5996607
5996606
5996605
5996604
5996603
5996602
5996601
5996600
5996599
5996598
5996597
5996596
5996595
5996594
5996593
5996592
5996591
5996590
5996589
5996588
5996587
5996586
5996585
5996584
5996583
5996582
5996581
5996580
5996579
5996578
5996577
5996576
5996575
5996574
5996573
5996572
5996571
5996570
5996569
5996568
5996567
5996566
5996565
5996564
5996563
5996562
5996561
5996560
5996559
5996558
5996557
5996556
5996555
5996554
5996553
5996552
5996551
5996550
5996549
5996548
5996547
5996546
5996545
5996544
5996543
5996542
5996541
5996540
5996539
5996538
5996537
5996536
5996535
5996534
5996533
5996532
5996531
5996530
5996529
5996528
5996527
5996526
5996525
5996524
5996523
5996522
5996521
5996520
5996519
5996518
5996517
5996516
5996515
5996514
5996513
5996512
5996511
5996510
5996509
5996508
5996507
5996506
5996505
5996504
5996503
5996502
5996501
5996500
5996499
5996498
5996497
5996496
5996495
5996494
5996493
5996492
5996491
5996490
5996489
5996488
5996487
5996486
5996485
5996484
5996483
5996482
5996481
5996480
5996479
5996478
5996477
5996476
5996475
5996474
5996473
5996472
5996471
5996470
5996469
5996468
5996467
5996466
5996465
5996464
5996463
5996462
5996461
5996460
5996459
5996458
5996457
5996456
5996455
5996454
5996453
5996452
5996451
5996450
5996449
5996448
5996447
5996446
5996445
5996444
5996443
5996442
5996441
5996440
5996439
5996438
5996437
5996436
5996435
5996434
5996433
5996432
5996431
5996430
5996429
5996428
5996427
5996426
5996425
5996424
5996423
5996422
5996421
5996420
5996419
5996418
5996417
5996416
5996415
5996414
5996413
5996412
5996411
5996410
5996409
5996408
5996407
5996406
5996405
5996404
5996403
5996402
5996401
5996400
5996399
5996398
5996397
5996396
5996395
5996394
5996393
5996392
5996391
5996390
5996389
5996388
5996387
5996386
5996385
5996384
5996383
5996382
5996381
5996380
5996379
5996378
5996377
5996376
5996375
5996374
5996373
5996372
5996371
5996370
5996369
5996368
5996367
5996366
5996365
5996364
5996363
5996362
5996361
5996360
5996359
5996358
5996357
5996356
5996355
5996354
5996353
5996352
5996351
5996350
5996349
5996348
5996347
5996346
5996345
5996344
5996343
5996342
5996341
5996340
5996339
5996338
5996337
5996336
5996335
5996334
5996333
5996332
5996331
5996330
5996329
5996328
5996327
5996326
5996325
5996324
5996323
5996322
5996321
5996320
5996319
5996318
5996317
5996316
5996315
5996314
5996313
5996312
5996311
5996310
5996309
5996308
5996307
5996306
5996305
5996304
5996303
5996302
5996301
5996300
5996299
5996298
5996297
5996296
5996295
5996294
5996293
5996292
5996291
5996290
5996289
5996288
5996287
5996286
5996285
5996284
5996283
5996282
5996281
5996280
5996279
5996278
5996277
5996276
5996275
5996274
5996273
5996272
5996271
5996270
5996269
5996268
5996267
5996266
5996265
5996264
5996263
5996262
5996261
5996260
5996259
5996258
5996257
5996256
5996255
5996254
5996253
5996252
5996251
5996250
5996249
5996248
5996247
5996246
5996245
5996244
5996243
5996242
5996241
5996240
5996239
5996238
5996237
5996236
5996235
5996234
5996233
5996232
5996231
5996230
5996229
5996228
5996227
5996226
5996225
5996224
5996223
5996222
5996221
5996220
5996219
5996218
5996217
5996216
5996215
5996214
5996213
5996212
5996211
5996210
5996209
5996208
5996207
5996206
5996205
5996204
5996203
5996202
5996201
5996200
5996199
5996198
5996197
5996196
5996195
5996194
5996193
5996192
5996191
5996190
5996189
5996188
5996187
5996186
5996185
5996184
5996183
5996182
5996181
5996180
5996179
5996178
5996177
5996176
5996175
5996174
5996173
5996172
5996171
5996170
5996169
5996168
5996167
5996166
5996165
5996164
5996163
5996162
5996161
5996160
5996159
5996158
5996157
5996156
5996155
5996154
5996153
5996152
5996151
5996150
5996149
5996148
5996147
5996146
5996145
5996144
5996143
5996142
5996141
5996140
5996139
5996138
5996137
5996136
5996135
5996134
5996133
5996132
5996131
5996130
5996129
5996128
5996127
5996126
5996125
5996124
5996123
5996122
5996121
5996120
5996119
5996118
5996117
5996116
5996115
5996114
5996113
5996112
5996111
5996110
5996109
5996108
5996107
5996106
5996105
5996104
5996103
5996102
5996101
5996100
5996099
5996098
5996097
5996096
5996095
5996094
5996093
5996092
5996091
5996090
5996089
5996088
5996087
5996086
5996085
5996084
5996083
5996082
5996081
5996080
5996079
5996078
5996077
5996076
5996075
5996074
5996073
5996072
5996071
5996070
5996069
5996068
5996067
5996066
5996065
5996064
5996063
5996062
5996061
5996060
5996059
5996058
5996057
5996056
5996055
5996054
5996053
5996052
5996051
5996050
5996049
5996048
5996047
5996046
5996045
5996044
5996043
5996042
5996041
5996040
5996039
5996038
5996037
5996036
5996035
5996034
5996033
5996032
5996031
5996030
5996029
5996028
5996027
5996026
5996025
5996024
5996023
5996022
5996021
5996020
5996019
5996018
5996017
5996016
5996015
5996014
5996013
5996012
5996011
5996010
5996009
5996008
5996007
5996006
5996005
5996004
5996003
5996002
5996001
5996000
5995999
5995998
5995997
5995996
5995995
5995994
5995993
5995992
5995991
5995990
5995989
5995988
5995987
5995986
5995985
5995984
5995983
5995982
5995981
5995980
5995979
5995978
5995977
5995976
5995975
5995974
5995973
5995972
5995971
5995970
5995969
5995968
5995967
5995966
5995965
5995964
5995963
5995962
5995961
5995960
5995959
5995958
5995957
5995956
5995955
5995954
5995953
5995952
5995951
5995950
5995949
5995948
5995947
5995946
5995945
5995944
5995943
5995942
5995941
5995940
5995939
5995938
5995937
5995936
5995935
5995934
5995933
5995932
5995931
5995930
5995929
5995928
5995927
5995926
5995925
5995924
5995923
5995922
5995921
5995920
5995919
5995918
5995917
5995916
5995915
5995914
5995913
5995912
5995911
5995910
5995909
5995908
5995907
5995906
5995905
5995904
5995903
5995902
5995901
5995900
5995899
5995898
5995897
5995896
5995895
5995894
5995893
5995892
5995891
5995890
5995889
5995888
5995887
5995886
5995885
5995884
5995883
5995882
5995881
5995880
5995879
5995878
5995877
5995876
5995875
5995874
5995873
5995872
5995871
5995870
5995869
5995868
5995867
5995866
5995865
5995864
5995863
5995862
5995861
5995860
5995859
5995858
5995857
5995856
5995855
5995854
5995853
5995852
5995851
5995850
5995849
5995848
5995847
5995846
5995845
5995844
5995843
5995842
5995841
5995840
5995839
5995838
5995837
5995836
5995835
5995834
5995833
5995832
5995831
5995830
5995829
5995828
5995827
5995826
5995825
5995824
5995823
5995822
5995821
5995820
5995819
5995818
5995817
5995816
5995815
5995814
5995813
5995812
5995811
5995810
5995809
5995808
5995807
5995806
5995805
5995804
5995803
5995802
5995801
5995800
5995799
5995798
5995797
5995796
5995795
5995794
5995793
5995792
5995791
5995790
5995789
5995788
5995787
5995786
5995785
5995784
5995783
5995782
5995781
5995780
5995779
5995778
5995777
5995776
5995775
5995774
5995773
5995772
5995771
5995770
5995769
5995768
5995767
5995766
5995765
5995764
5995763
5995762
5995761
5995760
5995759
5995758
5995757
5995756
5995755
5995754
5995753
5995752
5995751
5995750
5995749
5995748
5995747
5995746
5995745
5995744
5995743
5995742
5995741
5995740
5995739
5995738
5995737
5995736
5995735
5995734
5995733
5995732
5995731
5995730
5995729
5995728
5995727
5995726
5995725
5995724
5995723
5995722
5995721
5995720
5995719
5995718
5995717
5995716
5995715
5995714
5995713
5995712
5995711
5995710
5995709
5995708
5995707
5995706
5995705
5995704
5995703
5995702
5995701
5995700
5995699
5995698
5995697
5995696
5995695
5995694
5995693
5995692
5995691
5995690
5995689
5995688
5995687
5995686
5995685
5995684
5995683
5995682
5995681
5995680
5995679
5995678
5995677
5995676
5995675
5995674
5995673
5995672
5995671
5995670
5995669
5995668
5995667
5995666
5995665
5995664
5995663
5995662
5995661
5995660
5995659
5995658
5995657
5995656
5995655
5995654
5995653
5995652
5995651
5995650
5995649
5995648
5995647
5995646
5995645
5995644
5995643
5995642
5995641
5995640
5995639
5995638
5995637
5995636
5995635
5995634
5995633
5995632
5995631
5995630
5995629
5995628
5995627
5995626
5995625
5995624
5995623
5995622
5995621
5995620
5995619
5995618
5995617
5995616
5995615
5995614
5995613
5995612
5995611
5995610
5995609
5995608
5995607
5995606
5995605
5995604
5995603
5995602
5995601
5995600
5995599
5995598
5995597
5995596
5995595
5995594
5995593
5995592
5995591
5995590
5995589
5995588
5995587
5995586
5995585
5995584
5995583
5995582
5995581
5995580
5995579
5995578
5995577
5995576
5995575
5995574
5995573
5995572
5995571
5995570
5995569
5995568
5995567
5995566
5995565
5995564
5995563
5995562
5995561
5995560
5995559
5995558
5995557
5995556
5995555
5995554
5995553
5995552
5995551
5995550
5995549
5995548
5995547
5995546
5995545
5995544
5995543
5995542
5995541
5995540
5995539
5995538
5995537
5995536
5995535
5995534
5995533
5995532
5995531
5995530
5995529
5995528
5995527
5995526
5995525
5995524
5995523
5995522
5995521
5995520
5995519
5995518
5995517
5995516
5995515
5995514
5995513
5995512
5995511
5995510
5995509
5995508
5995507
5995506
5995505
5995504
5995503
5995502
5995501
5995500
5995499
5995498
5995497
5995496
5995495
5995494
5995493
5995492
5995491
5995490
5995489
5995488
5995487
5995486
5995485
5995484
5995483
5995482
5995481
5995480
5995479
5995478
5995477
5995476
5995475
5995474
5995473
5995472
5995471
5995470
5995469
5995468
5995467
5995466
5995465
5995464
5995463
5995462
5995461
5995460
5995459
5995458
5995457
5995456
5995455
5995454
5995453
5995452
5995451
5995450
5995449
5995448
5995447
5995446
5995445
5995444
5995443
5995442
5995441
5995440
5995439
5995438
5995437
5995436
5995435
5995434
5995433
5995432
5995431
5995430
5995429
5995428
5995427
5995426
5995425
5995424
5995423
5995422
5995421
5995420
5995419
5995418
5995417
5995416
5995415
5995414
5995413
5995412
5995411
5995410
5995409
5995408
5995407
5995406
5995405
5995404
5995403
5995402
5995401
5995400
5995399
5995398
5995397
5995396
5995395
5995394
5995393
5995392
5995391
5995390
5995389
5995388
5995387
5995386
5995385
5995384
5995383
5995382
5995381
5995380
5995379
5995378
5995377
5995376
5995375
5995374
5995373
5995372
5995371
5995370
5995369
5995368
5995367
5995366
5995365
5995364
5995363
5995362
5995361
5995360
5995359
5995358
5995357
5995356
5995355
5995354
5995353
5995352
5995351
5995350
5995349
5995348
5995347
5995346
5995345
5995344
5995343
5995342
5995341
5995340
5995339
5995338
5995337
5995336
5995335
5995334
5995333
5995332
5995331
5995330
5995329
5995328
5995327
5995326
5995325
5995324
5995323
5995322
5995321
5995320
5995319
5995318
5995317
5995316
5995315
5995314
5995313
5995312
5995311
5995310
5995309
5995308
5995307
5995306
5995305
5995304
5995303
5995302
5995301
5995300
5995299
5995298
5995297
5995296
5995295
5995294
5995293
5995292
5995291
5995290
5995289
5995288
5995287
5995286
5995285
5995284
5995283
5995282
5995281
5995280
5995279
5995278
5995277
5995276
5995275
5995274
5995273
5995272
5995271
5995270
5995269
5995268
5995267
5995266
5995265
5995264
5995263
5995262
5995261
5995260
5995259
5995258
5995257
5995256
5995255
5995254
5995253
5995252
5995251
5995250
5995249
5995248
5995247
5995246
5995245
5995244
5995243
5995242
5995241
5995240
5995239
5995238
5995237
5995236
5995235
5995234
5995233
5995232
5995231
5995230
5995229
5995228
5995227
5995226
5995225
5995224
5995223
5995222
5995221
5995220
5995219
5995218
5995217
5995216
5995215
5995214
5995213
5995212
5995211
5995210
5995209
5995208
5995207
5995206
5995205
5995204
5995203
5995202
5995201
5995200
5995199
5995198
5995197
5995196
5995195
5995194
5995193
5995192
5995191
5995190
5995189
5995188
5995187
5995186
5995185
5995184
5995183
5995182
5995181
5995180
5995179
5995178
5995177
5995176
5995175
5995174
5995173
5995172
5995171
5995170
5995169
5995168
5995167
5995166
5995165
5995164
5995163
5995162
5995161
5995160
5995159
5995158
5995157
5995156
5995155
5995154
5995153
5995152
5995151
5995150
5995149
5995148
5995147
5995146
5995145
5995144
5995143
5995142
5995141
5995140
5995139
5995138
5995137
5995136
5995135
5995134
5995133
5995132
5995131
5995130
5995129
5995128
5995127
5995126
5995125
5995124
5995123
5995122
5995121
5995120
5995119
5995118
5995117
5995116
5995115
5995114
5995113
5995112
5995111
5995110
5995109
5995108
5995107
5995106
5995105
5995104
5995103
5995102
5995101
5995100
5995099
5995098
5995097
5995096
5995095
5995094
5995093
5995092
5995091
5995090
5995089
5995088
5995087
5995086
5995085
5995084
5995083
5995082
5995081
5995080
5995079
5995078
5995077
5995076
5995075
5995074
5995073
5995072
5995071
5995070
5995069
5995068
5995067
5995066
5995065
5995064
5995063
5995062
5995061
5995060
5995059
5995058
5995057
5995056
5995055
5995054
5995053
5995052
5995051
5995050
5995049
5995048
5995047
5995046
5995045
5995044
5995043
5995042
5995041
5995040
5995039
5995038
5995037
5995036
5995035
5995034
5995033
5995032
5995031
5995030
5995029
5995028
5995027
5995026
5995025
5995024
5995023
5995022
5995021
5995020
5995019
5995018
5995017
5995016
5995015
5995014
5995013
5995012
5995011
5995010
5995009
5995008
5995007
5995006
5995005
5995004
5995003
5995002
5995001
5995000
5994999
5994998
5994997
5994996
5994995
5994994
5994993
5994992
5994991
5994990
5994989
5994988
5994987
5994986
5994985
5994984
5994983
5994982
5994981
5994980
5994979
5994978
5994977
5994976
5994975
5994974
5994973
5994972
5994971
5994970
5994969
5994968
5994967
5994966
5994965
5994964
5994963
5994962
5994961
5994960
5994959
5994958
5994957
5994956
5994955
5994954
5994953
5994952
5994951
5994950
5994949
5994948
5994947
5994946
5994945
5994944
5994943
5994942
5994941
5994940
5994939
5994938
5994937
5994936
5994935
5994934
5994933
5994932
5994931
5994930
5994929
5994928
5994927
5994926
5994925
5994924
5994923
5994922
5994921
5994920
5994919
5994918
5994917
5994916
5994915
5994914
5994913
5994912
5994911
5994910
5994909
5994908
5994907
5994906
5994905
5994904
5994903
5994902
5994901
5994900
5994899
5994898
5994897
5994896
5994895
5994894
5994893
5994892
5994891
5994890
5994889
5994888
5994887
5994886
5994885
5994884
5994883
5994882
5994881
5994880
5994879
5994878
5994877
5994876
5994875
5994874
5994873
5994872
5994871
5994870
5994869
5994868
5994867
5994866
5994865
5994864
5994863
5994862
5994861
5994860
5994859
5994858
5994857
5994856
5994855
5994854
5994853
5994852
5994851
5994850
5994849
5994848
5994847
5994846
5994845
5994844
5994843
5994842
5994841
5994840
5994839
5994838
5994837
5994836
5994835
5994834
5994833
5994832
5994831
5994830
5994829
5994828
5994827
5994826
5994825
5994824
5994823
5994822
5994821
5994820
5994819
5994818
5994817
5994816
5994815
5994814
5994813
5994812
5994811
5994810
5994809
5994808
5994807
5994806
5994805
5994804
5994803
5994802
5994801
5994800
5994799
5994798
5994797
5994796
5994795
5994794
5994793
5994792
5994791
5994790
5994789
5994788
5994787
5994786
5994785
5994784
5994783
5994782
5994781
5994780
5994779
5994778
5994777
5994776
5994775
5994774
5994773
5994772
5994771
5994770
5994769
5994768
5994767
5994766
5994765
5994764
5994763
5994762
5994761
5994760
5994759
5994758
5994757
5994756
5994755
5994754
5994753
5994752
5994751
5994750
5994749
5994748
5994747
5994746
5994745
5994744
5994743
5994742
5994741
5994740
5994739
5994738
5994737
5994736
5994735
5994734
5994733
5994732
5994731
5994730
5994729
5994728
5994727
5994726
5994725
5994724
5994723
5994722
5994721
5994720
5994719
5994718
5994717
5994716
5994715
5994714
5994713
5994712
5994711
5994710
5994709
5994708
5994707
5994706
5994705
5994704
5994703
5994702
5994701
5994700
5994699
5994698
5994697
5994696
5994695
5994694
5994693
5994692
5994691
5994690
5994689
5994688
5994687
5994686
5994685
5994684
5994683
5994682
5994681
5994680
5994679
5994678
5994677
5994676
5994675
5994674
5994673
5994672
5994671
5994670
5994669
5994668
5994667
5994666
5994665
5994664
5994663
5994662
5994661
5994660
5994659
5994658
5994657
5994656
5994655
5994654
5994653
5994652
5994651
5994650
5994649
5994648
5994647
5994646
5994645
5994644
5994643
5994642
5994641
5994640
5994639
5994638
5994637
5994636
5994635
5994634
5994633
5994632
5994631
5994630
5994629
5994628
5994627
5994626
5994625
5994624
5994623
5994622
5994621
5994620
5994619
5994618
5994617
5994616
5994615
5994614
5994613
5994612
5994611
5994610
5994609
5994608
5994607
5994606
5994605
5994604
5994603
5994602
5994601
5994600
5994599
5994598
5994597
5994596
5994595
5994594
5994593
5994592
5994591
5994590
5994589
5994588
5994587
5994586
5994585
5994584
5994583
5994582
5994581
5994580
5994579
5994578
5994577
5994576
5994575
5994574
5994573
5994572
5994571
5994570
5994569
5994568
5994567
5994566
5994565
5994564
5994563
5994562
5994561
5994560
5994559
5994558
5994557
5994556
5994555
5994554
5994553
5994552
5994551
5994550
5994549
5994548
5994547
5994546
5994545
5994544
5994543
5994542
5994541
5994540
5994539
5994538
5994537
5994536
5994535
5994534
5994533
5994532
5994531
5994530
5994529
5994528
5994527
5994526
5994525
5994524
5994523
5994522
5994521
5994520
5994519
5994518
5994517
5994516
5994515
5994514
5994513
5994512
5994511
5994510
5994509
5994508
5994507
5994506
5994505
5994504
5994503
5994502
5994501
5994500
5994499
5994498
5994497
5994496
5994495
5994494
5994493
5994492
5994491
5994490
5994489
5994488
5994487
5994486
5994485
5994484
5994483
5994482
5994481
5994480
5994479
5994478
5994477
5994476
5994475
5994474
5994473
5994472
5994471
5994470
5994469
5994468
5994467
5994466
5994465
5994464
5994463
5994462
5994461
5994460
5994459
5994458
5994457
5994456
5994455
5994454
5994453
5994452
5994451
5994450
5994449
5994448
5994447
5994446
5994445
5994444
5994443
5994442
5994441
5994440
5994439
5994438
5994437
5994436
5994435
5994434
5994433
5994432
5994431
5994430
5994429
5994428
5994427
5994426
5994425
5994424
5994423
5994422
5994421
5994420
5994419
5994418
5994417
5994416
5994415
5994414
5994413
5994412
5994411
5994410
5994409
5994408
5994407
5994406
5994405
5994404
5994403
5994402
5994401
5994400
5994399
5994398
5994397
5994396
5994395
5994394
5994393
5994392
5994391
5994390
5994389
5994388
5994387
5994386
5994385
5994384
5994383
5994382
5994381
5994380
5994379
5994378
5994377
5994376
5994375
5994374
5994373
5994372
5994371
5994370
5994369
5994368
5994367
5994366
5994365
5994364
5994363
5994362
5994361
5994360
5994359
5994358
5994357
5994356
5994355
5994354
5994353
5994352
5994351
5994350
5994349
5994348
5994347
5994346
5994345
5994344
5994343
5994342
5994341
5994340
5994339
5994338
5994337
5994336
5994335
5994334
5994333
5994332
5994331
5994330
5994329
5994328
5994327
5994326
5994325
5994324
5994323
5994322
5994321
5994320
5994319
5994318
5994317
5994316
5994315
5994314
5994313
5994312
5994311
5994310
5994309
5994308
5994307
5994306
5994305
5994304
5994303
5994302
5994301
5994300
5994299
5994298
5994297
5994296
5994295
5994294
5994293
5994292
5994291
5994290
5994289
5994288
5994287
5994286
5994285
5994284
5994283
5994282
5994281
5994280
5994279
5994278
5994277
5994276
5994275
5994274
5994273
5994272
5994271
5994270
5994269
5994268
5994267
5994266
5994265
5994264
5994263
5994262
5994261
5994260
5994259
5994258
5994257
5994256
5994255
5994254
5994253
5994252
5994251
5994250
5994249
5994248
5994247
5994246
5994245
5994244
5994243
5994242
5994241
5994240
5994239
5994238
5994237
5994236
5994235
5994234
5994233
5994232
5994231
5994230
5994229
5994228
5994227
5994226
5994225
5994224
5994223
5994222
5994221
5994220
5994219
5994218
5994217
5994216
5994215
5994214
5994213
5994212
5994211
5994210
5994209
5994208
5994207
5994206
5994205
5994204
5994203
5994202
5994201
5994200
5994199
5994198
5994197
5994196
5994195
5994194
5994193
5994192
5994191
5994190
5994189
5994188
5994187
5994186
5994185
5994184
5994183
5994182
5994181
5994180
5994179
5994178
5994177
5994176
5994175
5994174
5994173
5994172
5994171
5994170
5994169
5994168
5994167
5994166
5994165
5994164
5994163
5994162
5994161
5994160
5994159
5994158
5994157
5994156
5994155
5994154
5994153
5994152
5994151
5994150
5994149
5994148
5994147
5994146
5994145
5994144
5994143
5994142
5994141
5994140
5994139
5994138
5994137
5994136
5994135
5994134
5994133
5994132
5994131
5994130
5994129
5994128
5994127
5994126
5994125
5994124
5994123
5994122
5994121
5994120
5994119
5994118
5994117
5994116
5994115
5994114
5994113
5994112
5994111
5994110
5994109
5994108
5994107
5994106
5994105
5994104
5994103
5994102
5994101
5994100
5994099
5994098
5994097
5994096
5994095
5994094
5994093
5994092
5994091
5994090
5994089
5994088
5994087
5994086
5994085
5994084
5994083
5994082
5994081
5994080
5994079
5994078
5994077
5994076
5994075
5994074
5994073
5994072
5994071
5994070
5994069
5994068
5994067
5994066
5994065
5994064
5994063
5994062
5994061
5994060
5994059
5994058
5994057
5994056
5994055
5994054
5994053
5994052
5994051
5994050
5994049
5994048
5994047
5994046
5994045
5994044
5994043
5994042
5994041
5994040
5994039
5994038
5994037
5994036
5994035
5994034
5994033
5994032
5994031
5994030
5994029
5994028
5994027
5994026
5994025
5994024
5994023
5994022
5994021
5994020
5994019
5994018
5994017
5994016
5994015
5994014
5994013
5994012
5994011
5994010
5994009
5994008
5994007
5994006
5994005
5994004
5994003
5994002
5994001
5994000
5993999
5993998
5993997
5993996
5993995
5993994
5993993
5993992
5993991
5993990
5993989
5993988
5993987
5993986
5993985
5993984
5993983
5993982
5993981
5993980
5993979
5993978
5993977
5993976
5993975
5993974
5993973
5993972
5993971
5993970
5993969
5993968
5993967
5993966
5993965
5993964
5993963
5993962
5993961
5993960
5993959
5993958
5993957
5993956
5993955
5993954
5993953
5993952
5993951
5993950
5993949
5993948
5993947
5993946
5993945
5993944
5993943
5993942
5993941
5993940
5993939
5993938
5993937
5993936
5993935
5993934
5993933
5993932
5993931
5993930
5993929
5993928
5993927
5993926
5993925
5993924
5993923
5993922
5993921
5993920
5993919
5993918
5993917
5993916
5993915
5993914
5993913
5993912
5993911
5993910
5993909
5993908
5993907
5993906
5993905
5993904
5993903
5993902
5993901
5993900
5993899
5993898
5993897
5993896
5993895
5993894
5993893
5993892
5993891
5993890
5993889
5993888
5993887
5993886
5993885
5993884
5993883
5993882
5993881
5993880
5993879
5993878
5993877
5993876
5993875
5993874
5993873
5993872
5993871
5993870
5993869
5993868
5993867
5993866
5993865
5993864
5993863
5993862
5993861
5993860
5993859
5993858
5993857
5993856
5993855
5993854
5993853
5993852
5993851
5993850
5993849
5993848
5993847
5993846
5993845
5993844
5993843
5993842
5993841
5993840
5993839
5993838
5993837
5993836
5993835
5993834
5993833
5993832
5993831
5993830
5993829
5993828
5993827
5993826
5993825
5993824
5993823
5993822
5993821
5993820
5993819
5993818
5993817
5993816
5993815
5993814
5993813
5993812
5993811
5993810
5993809
5993808
5993807
5993806
5993805
5993804
5993803
5993802
5993801
5993800
5993799
5993798
5993797
5993796
5993795
5993794
5993793
5993792
5993791
5993790
5993789
5993788
5993787
5993786
5993785
5993784
5993783
5993782
5993781
5993780
5993779
5993778
5993777
5993776
5993775
5993774
5993773
5993772
5993771
5993770
5993769
5993768
5993767
5993766
5993765
5993764
5993763
5993762
5993761
5993760
5993759
5993758
5993757
5993756
5993755
5993754
5993753
5993752
5993751
5993750
5993749
5993748
5993747
5993746
5993745
5993744
5993743
5993742
5993741
5993740
5993739
5993738
5993737
5993736
5993735
5993734
5993733
5993732
5993731
5993730
5993729
5993728
5993727
5993726
5993725
5993724
5993723
5993722
5993721
5993720
5993719
5993718
5993717
5993716
5993715
5993714
5993713
5993712
5993711
5993710
5993709
5993708
5993707
5993706
5993705
5993704
5993703
5993702
5993701
5993700
5993699
5993698
5993697
5993696
5993695
5993694
5993693
5993692
5993691
5993690
5993689
5993688
5993687
5993686
5993685
5993684
5993683
5993682
5993681
5993680
5993679
5993678
5993677
5993676
5993675
5993674
5993673
5993672
5993671
5993670
5993669
5993668
5993667
5993666
5993665
5993664
5993663
5993662
5993661
5993660
5993659
5993658
5993657
5993656
5993655
5993654
5993653
5993652
5993651
5993650
5993649
5993648
5993647
5993646
5993645
5993644
5993643
5993642
5993641
5993640
5993639
5993638
5993637
5993636
5993635
5993634
5993633
5993632
5993631
5993630
5993629
5993628
5993627
5993626
5993625
5993624
5993623
5993622
5993621
5993620
5993619
5993618
5993617
5993616
5993615
5993614
5993613
5993612
5993611
5993610
5993609
5993608
5993607
5993606
5993605
5993604
5993603
5993602
5993601
5993600
5993599
5993598
5993597
5993596
5993595
5993594
5993593
5993592
5993591
5993590
5993589
5993588
5993587
5993586
5993585
5993584
5993583
5993582
5993581
5993580
5993579
5993578
5993577
5993576
5993575
5993574
5993573
5993572
5993571
5993570
5993569
5993568
5993567
5993566
5993565
5993564
5993563
5993562
5993561
5993560
5993559
5993558
5993557
5993556
5993555
5993554
5993553
5993552
5993551
5993550
5993549
5993548
5993547
5993546
5993545
5993544
5993543
5993542
5993541
5993540
5993539
5993538
5993537
5993536
5993535
5993534
5993533
5993532
5993531
5993530
5993529
5993528
5993527
5993526
5993525
5993524
5993523
5993522
5993521
5993520
5993519
5993518
5993517
5993516
5993515
5993514
5993513
5993512
5993511
5993510
5993509
5993508
5993507
5993506
5993505
5993504
5993503
5993502
5993501
5993500
5993499
5993498
5993497
5993496
5993495
5993494
5993493
5993492
5993491
5993490
5993489
5993488
5993487
5993486
5993485
5993484
5993483
5993482
5993481
5993480
5993479
5993478
5993477
5993476
5993475
5993474
5993473
5993472
5993471
5993470
5993469
5993468
5993467
5993466
5993465
5993464
5993463
5993462
5993461
5993460
5993459
5993458
5993457
5993456
5993455
5993454
5993453
5993452
5993451
5993450
5993449
5993448
5993447
5993446
5993445
5993444
5993443
5993442
5993441
5993440
5993439
5993438
5993437
5993436
5993435
5993434
5993433
5993432
5993431
5993430
5993429
5993428
5993427
5993426
5993425
5993424
5993423
5993422
5993421
5993420
5993419
5993418
5993417
5993416
5993415
5993414
5993413
5993412
5993411
5993410
5993409
5993408
5993407
5993406
5993405
5993404
5993403
5993402
5993401
5993400
5993399
5993398
5993397
5993396
5993395
5993394
5993393
5993392
5993391
5993390
5993389
5993388
5993387
5993386
5993385
5993384
5993383
5993382
5993381
5993380
5993379
5993378
5993377
5993376
5993375
5993374
5993373
5993372
5993371
5993370
5993369
5993368
5993367
5993366
5993365
5993364
5993363
5993362
5993361
5993360
5993359
5993358
5993357
5993356
5993355
5993354
5993353
5993352
5993351
5993350
5993349
5993348
5993347
5993346
5993345
5993344
5993343
5993342
5993341
5993340
5993339
5993338
5993337
5993336
5993335
5993334
5993333
5993332
5993331
5993330
5993329
5993328
5993327
5993326
5993325
5993324
5993323
5993322
5993321
5993320
5993319
5993318
5993317
5993316
5993315
5993314
5993313
5993312
5993311
5993310
5993309
5993308
5993307
5993306
5993305
5993304
5993303
5993302
5993301
5993300
5993299
5993298
5993297
5993296
5993295
5993294
5993293
5993292
5993291
5993290
5993289
5993288
5993287
5993286
5993285
5993284
5993283
5993282
5993281
5993280
5993279
5993278
5993277
5993276
5993275
5993274
5993273
5993272
5993271
5993270
5993269
5993268
5993267
5993266
5993265
5993264
5993263
5993262
5993261
5993260
5993259
5993258
5993257
5993256
5993255
5993254
5993253
5993252
5993251
5993250
5993249
5993248
5993247
5993246
5993245
5993244
5993243
5993242
5993241
5993240
5993239
5993238
5993237
5993236
5993235
5993234
5993233
5993232
5993231
5993230
5993229
5993228
5993227
5993226
5993225
5993224
5993223
5993222
5993221
5993220
5993219
5993218
5993217
5993216
5993215
5993214
5993213
5993212
5993211
5993210
5993209
5993208
5993207
5993206
5993205
5993204
5993203
5993202
5993201
5993200
5993199
5993198
5993197
5993196
5993195
5993194
5993193
5993192
5993191
5993190
5993189
5993188
5993187
5993186
5993185
5993184
5993183
5993182
5993181
5993180
5993179
5993178
5993177
5993176
5993175
5993174
5993173
5993172
5993171
5993170
5993169
5993168
5993167
5993166
5993165
5993164
5993163
5993162
5993161
5993160
5993159
5993158
5993157
5993156
5993155
5993154
5993153
5993152
5993151
5993150
5993149
5993148
5993147
5993146
5993145
5993144
5993143
5993142
5993141
5993140
5993139
5993138
5993137
5993136
5993135
5993134
5993133
5993132
5993131
5993130
5993129
5993128
5993127
5993126
5993125
5993124
5993123
5993122
5993121
5993120
5993119
5993118
5993117
5993116
5993115
5993114
5993113
5993112
5993111
5993110
5993109
5993108
5993107
5993106
5993105
5993104
5993103
5993102
5993101
5993100
5993099
5993098
5993097
5993096
5993095
5993094
5993093
5993092
5993091
5993090
5993089
5993088
5993087
5993086
5993085
5993084
5993083
5993082
5993081
5993080
5993079
5993078
5993077
5993076
5993075
5993074
5993073
5993072
5993071
5993070
5993069
5993068
5993067
5993066
5993065
5993064
5993063
5993062
5993061
5993060
5993059
5993058
5993057
5993056
5993055
5993054
5993053
5993052
5993051
5993050
5993049
5993048
5993047
5993046
5993045
5993044
5993043
5993042
5993041
5993040
5993039
5993038
5993037
5993036
5993035
5993034
5993033
5993032
5993031
5993030
5993029
5993028
5993027
5993026
5993025
5993024
5993023
5993022
5993021
5993020
5993019
5993018
5993017
5993016
5993015
5993014
5993013
5993012
5993011
5993010
5993009
5993008
5993007
5993006
5993005
5993004
5993003
5993002
5993001
5993000
5992999
5992998
5992997
5992996
5992995
5992994
5992993
5992992
5992991
5992990
5992989
5992988
5992987
5992986
5992985
5992984
5992983
5992982
5992981
5992980
5992979
5992978
5992977
5992976
5992975
5992974
5992973
5992972
5992971
5992970
5992969
5992968
5992967
5992966
5992965
5992964
5992963
5992962
5992961
5992960
5992959
5992958
5992957
5992956
5992955
5992954
5992953
5992952
5992951
5992950
5992949
5992948
5992947
5992946
5992945
5992944
5992943
5992942
5992941
5992940
5992939
5992938
5992937
5992936
5992935
5992934
5992933
5992932
5992931
5992930
5992929
5992928
5992927
5992926
5992925
5992924
5992923
5992922
5992921
5992920
5992919
5992918
5992917
5992916
5992915
5992914
5992913
5992912
5992911
5992910
5992909
5992908
5992907
5992906
5992905
5992904
5992903
5992902
5992901
5992900
5992899
5992898
5992897
5992896
5992895
5992894
5992893
5992892
5992891
5992890
5992889
5992888
5992887
5992886
5992885
5992884
5992883
5992882
5992881
5992880
5992879
5992878
5992877
5992876
5992875
5992874
5992873
5992872
5992871
5992870
5992869
5992868
5992867
5992866
5992865
5992864
5992863
5992862
5992861
5992860
5992859
5992858
5992857
5992856
5992855
5992854
5992853
5992852
5992851
5992850
5992849
5992848
5992847
5992846
5992845
5992844
5992843
5992842
5992841
5992840
5992839
5992838
5992837
5992836
5992835
5992834
5992833
5992832
5992831
5992830
5992829
5992828
5992827
5992826
5992825
5992824
5992823
5992822
5992821
5992820
5992819
5992818
5992817
5992816
5992815
5992814
5992813
5992812
5992811
5992810
5992809
5992808
5992807
5992806
5992805
5992804
5992803
5992802
5992801
5992800
5992799
5992798
5992797
5992796
5992795
5992794
5992793
5992792
5992791
5992790
5992789
5992788
5992787
5992786
5992785
5992784
5992783
5992782
5992781
5992780
5992779
5992778
5992777
5992776
5992775
5992774
5992773
5992772
5992771
5992770
5992769
5992768
5992767
5992766
5992765
5992764
5992763
5992762
5992761
5992760
5992759
5992758
5992757
5992756
5992755
5992754
5992753
5992752
5992751
5992750
5992749
5992748
5992747
5992746
5992745
5992744
5992743
5992742
5992741
5992740
5992739
5992738
5992737
5992736
5992735
5992734
5992733
5992732
5992731
5992730
5992729
5992728
5992727
5992726
5992725
5992724
5992723
5992722
5992721
5992720
5992719
5992718
5992717
5992716
5992715
5992714
5992713
5992712
5992711
5992710
5992709
5992708
5992707
5992706
5992705
5992704
5992703
5992702
5992701
5992700
5992699
5992698
5992697
5992696
5992695
5992694
5992693
5992692
5992691
5992690
5992689
5992688
5992687
5992686
5992685
5992684
5992683
5992682
5992681
5992680
5992679
5992678
5992677
5992676
5992675
5992674
5992673
5992672
5992671
5992670
5992669
5992668
5992667
5992666
5992665
5992664
5992663
5992662
5992661
5992660
5992659
5992658
5992657
5992656
5992655
5992654
5992653
5992652
5992651
5992650
5992649
5992648
5992647
5992646
5992645
5992644
5992643
5992642
5992641
5992640
5992639
5992638
5992637
5992636
5992635
5992634
5992633
5992632
5992631
5992630
5992629
5992628
5992627
5992626
5992625
5992624
5992623
5992622
5992621
5992620
5992619
5992618
5992617
5992616
5992615
5992614
5992613
5992612
5992611
5992610
5992609
5992608
5992607
5992606
5992605
5992604
5992603
5992602
5992601
5992600
5992599
5992598
5992597
5992596
5992595
5992594
5992593
5992592
5992591
5992590
5992589
5992588
5992587
5992586
5992585
5992584
5992583
5992582
5992581
5992580
5992579
5992578
5992577
5992576
5992575
5992574
5992573
5992572
5992571
5992570
5992569
5992568
5992567
5992566
5992565
5992564
5992563
5992562
5992561
5992560
5992559
5992558
5992557
5992556
5992555
5992554
5992553
5992552
5992551
5992550
5992549
5992548
5992547
5992546
5992545
5992544
5992543
5992542
5992541
5992540
5992539
5992538
5992537
5992536
5992535
5992534
5992533
5992532
5992531
5992530
5992529
5992528
5992527
5992526
5992525
5992524
5992523
5992522
5992521
5992520
5992519
5992518
5992517
5992516
5992515
5992514
5992513
5992512
5992511
5992510
5992509
5992508
5992507
5992506
5992505
5992504
5992503
5992502
5992501
5992500
5992499
5992498
5992497
5992496
5992495
5992494
5992493
5992492
5992491
5992490
5992489
5992488
5992487
5992486
5992485
5992484
5992483
5992482
5992481
5992480
5992479
5992478
5992477
5992476
5992475
5992474
5992473
5992472
5992471
5992470
5992469
5992468
5992467
5992466
5992465
5992464
5992463
5992462
5992461
5992460
5992459
5992458
5992457
5992456
5992455
5992454
5992453
5992452
5992451
5992450
5992449
5992448
5992447
5992446
5992445
5992444
5992443
5992442
5992441
5992440
5992439
5992438
5992437
5992436
5992435
5992434
5992433
5992432
5992431
5992430
5992429
5992428
5992427
5992426
5992425
5992424
5992423
5992422
5992421
5992420
5992419
5992418
5992417
5992416
5992415
5992414
5992413
5992412
5992411
5992410
5992409
5992408
5992407
5992406
5992405
5992404
5992403
5992402
5992401
5992400
5992399
5992398
5992397
5992396
5992395
5992394
5992393
5992392
5992391
5992390
5992389
5992388
5992387
5992386
5992385
5992384
5992383
5992382
5992381
5992380
5992379
5992378
5992377
5992376
5992375
5992374
5992373
5992372
5992371
5992370
5992369
5992368
5992367
5992366
5992365
5992364
5992363
5992362
5992361
5992360
5992359
5992358
5992357
5992356
5992355
5992354
5992353
5992352
5992351
5992350
5992349
5992348
5992347
5992346
5992345
5992344
5992343
5992342
5992341
5992340
5992339
5992338
5992337
5992336
5992335
5992334
5992333
5992332
5992331
5992330
5992329
5992328
5992327
5992326
5992325
5992324
5992323
5992322
5992321
5992320
5992319
5992318
5992317
5992316
5992315
5992314
5992313
5992312
5992311
5992310
5992309
5992308
5992307
5992306
5992305
5992304
5992303
5992302
5992301
5992300
5992299
5992298
5992297
5992296
5992295
5992294
5992293
5992292
5992291
5992290
5992289
5992288
5992287
5992286
5992285
5992284
5992283
5992282
5992281
5992280
5992279
5992278
5992277
5992276
5992275
5992274
5992273
5992272
5992271
5992270
5992269
5992268
5992267
5992266
5992265
5992264
5992263
5992262
5992261
5992260
5992259
5992258
5992257
5992256
5992255
5992254
5992253
5992252
5992251
5992250
5992249
5992248
5992247
5992246
5992245
5992244
5992243
5992242
5992241
5992240
5992239
5992238
5992237
5992236
5992235
5992234
5992233
5992232
5992231
5992230
5992229
5992228
5992227
5992226
5992225
5992224
5992223
5992222
5992221
5992220
5992219
5992218
5992217
5992216
5992215
5992214
5992213
5992212
5992211
5992210
5992209
5992208
5992207
5992206
5992205
5992204
5992203
5992202
5992201
5992200
5992199
5992198
5992197
5992196
5992195
5992194
5992193
5992192
5992191
5992190
5992189
5992188
5992187
5992186
5992185
5992184
5992183
5992182
5992181
5992180
5992179
5992178
5992177
5992176
5992175
5992174
5992173
5992172
5992171
5992170
5992169
5992168
5992167
5992166
5992165
5992164
5992163
5992162
5992161
5992160
5992159
5992158
5992157
5992156
5992155
5992154
5992153
5992152
5992151
5992150
5992149
5992148
5992147
5992146
5992145
5992144
5992143
5992142
5992141
5992140
5992139
5992138
5992137
5992136
5992135
5992134
5992133
5992132
5992131
5992130
5992129
5992128
5992127
5992126
5992125
5992124
5992123
5992122
5992121
5992120
5992119
5992118
5992117
5992116
5992115
5992114
5992113
5992112
5992111
5992110
5992109
5992108
5992107
5992106
5992105
5992104
5992103
5992102
5992101
5992100
5992099
5992098
5992097
5992096
5992095
5992094
5992093
5992092
5992091
5992090
5992089
5992088
5992087
5992086
5992085
5992084
5992083
5992082
5992081
5992080
5992079
5992078
5992077
5992076
5992075
5992074
5992073
5992072
5992071
5992070
5992069
5992068
5992067
5992066
5992065
5992064
5992063
5992062
5992061
5992060
5992059
5992058
5992057
5992056
5992055
5992054
5992053
5992052
5992051
5992050
5992049
5992048
5992047
5992046
5992045
5992044
5992043
5992042
5992041
5992040
5992039
5992038
5992037
5992036
5992035
5992034
5992033
5992032
5992031
5992030
5992029
5992028
5992027
5992026
5992025
5992024
5992023
5992022
5992021
5992020
5992019
5992018
5992017
5992016
5992015
5992014
5992013
5992012
5992011
5992010
5992009
5992008
5992007
5992006
5992005
5992004
5992003
5992002
5992001
5992000
5991999
5991998
5991997
5991996
5991995
5991994
5991993
5991992
5991991
5991990
5991989
5991988
5991987
5991986
5991985
5991984
5991983
5991982
5991981
5991980
5991979
5991978
5991977
5991976
5991975
5991974
5991973
5991972
5991971
5991970
5991969
5991968
5991967
5991966
5991965
5991964
5991963
5991962
5991961
5991960
5991959
5991958
5991957
5991956
5991955
5991954
5991953
5991952
5991951
5991950
5991949
5991948
5991947
5991946
5991945
5991944
5991943
5991942
5991941
5991940
5991939
5991938
5991937
5991936
5991935
5991934
5991933
5991932
5991931
5991930
5991929
5991928
5991927
5991926
5991925
5991924
5991923
5991922
5991921
5991920
5991919
5991918
5991917
5991916
5991915
5991914
5991913
5991912
5991911
5991910
5991909
5991908
5991907
5991906
5991905
5991904
5991903
5991902
5991901
5991900
5991899
5991898
5991897
5991896
5991895
5991894
5991893
5991892
5991891
5991890
5991889
5991888
5991887
5991886
5991885
5991884
5991883
5991882
5991881
5991880
5991879
5991878
5991877
5991876
5991875
5991874
5991873
5991872
5991871
5991870
5991869
5991868
5991867
5991866
5991865
5991864
5991863
5991862
5991861
5991860
5991859
5991858
5991857
5991856
5991855
5991854
5991853
5991852
5991851
5991850
5991849
5991848
5991847
5991846
5991845
5991844
5991843
5991842
5991841
5991840
5991839
5991838
5991837
5991836
5991835
5991834
5991833
5991832
5991831
5991830
5991829
5991828
5991827
5991826
5991825
5991824
5991823
5991822
5991821
5991820
5991819
5991818
5991817
5991816
5991815
5991814
5991813
5991812
5991811
5991810
5991809
5991808
5991807
5991806
5991805
5991804
5991803
5991802
5991801
5991800
5991799
5991798
5991797
5991796
5991795
5991794
5991793
5991792
5991791
5991790
5991789
5991788
5991787
5991786
5991785
5991784
5991783
5991782
5991781
5991780
5991779
5991778
5991777
5991776
5991775
5991774
5991773
5991772
5991771
5991770
5991769
5991768
5991767
5991766
5991765
5991764
5991763
5991762
5991761
5991760
5991759
5991758
5991757
5991756
5991755
5991754
5991753
5991752
5991751
5991750
5991749
5991748
5991747
5991746
5991745
5991744
5991743
5991742
5991741
5991740
5991739
5991738
5991737
5991736
5991735
5991734
5991733
5991732
5991731
5991730
5991729
5991728
5991727
5991726
5991725
5991724
5991723
5991722
5991721
5991720
5991719
5991718
5991717
5991716
5991715
5991714
5991713
5991712
5991711
5991710
5991709
5991708
5991707
5991706
5991705
5991704
5991703
5991702
5991701
5991700
5991699
5991698
5991697
5991696
5991695
5991694
5991693
5991692
5991691
5991690
5991689
5991688
5991687
5991686
5991685
5991684
5991683
5991682
5991681
5991680
5991679
5991678
5991677
5991676
5991675
5991674
5991673
5991672
5991671
5991670
5991669
5991668
5991667
5991666
5991665
5991664
5991663
5991662
5991661
5991660
5991659
5991658
5991657
5991656
5991655
5991654
5991653
5991652
5991651
5991650
5991649
5991648
5991647
5991646
5991645
5991644
5991643
5991642
5991641
5991640
5991639
5991638
5991637
5991636
5991635
5991634
5991633
5991632
5991631
5991630
5991629
5991628
5991627
5991626
5991625
5991624
5991623
5991622
5991621
5991620
5991619
5991618
5991617
5991616
5991615
5991614
5991613
5991612
5991611
5991610
5991609
5991608
5991607
5991606
5991605
5991604
5991603
5991602
5991601
5991600
5991599
5991598
5991597
5991596
5991595
5991594
5991593
5991592
5991591
5991590
5991589
5991588
5991587
5991586
5991585
5991584
5991583
5991582
5991581
5991580
5991579
5991578
5991577
5991576
5991575
5991574
5991573
5991572
5991571
5991570
5991569
5991568
5991567
5991566
5991565
5991564
5991563
5991562
5991561
5991560
5991559
5991558
5991557
5991556
5991555
5991554
5991553
5991552
5991551
5991550
5991549
5991548
5991547
5991546
5991545
5991544
5991543
5991542
5991541
5991540
5991539
5991538
5991537
5991536
5991535
5991534
5991533
5991532
5991531
5991530
5991529
5991528
5991527
5991526
5991525
5991524
5991523
5991522
5991521
5991520
5991519
5991518
5991517
5991516
5991515
5991514
5991513
5991512
5991511
5991510
5991509
5991508
5991507
5991506
5991505
5991504
5991503
5991502
5991501
5991500
5991499
5991498
5991497
5991496
5991495
5991494
5991493
5991492
5991491
5991490
5991489
5991488
5991487
5991486
5991485
5991484
5991483
5991482
5991481
5991480
5991479
5991478
5991477
5991476
5991475
5991474
5991473
5991472
5991471
5991470
5991469
5991468
5991467
5991466
5991465
5991464
5991463
5991462
5991461
5991460
5991459
5991458
5991457
5991456
5991455
5991454
5991453
5991452
5991451
5991450
5991449
5991448
5991447
5991446
5991445
5991444
5991443
5991442
5991441
5991440
5991439
5991438
5991437
5991436
5991435
5991434
5991433
5991432
5991431
5991430
5991429
5991428
5991427
5991426
5991425
5991424
5991423
5991422
5991421
5991420
5991419
5991418
5991417
5991416
5991415
5991414
5991413
5991412
5991411
5991410
5991409
5991408
5991407
5991406
5991405
5991404
5991403
5991402
5991401
5991400
5991399
5991398
5991397
5991396
5991395
5991394
5991393
5991392
5991391
5991390
5991389
5991388
5991387
5991386
5991385
5991384
5991383
5991382
5991381
5991380
5991379
5991378
5991377
5991376
5991375
5991374
5991373
5991372
5991371
5991370
5991369
5991368
5991367
5991366
5991365
5991364
5991363
5991362
5991361
5991360
5991359
5991358
5991357
5991356
5991355
5991354
5991353
5991352
5991351
5991350
5991349
5991348
5991347
5991346
5991345
5991344
5991343
5991342
5991341
5991340
5991339
5991338
5991337
5991336
5991335
5991334
5991333
5991332
5991331
5991330
5991329
5991328
5991327
5991326
5991325
5991324
5991323
5991322
5991321
5991320
5991319
5991318
5991317
5991316
5991315
5991314
5991313
5991312
5991311
5991310
5991309
5991308
5991307
5991306
5991305
5991304
5991303
5991302
5991301
5991300
5991299
5991298
5991297
5991296
5991295
5991294
5991293
5991292
5991291
5991290
5991289
5991288
5991287
5991286
5991285
5991284
5991283
5991282
5991281
5991280
5991279
5991278
5991277
5991276
5991275
5991274
5991273
5991272
5991271
5991270
5991269
5991268
5991267
5991266
5991265
5991264
5991263
5991262
5991261
5991260
5991259
5991258
5991257
5991256
5991255
5991254
5991253
5991252
5991251
5991250
5991249
5991248
5991247
5991246
5991245
5991244
5991243
5991242
5991241
5991240
5991239
5991238
5991237
5991236
5991235
5991234
5991233
5991232
5991231
5991230
5991229
5991228
5991227
5991226
5991225
5991224
5991223
5991222
5991221
5991220
5991219
5991218
5991217
5991216
5991215
5991214
5991213
5991212
5991211
5991210
5991209
5991208
5991207
5991206
5991205
5991204
5991203
5991202
5991201
5991200
5991199
5991198
5991197
5991196
5991195
5991194
5991193
5991192
5991191
5991190
5991189
5991188
5991187
5991186
5991185
5991184
5991183
5991182
5991181
5991180
5991179
5991178
5991177
5991176
5991175
5991174
5991173
5991172
5991171
5991170
5991169
5991168
5991167
5991166
5991165
5991164
5991163
5991162
5991161
5991160
5991159
5991158
5991157
5991156
5991155
5991154
5991153
5991152
5991151
5991150
5991149
5991148
5991147
5991146
5991145
5991144
5991143
5991142
5991141
5991140
5991139
5991138
5991137
5991136
5991135
5991134
5991133
5991132
5991131
5991130
5991129
5991128
5991127
5991126
5991125
5991124
5991123
5991122
5991121
5991120
5991119
5991118
5991117
5991116
5991115
5991114
5991113
5991112
5991111
5991110
5991109
5991108
5991107
5991106
5991105
5991104
5991103
5991102
5991101
5991100
5991099
5991098
5991097
5991096
5991095
5991094
5991093
5991092
5991091
5991090
5991089
5991088
5991087
5991086
5991085
5991084
5991083
5991082
5991081
5991080
5991079
5991078
5991077
5991076
5991075
5991074
5991073
5991072
5991071
5991070
5991069
5991068
5991067
5991066
5991065
5991064
5991063
5991062
5991061
5991060
5991059
5991058
5991057
5991056
5991055
5991054
5991053
5991052
5991051
5991050
5991049
5991048
5991047
5991046
5991045
5991044
5991043
5991042
5991041
5991040
5991039
5991038
5991037
5991036
5991035
5991034
5991033
5991032
5991031
5991030
5991029
5991028
5991027
5991026
5991025
5991024
5991023
5991022
5991021
5991020
5991019
5991018
5991017
5991016
5991015
5991014
5991013
5991012
5991011
5991010
5991009
5991008
5991007
5991006
5991005
5991004
5991003
5991002
5991001
5991000
5990999
5990998
5990997
5990996
5990995
5990994
5990993
5990992
5990991
5990990
5990989
5990988
5990987
5990986
5990985
5990984
5990983
5990982
5990981
5990980
5990979
5990978
5990977
5990976
5990975
5990974
5990973
5990972
5990971
5990970
5990969
5990968
5990967
5990966
5990965
5990964
5990963
5990962
5990961
5990960
5990959
5990958
5990957
5990956
5990955
5990954
5990953
5990952
5990951
5990950
5990949
5990948
5990947
5990946
5990945
5990944
5990943
5990942
5990941
5990940
5990939
5990938
5990937
5990936
5990935
5990934
5990933
5990932
5990931
5990930
5990929
5990928
5990927
5990926
5990925
5990924
5990923
5990922
5990921
5990920
5990919
5990918
5990917
5990916
5990915
5990914
5990913
5990912
5990911
5990910
5990909
5990908
5990907
5990906
5990905
5990904
5990903
5990902
5990901
5990900
5990899
5990898
5990897
5990896
5990895
5990894
5990893
5990892
5990891
5990890
5990889
5990888
5990887
5990886
5990885
5990884
5990883
5990882
5990881
5990880
5990879
5990878
5990877
5990876
5990875
5990874
5990873
5990872
5990871
5990870
5990869
5990868
5990867
5990866
5990865
5990864
5990863
5990862
5990861
5990860
5990859
5990858
5990857
5990856
5990855
5990854
5990853
5990852
5990851
5990850
5990849
5990848
5990847
5990846
5990845
5990844
5990843
5990842
5990841
5990840
5990839
5990838
5990837
5990836
5990835
5990834
5990833
5990832
5990831
5990830
5990829
5990828
5990827
5990826
5990825
5990824
5990823
5990822
5990821
5990820
5990819
5990818
5990817
5990816
5990815
5990814
5990813
5990812
5990811
5990810
5990809
5990808
5990807
5990806
5990805
5990804
5990803
5990802
5990801
5990800
5990799
5990798
5990797
5990796
5990795
5990794
5990793
5990792
5990791
5990790
5990789
5990788
5990787
5990786
5990785
5990784
5990783
5990782
5990781
5990780
5990779
5990778
5990777
5990776
5990775
5990774
5990773
5990772
5990771
5990770
5990769
5990768
5990767
5990766
5990765
5990764
5990763
5990762
5990761
5990760
5990759
5990758
5990757
5990756
5990755
5990754
5990753
5990752
5990751
5990750
5990749
5990748
5990747
5990746
5990745
5990744
5990743
5990742
5990741
5990740
5990739
5990738
5990737
5990736
5990735
5990734
5990733
5990732
5990731
5990730
5990729
5990728
5990727
5990726
5990725
5990724
5990723
5990722
5990721
5990720
5990719
5990718
5990717
5990716
5990715
5990714
5990713
5990712
5990711
5990710
5990709
5990708
5990707
5990706
5990705
5990704
5990703
5990702
5990701
5990700
5990699
5990698
5990697
5990696
5990695
5990694
5990693
5990692
5990691
5990690
5990689
5990688
5990687
5990686
5990685
5990684
5990683
5990682
5990681
5990680
5990679
5990678
5990677
5990676
5990675
5990674
5990673
5990672
5990671
5990670
5990669
5990668
5990667
5990666
5990665
5990664
5990663
5990662
5990661
5990660
5990659
5990658
5990657
5990656
5990655
5990654
5990653
5990652
5990651
5990650
5990649
5990648
5990647
5990646
5990645
5990644
5990643
5990642
5990641
5990640
5990639
5990638
5990637
5990636
5990635
5990634
5990633
5990632
5990631
5990630
5990629
5990628
5990627
5990626
5990625
5990624
5990623
5990622
5990621
5990620
5990619
5990618
5990617
5990616
5990615
5990614
5990613
5990612
5990611
5990610
5990609
5990608
5990607
5990606
5990605
5990604
5990603
5990602
5990601
5990600
5990599
5990598
5990597
5990596
5990595
5990594
5990593
5990592
5990591
5990590
5990589
5990588
5990587
5990586
5990585
5990584
5990583
5990582
5990581
5990580
5990579
5990578
5990577
5990576
5990575
5990574
5990573
5990572
5990571
5990570
5990569
5990568
5990567
5990566
5990565
5990564
5990563
5990562
5990561
5990560
5990559
5990558
5990557
5990556
5990555
5990554
5990553
5990552
5990551
5990550
5990549
5990548
5990547
5990546
5990545
5990544
5990543
5990542
5990541
5990540
5990539
5990538
5990537
5990536
5990535
5990534
5990533
5990532
5990531
5990530
5990529
5990528
5990527
5990526
5990525
5990524
5990523
5990522
5990521
5990520
5990519
5990518
5990517
5990516
5990515
5990514
5990513
5990512
5990511
5990510
5990509
5990508
5990507
5990506
5990505
5990504
5990503
5990502
5990501
5990500
5990499
5990498
5990497
5990496
5990495
5990494
5990493
5990492
5990491
5990490
5990489
5990488
5990487
5990486
5990485
5990484
5990483
5990482
5990481
5990480
5990479
5990478
5990477
5990476
5990475
5990474
5990473
5990472
5990471
5990470
5990469
5990468
5990467
5990466
5990465
5990464
5990463
5990462
5990461
5990460
5990459
5990458
5990457
5990456
5990455
5990454
5990453
5990452
5990451
5990450
5990449
5990448
5990447
5990446
5990445
5990444
5990443
5990442
5990441
5990440
5990439
5990438
5990437
5990436
5990435
5990434
5990433
5990432
5990431
5990430
5990429
5990428
5990427
5990426
5990425
5990424
5990423
5990422
5990421
5990420
5990419
5990418
5990417
5990416
5990415
5990414
5990413
5990412
5990411
5990410
5990409
5990408
5990407
5990406
5990405
5990404
5990403
5990402
5990401
5990400
5990399
5990398
5990397
5990396
5990395
5990394
5990393
5990392
5990391
5990390
5990389
5990388
5990387
5990386
5990385
5990384
5990383
5990382
5990381
5990380
5990379
5990378
5990377
5990376
5990375
5990374
5990373
5990372
5990371
5990370
5990369
5990368
5990367
5990366
5990365
5990364
5990363
5990362
5990361
5990360
5990359
5990358
5990357
5990356
5990355
5990354
5990353
5990352
5990351
5990350
5990349
5990348
5990347
5990346
5990345
5990344
5990343
5990342
5990341
5990340
5990339
5990338
5990337
5990336
5990335
5990334
5990333
5990332
5990331
5990330
5990329
5990328
5990327
5990326
5990325
5990324
5990323
5990322
5990321
5990320
5990319
5990318
5990317
5990316
5990315
5990314
5990313
5990312
5990311
5990310
5990309
5990308
5990307
5990306
5990305
5990304
5990303
5990302
5990301
5990300
5990299
5990298
5990297
5990296
5990295
5990294
5990293
5990292
5990291
5990290
5990289
5990288
5990287
5990286
5990285
5990284
5990283
5990282
5990281
5990280
5990279
5990278
5990277
5990276
5990275
5990274
5990273
5990272
5990271
5990270
5990269
5990268
5990267
5990266
5990265
5990264
5990263
5990262
5990261
5990260
5990259
5990258
5990257
5990256
5990255
5990254
5990253
5990252
5990251
5990250
5990249
5990248
5990247
5990246
5990245
5990244
5990243
5990242
5990241
5990240
5990239
5990238
5990237
5990236
5990235
5990234
5990233
5990232
5990231
5990230
5990229
5990228
5990227
5990226
5990225
5990224
5990223
5990222
5990221
5990220
5990219
5990218
5990217
5990216
5990215
5990214
5990213
5990212
5990211
5990210
5990209
5990208
5990207
5990206
5990205
5990204
5990203
5990202
5990201
5990200
5990199
5990198
5990197
5990196
5990195
5990194
5990193
5990192
5990191
5990190
5990189
5990188
5990187
5990186
5990185
5990184
5990183
5990182
5990181
5990180
5990179
5990178
5990177
5990176
5990175
5990174
5990173
5990172
5990171
5990170
5990169
5990168
5990167
5990166
5990165
5990164
5990163
5990162
5990161
5990160
5990159
5990158
5990157
5990156
5990155
5990154
5990153
5990152
5990151
5990150
5990149
5990148
5990147
5990146
5990145
5990144
5990143
5990142
5990141
5990140
5990139
5990138
5990137
5990136
5990135
5990134
5990133
5990132
5990131
5990130
5990129
5990128
5990127
5990126
5990125
5990124
5990123
5990122
5990121
5990120
5990119
5990118
5990117
5990116
5990115
5990114
5990113
5990112
5990111
5990110
5990109
5990108
5990107
5990106
5990105
5990104
5990103
5990102
5990101
5990100
5990099
5990098
5990097
5990096
5990095
5990094
5990093
5990092
5990091
5990090
5990089
5990088
5990087
5990086
5990085
5990084
5990083
5990082
5990081
5990080
5990079
5990078
5990077
5990076
5990075
5990074
5990073
5990072
5990071
5990070
5990069
5990068
5990067
5990066
5990065
5990064
5990063
5990062
5990061
5990060
5990059
5990058
5990057
5990056
5990055
5990054
5990053
5990052
5990051
5990050
5990049
5990048
5990047
5990046
5990045
5990044
5990043
5990042
5990041
5990040
5990039
5990038
5990037
5990036
5990035
5990034
5990033
5990032
5990031
5990030
5990029
5990028
5990027
5990026
5990025
5990024
5990023
5990022
5990021
5990020
5990019
5990018
5990017
5990016
5990015
5990014
5990013
5990012
5990011
5990010
5990009
5990008
5990007
5990006
5990005
5990004
5990003
5990002
5990001
