10000
9000000
8999999
8999998
8999997
8999996
8999995
8999994
8999993
8999992
8999991
8999990
8999989
8999988
8999987
8999986
8999985
8999984
8999983
8999982
8999981
8999980
8999979
8999978
8999977
8999976
8999975
8999974
8999973
8999972
8999971
8999970
8999969
8999968
8999967
8999966
8999965
8999964
8999963
8999962
8999961
8999960
8999959
8999958
8999957
8999956
8999955
8999954
8999953
8999952
8999951
8999950
8999949
8999948
8999947
8999946
8999945
8999944
8999943
8999942
8999941
8999940
8999939
8999938
8999937
8999936
8999935
8999934
8999933
8999932
8999931
8999930
8999929
8999928
8999927
8999926
8999925
8999924
8999923
8999922
8999921
8999920
8999919
8999918
8999917
8999916
8999915
8999914
8999913
8999912
8999911
8999910
8999909
8999908
8999907
8999906
8999905
8999904
8999903
8999902
8999901
8999900
8999899
8999898
8999897
8999896
8999895
8999894
8999893
8999892
8999891
8999890
8999889
8999888
8999887
8999886
8999885
8999884
8999883
8999882
8999881
8999880
8999879
8999878
8999877
8999876
8999875
8999874
8999873
8999872
8999871
8999870
8999869
8999868
8999867
8999866
8999865
8999864
8999863
8999862
8999861
8999860
8999859
8999858
8999857
8999856
8999855
8999854
8999853
8999852
8999851
8999850
8999849
8999848
8999847
8999846
8999845
8999844
8999843
8999842
8999841
8999840
8999839
8999838
8999837
8999836
8999835
8999834
8999833
8999832
8999831
8999830
8999829
8999828
8999827
8999826
8999825
8999824
8999823
8999822
8999821
8999820
8999819
8999818
8999817
8999816
8999815
8999814
8999813
8999812
8999811
8999810
8999809
8999808
8999807
8999806
8999805
8999804
8999803
8999802
8999801
8999800
8999799
8999798
8999797
8999796
8999795
8999794
8999793
8999792
8999791
8999790
8999789
8999788
8999787
8999786
8999785
8999784
8999783
8999782
8999781
8999780
8999779
8999778
8999777
8999776
8999775
8999774
8999773
8999772
8999771
8999770
8999769
8999768
8999767
8999766
8999765
8999764
8999763
8999762
8999761
8999760
8999759
8999758
8999757
8999756
8999755
8999754
8999753
8999752
8999751
8999750
8999749
8999748
8999747
8999746
8999745
8999744
8999743
8999742
8999741
8999740
8999739
8999738
8999737
8999736
8999735
8999734
8999733
8999732
8999731
8999730
8999729
8999728
8999727
8999726
8999725
8999724
8999723
8999722
8999721
8999720
8999719
8999718
8999717
8999716
8999715
8999714
8999713
8999712
8999711
8999710
8999709
8999708
8999707
8999706
8999705
8999704
8999703
8999702
8999701
8999700
8999699
8999698
8999697
8999696
8999695
8999694
8999693
8999692
8999691
8999690
8999689
8999688
8999687
8999686
8999685
8999684
8999683
8999682
8999681
8999680
8999679
8999678
8999677
8999676
8999675
8999674
8999673
8999672
8999671
8999670
8999669
8999668
8999667
8999666
8999665
8999664
8999663
8999662
8999661
8999660
8999659
8999658
8999657
8999656
8999655
8999654
8999653
8999652
8999651
8999650
8999649
8999648
8999647
8999646
8999645
8999644
8999643
8999642
8999641
8999640
8999639
8999638
8999637
8999636
8999635
8999634
8999633
8999632
8999631
8999630
8999629
8999628
8999627
8999626
8999625
8999624
8999623
8999622
8999621
8999620
8999619
8999618
8999617
8999616
8999615
8999614
8999613
8999612
8999611
8999610
8999609
8999608
8999607
8999606
8999605
8999604
8999603
8999602
8999601
8999600
8999599
8999598
8999597
8999596
8999595
8999594
8999593
8999592
8999591
8999590
8999589
8999588
8999587
8999586
8999585
8999584
8999583
8999582
8999581
8999580
8999579
8999578
8999577
8999576
8999575
8999574
8999573
8999572
8999571
8999570
8999569
8999568
8999567
8999566
8999565
8999564
8999563
8999562
8999561
8999560
8999559
8999558
8999557
8999556
8999555
8999554
8999553
8999552
8999551
8999550
8999549
8999548
8999547
8999546
8999545
8999544
8999543
8999542
8999541
8999540
8999539
8999538
8999537
8999536
8999535
8999534
8999533
8999532
8999531
8999530
8999529
8999528
8999527
8999526
8999525
8999524
8999523
8999522
8999521
8999520
8999519
8999518
8999517
8999516
8999515
8999514
8999513
8999512
8999511
8999510
8999509
8999508
8999507
8999506
8999505
8999504
8999503
8999502
8999501
8999500
8999499
8999498
8999497
8999496
8999495
8999494
8999493
8999492
8999491
8999490
8999489
8999488
8999487
8999486
8999485
8999484
8999483
8999482
8999481
8999480
8999479
8999478
8999477
8999476
8999475
8999474
8999473
8999472
8999471
8999470
8999469
8999468
8999467
8999466
8999465
8999464
8999463
8999462
8999461
8999460
8999459
8999458
8999457
8999456
8999455
8999454
8999453
8999452
8999451
8999450
8999449
8999448
8999447
8999446
8999445
8999444
8999443
8999442
8999441
8999440
8999439
8999438
8999437
8999436
8999435
8999434
8999433
8999432
8999431
8999430
8999429
8999428
8999427
8999426
8999425
8999424
8999423
8999422
8999421
8999420
8999419
8999418
8999417
8999416
8999415
8999414
8999413
8999412
8999411
8999410
8999409
8999408
8999407
8999406
8999405
8999404
8999403
8999402
8999401
8999400
8999399
8999398
8999397
8999396
8999395
8999394
8999393
8999392
8999391
8999390
8999389
8999388
8999387
8999386
8999385
8999384
8999383
8999382
8999381
8999380
8999379
8999378
8999377
8999376
8999375
8999374
8999373
8999372
8999371
8999370
8999369
8999368
8999367
8999366
8999365
8999364
8999363
8999362
8999361
8999360
8999359
8999358
8999357
8999356
8999355
8999354
8999353
8999352
8999351
8999350
8999349
8999348
8999347
8999346
8999345
8999344
8999343
8999342
8999341
8999340
8999339
8999338
8999337
8999336
8999335
8999334
8999333
8999332
8999331
8999330
8999329
8999328
8999327
8999326
8999325
8999324
8999323
8999322
8999321
8999320
8999319
8999318
8999317
8999316
8999315
8999314
8999313
8999312
8999311
8999310
8999309
8999308
8999307
8999306
8999305
8999304
8999303
8999302
8999301
8999300
8999299
8999298
8999297
8999296
8999295
8999294
8999293
8999292
8999291
8999290
8999289
8999288
8999287
8999286
8999285
8999284
8999283
8999282
8999281
8999280
8999279
8999278
8999277
8999276
8999275
8999274
8999273
8999272
8999271
8999270
8999269
8999268
8999267
8999266
8999265
8999264
8999263
8999262
8999261
8999260
8999259
8999258
8999257
8999256
8999255
8999254
8999253
8999252
8999251
8999250
8999249
8999248
8999247
8999246
8999245
8999244
8999243
8999242
8999241
8999240
8999239
8999238
8999237
8999236
8999235
8999234
8999233
8999232
8999231
8999230
8999229
8999228
8999227
8999226
8999225
8999224
8999223
8999222
8999221
8999220
8999219
8999218
8999217
8999216
8999215
8999214
8999213
8999212
8999211
8999210
8999209
8999208
8999207
8999206
8999205
8999204
8999203
8999202
8999201
8999200
8999199
8999198
8999197
8999196
8999195
8999194
8999193
8999192
8999191
8999190
8999189
8999188
8999187
8999186
8999185
8999184
8999183
8999182
8999181
8999180
8999179
8999178
8999177
8999176
8999175
8999174
8999173
8999172
8999171
8999170
8999169
8999168
8999167
8999166
8999165
8999164
8999163
8999162
8999161
8999160
8999159
8999158
8999157
8999156
8999155
8999154
8999153
8999152
8999151
8999150
8999149
8999148
8999147
8999146
8999145
8999144
8999143
8999142
8999141
8999140
8999139
8999138
8999137
8999136
8999135
8999134
8999133
8999132
8999131
8999130
8999129
8999128
8999127
8999126
8999125
8999124
8999123
8999122
8999121
8999120
8999119
8999118
8999117
8999116
8999115
8999114
8999113
8999112
8999111
8999110
8999109
8999108
8999107
8999106
8999105
8999104
8999103
8999102
8999101
8999100
8999099
8999098
8999097
8999096
8999095
8999094
8999093
8999092
8999091
8999090
8999089
8999088
8999087
8999086
8999085
8999084
8999083
8999082
8999081
8999080
8999079
8999078
8999077
8999076
8999075
8999074
8999073
8999072
8999071
8999070
8999069
8999068
8999067
8999066
8999065
8999064
8999063
8999062
8999061
8999060
8999059
8999058
8999057
8999056
8999055
8999054
8999053
8999052
8999051
8999050
8999049
8999048
8999047
8999046
8999045
8999044
8999043
8999042
8999041
8999040
8999039
8999038
8999037
8999036
8999035
8999034
8999033
8999032
8999031
8999030
8999029
8999028
8999027
8999026
8999025
8999024
8999023
8999022
8999021
8999020
8999019
8999018
8999017
8999016
8999015
8999014
8999013
8999012
8999011
8999010
8999009
8999008
8999007
8999006
8999005
8999004
8999003
8999002
8999001
8999000
8998999
8998998
8998997
8998996
8998995
8998994
8998993
8998992
8998991
8998990
8998989
8998988
8998987
8998986
8998985
8998984
8998983
8998982
8998981
8998980
8998979
8998978
8998977
8998976
8998975
8998974
8998973
8998972
8998971
8998970
8998969
8998968
8998967
8998966
8998965
8998964
8998963
8998962
8998961
8998960
8998959
8998958
8998957
8998956
8998955
8998954
8998953
8998952
8998951
8998950
8998949
8998948
8998947
8998946
8998945
8998944
8998943
8998942
8998941
8998940
8998939
8998938
8998937
8998936
8998935
8998934
8998933
8998932
8998931
8998930
8998929
8998928
8998927
8998926
8998925
8998924
8998923
8998922
8998921
8998920
8998919
8998918
8998917
8998916
8998915
8998914
8998913
8998912
8998911
8998910
8998909
8998908
8998907
8998906
8998905
8998904
8998903
8998902
8998901
8998900
8998899
8998898
8998897
8998896
8998895
8998894
8998893
8998892
8998891
8998890
8998889
8998888
8998887
8998886
8998885
8998884
8998883
8998882
8998881
8998880
8998879
8998878
8998877
8998876
8998875
8998874
8998873
8998872
8998871
8998870
8998869
8998868
8998867
8998866
8998865
8998864
8998863
8998862
8998861
8998860
8998859
8998858
8998857
8998856
8998855
8998854
8998853
8998852
8998851
8998850
8998849
8998848
8998847
8998846
8998845
8998844
8998843
8998842
8998841
8998840
8998839
8998838
8998837
8998836
8998835
8998834
8998833
8998832
8998831
8998830
8998829
8998828
8998827
8998826
8998825
8998824
8998823
8998822
8998821
8998820
8998819
8998818
8998817
8998816
8998815
8998814
8998813
8998812
8998811
8998810
8998809
8998808
8998807
8998806
8998805
8998804
8998803
8998802
8998801
8998800
8998799
8998798
8998797
8998796
8998795
8998794
8998793
8998792
8998791
8998790
8998789
8998788
8998787
8998786
8998785
8998784
8998783
8998782
8998781
8998780
8998779
8998778
8998777
8998776
8998775
8998774
8998773
8998772
8998771
8998770
8998769
8998768
8998767
8998766
8998765
8998764
8998763
8998762
8998761
8998760
8998759
8998758
8998757
8998756
8998755
8998754
8998753
8998752
8998751
8998750
8998749
8998748
8998747
8998746
8998745
8998744
8998743
8998742
8998741
8998740
8998739
8998738
8998737
8998736
8998735
8998734
8998733
8998732
8998731
8998730
8998729
8998728
8998727
8998726
8998725
8998724
8998723
8998722
8998721
8998720
8998719
8998718
8998717
8998716
8998715
8998714
8998713
8998712
8998711
8998710
8998709
8998708
8998707
8998706
8998705
8998704
8998703
8998702
8998701
8998700
8998699
8998698
8998697
8998696
8998695
8998694
8998693
8998692
8998691
8998690
8998689
8998688
8998687
8998686
8998685
8998684
8998683
8998682
8998681
8998680
8998679
8998678
8998677
8998676
8998675
8998674
8998673
8998672
8998671
8998670
8998669
8998668
8998667
8998666
8998665
8998664
8998663
8998662
8998661
8998660
8998659
8998658
8998657
8998656
8998655
8998654
8998653
8998652
8998651
8998650
8998649
8998648
8998647
8998646
8998645
8998644
8998643
8998642
8998641
8998640
8998639
8998638
8998637
8998636
8998635
8998634
8998633
8998632
8998631
8998630
8998629
8998628
8998627
8998626
8998625
8998624
8998623
8998622
8998621
8998620
8998619
8998618
8998617
8998616
8998615
8998614
8998613
8998612
8998611
8998610
8998609
8998608
8998607
8998606
8998605
8998604
8998603
8998602
8998601
8998600
8998599
8998598
8998597
8998596
8998595
8998594
8998593
8998592
8998591
8998590
8998589
8998588
8998587
8998586
8998585
8998584
8998583
8998582
8998581
8998580
8998579
8998578
8998577
8998576
8998575
8998574
8998573
8998572
8998571
8998570
8998569
8998568
8998567
8998566
8998565
8998564
8998563
8998562
8998561
8998560
8998559
8998558
8998557
8998556
8998555
8998554
8998553
8998552
8998551
8998550
8998549
8998548
8998547
8998546
8998545
8998544
8998543
8998542
8998541
8998540
8998539
8998538
8998537
8998536
8998535
8998534
8998533
8998532
8998531
8998530
8998529
8998528
8998527
8998526
8998525
8998524
8998523
8998522
8998521
8998520
8998519
8998518
8998517
8998516
8998515
8998514
8998513
8998512
8998511
8998510
8998509
8998508
8998507
8998506
8998505
8998504
8998503
8998502
8998501
8998500
8998499
8998498
8998497
8998496
8998495
8998494
8998493
8998492
8998491
8998490
8998489
8998488
8998487
8998486
8998485
8998484
8998483
8998482
8998481
8998480
8998479
8998478
8998477
8998476
8998475
8998474
8998473
8998472
8998471
8998470
8998469
8998468
8998467
8998466
8998465
8998464
8998463
8998462
8998461
8998460
8998459
8998458
8998457
8998456
8998455
8998454
8998453
8998452
8998451
8998450
8998449
8998448
8998447
8998446
8998445
8998444
8998443
8998442
8998441
8998440
8998439
8998438
8998437
8998436
8998435
8998434
8998433
8998432
8998431
8998430
8998429
8998428
8998427
8998426
8998425
8998424
8998423
8998422
8998421
8998420
8998419
8998418
8998417
8998416
8998415
8998414
8998413
8998412
8998411
8998410
8998409
8998408
8998407
8998406
8998405
8998404
8998403
8998402
8998401
8998400
8998399
8998398
8998397
8998396
8998395
8998394
8998393
8998392
8998391
8998390
8998389
8998388
8998387
8998386
8998385
8998384
8998383
8998382
8998381
8998380
8998379
8998378
8998377
8998376
8998375
8998374
8998373
8998372
8998371
8998370
8998369
8998368
8998367
8998366
8998365
8998364
8998363
8998362
8998361
8998360
8998359
8998358
8998357
8998356
8998355
8998354
8998353
8998352
8998351
8998350
8998349
8998348
8998347
8998346
8998345
8998344
8998343
8998342
8998341
8998340
8998339
8998338
8998337
8998336
8998335
8998334
8998333
8998332
8998331
8998330
8998329
8998328
8998327
8998326
8998325
8998324
8998323
8998322
8998321
8998320
8998319
8998318
8998317
8998316
8998315
8998314
8998313
8998312
8998311
8998310
8998309
8998308
8998307
8998306
8998305
8998304
8998303
8998302
8998301
8998300
8998299
8998298
8998297
8998296
8998295
8998294
8998293
8998292
8998291
8998290
8998289
8998288
8998287
8998286
8998285
8998284
8998283
8998282
8998281
8998280
8998279
8998278
8998277
8998276
8998275
8998274
8998273
8998272
8998271
8998270
8998269
8998268
8998267
8998266
8998265
8998264
8998263
8998262
8998261
8998260
8998259
8998258
8998257
8998256
8998255
8998254
8998253
8998252
8998251
8998250
8998249
8998248
8998247
8998246
8998245
8998244
8998243
8998242
8998241
8998240
8998239
8998238
8998237
8998236
8998235
8998234
8998233
8998232
8998231
8998230
8998229
8998228
8998227
8998226
8998225
8998224
8998223
8998222
8998221
8998220
8998219
8998218
8998217
8998216
8998215
8998214
8998213
8998212
8998211
8998210
8998209
8998208
8998207
8998206
8998205
8998204
8998203
8998202
8998201
8998200
8998199
8998198
8998197
8998196
8998195
8998194
8998193
8998192
8998191
8998190
8998189
8998188
8998187
8998186
8998185
8998184
8998183
8998182
8998181
8998180
8998179
8998178
8998177
8998176
8998175
8998174
8998173
8998172
8998171
8998170
8998169
8998168
8998167
8998166
8998165
8998164
8998163
8998162
8998161
8998160
8998159
8998158
8998157
8998156
8998155
8998154
8998153
8998152
8998151
8998150
8998149
8998148
8998147
8998146
8998145
8998144
8998143
8998142
8998141
8998140
8998139
8998138
8998137
8998136
8998135
8998134
8998133
8998132
8998131
8998130
8998129
8998128
8998127
8998126
8998125
8998124
8998123
8998122
8998121
8998120
8998119
8998118
8998117
8998116
8998115
8998114
8998113
8998112
8998111
8998110
8998109
8998108
8998107
8998106
8998105
8998104
8998103
8998102
8998101
8998100
8998099
8998098
8998097
8998096
8998095
8998094
8998093
8998092
8998091
8998090
8998089
8998088
8998087
8998086
8998085
8998084
8998083
8998082
8998081
8998080
8998079
8998078
8998077
8998076
8998075
8998074
8998073
8998072
8998071
8998070
8998069
8998068
8998067
8998066
8998065
8998064
8998063
8998062
8998061
8998060
8998059
8998058
8998057
8998056
8998055
8998054
8998053
8998052
8998051
8998050
8998049
8998048
8998047
8998046
8998045
8998044
8998043
8998042
8998041
8998040
8998039
8998038
8998037
8998036
8998035
8998034
8998033
8998032
8998031
8998030
8998029
8998028
8998027
8998026
8998025
8998024
8998023
8998022
8998021
8998020
8998019
8998018
8998017
8998016
8998015
8998014
8998013
8998012
8998011
8998010
8998009
8998008
8998007
8998006
8998005
8998004
8998003
8998002
8998001
8998000
8997999
8997998
8997997
8997996
8997995
8997994
8997993
8997992
8997991
8997990
8997989
8997988
8997987
8997986
8997985
8997984
8997983
8997982
8997981
8997980
8997979
8997978
8997977
8997976
8997975
8997974
8997973
8997972
8997971
8997970
8997969
8997968
8997967
8997966
8997965
8997964
8997963
8997962
8997961
8997960
8997959
8997958
8997957
8997956
8997955
8997954
8997953
8997952
8997951
8997950
8997949
8997948
8997947
8997946
8997945
8997944
8997943
8997942
8997941
8997940
8997939
8997938
8997937
8997936
8997935
8997934
8997933
8997932
8997931
8997930
8997929
8997928
8997927
8997926
8997925
8997924
8997923
8997922
8997921
8997920
8997919
8997918
8997917
8997916
8997915
8997914
8997913
8997912
8997911
8997910
8997909
8997908
8997907
8997906
8997905
8997904
8997903
8997902
8997901
8997900
8997899
8997898
8997897
8997896
8997895
8997894
8997893
8997892
8997891
8997890
8997889
8997888
8997887
8997886
8997885
8997884
8997883
8997882
8997881
8997880
8997879
8997878
8997877
8997876
8997875
8997874
8997873
8997872
8997871
8997870
8997869
8997868
8997867
8997866
8997865
8997864
8997863
8997862
8997861
8997860
8997859
8997858
8997857
8997856
8997855
8997854
8997853
8997852
8997851
8997850
8997849
8997848
8997847
8997846
8997845
8997844
8997843
8997842
8997841
8997840
8997839
8997838
8997837
8997836
8997835
8997834
8997833
8997832
8997831
8997830
8997829
8997828
8997827
8997826
8997825
8997824
8997823
8997822
8997821
8997820
8997819
8997818
8997817
8997816
8997815
8997814
8997813
8997812
8997811
8997810
8997809
8997808
8997807
8997806
8997805
8997804
8997803
8997802
8997801
8997800
8997799
8997798
8997797
8997796
8997795
8997794
8997793
8997792
8997791
8997790
8997789
8997788
8997787
8997786
8997785
8997784
8997783
8997782
8997781
8997780
8997779
8997778
8997777
8997776
8997775
8997774
8997773
8997772
8997771
8997770
8997769
8997768
8997767
8997766
8997765
8997764
8997763
8997762
8997761
8997760
8997759
8997758
8997757
8997756
8997755
8997754
8997753
8997752
8997751
8997750
8997749
8997748
8997747
8997746
8997745
8997744
8997743
8997742
8997741
8997740
8997739
8997738
8997737
8997736
8997735
8997734
8997733
8997732
8997731
8997730
8997729
8997728
8997727
8997726
8997725
8997724
8997723
8997722
8997721
8997720
8997719
8997718
8997717
8997716
8997715
8997714
8997713
8997712
8997711
8997710
8997709
8997708
8997707
8997706
8997705
8997704
8997703
8997702
8997701
8997700
8997699
8997698
8997697
8997696
8997695
8997694
8997693
8997692
8997691
8997690
8997689
8997688
8997687
8997686
8997685
8997684
8997683
8997682
8997681
8997680
8997679
8997678
8997677
8997676
8997675
8997674
8997673
8997672
8997671
8997670
8997669
8997668
8997667
8997666
8997665
8997664
8997663
8997662
8997661
8997660
8997659
8997658
8997657
8997656
8997655
8997654
8997653
8997652
8997651
8997650
8997649
8997648
8997647
8997646
8997645
8997644
8997643
8997642
8997641
8997640
8997639
8997638
8997637
8997636
8997635
8997634
8997633
8997632
8997631
8997630
8997629
8997628
8997627
8997626
8997625
8997624
8997623
8997622
8997621
8997620
8997619
8997618
8997617
8997616
8997615
8997614
8997613
8997612
8997611
8997610
8997609
8997608
8997607
8997606
8997605
8997604
8997603
8997602
8997601
8997600
8997599
8997598
8997597
8997596
8997595
8997594
8997593
8997592
8997591
8997590
8997589
8997588
8997587
8997586
8997585
8997584
8997583
8997582
8997581
8997580
8997579
8997578
8997577
8997576
8997575
8997574
8997573
8997572
8997571
8997570
8997569
8997568
8997567
8997566
8997565
8997564
8997563
8997562
8997561
8997560
8997559
8997558
8997557
8997556
8997555
8997554
8997553
8997552
8997551
8997550
8997549
8997548
8997547
8997546
8997545
8997544
8997543
8997542
8997541
8997540
8997539
8997538
8997537
8997536
8997535
8997534
8997533
8997532
8997531
8997530
8997529
8997528
8997527
8997526
8997525
8997524
8997523
8997522
8997521
8997520
8997519
8997518
8997517
8997516
8997515
8997514
8997513
8997512
8997511
8997510
8997509
8997508
8997507
8997506
8997505
8997504
8997503
8997502
8997501
8997500
8997499
8997498
8997497
8997496
8997495
8997494
8997493
8997492
8997491
8997490
8997489
8997488
8997487
8997486
8997485
8997484
8997483
8997482
8997481
8997480
8997479
8997478
8997477
8997476
8997475
8997474
8997473
8997472
8997471
8997470
8997469
8997468
8997467
8997466
8997465
8997464
8997463
8997462
8997461
8997460
8997459
8997458
8997457
8997456
8997455
8997454
8997453
8997452
8997451
8997450
8997449
8997448
8997447
8997446
8997445
8997444
8997443
8997442
8997441
8997440
8997439
8997438
8997437
8997436
8997435
8997434
8997433
8997432
8997431
8997430
8997429
8997428
8997427
8997426
8997425
8997424
8997423
8997422
8997421
8997420
8997419
8997418
8997417
8997416
8997415
8997414
8997413
8997412
8997411
8997410
8997409
8997408
8997407
8997406
8997405
8997404
8997403
8997402
8997401
8997400
8997399
8997398
8997397
8997396
8997395
8997394
8997393
8997392
8997391
8997390
8997389
8997388
8997387
8997386
8997385
8997384
8997383
8997382
8997381
8997380
8997379
8997378
8997377
8997376
8997375
8997374
8997373
8997372
8997371
8997370
8997369
8997368
8997367
8997366
8997365
8997364
8997363
8997362
8997361
8997360
8997359
8997358
8997357
8997356
8997355
8997354
8997353
8997352
8997351
8997350
8997349
8997348
8997347
8997346
8997345
8997344
8997343
8997342
8997341
8997340
8997339
8997338
8997337
8997336
8997335
8997334
8997333
8997332
8997331
8997330
8997329
8997328
8997327
8997326
8997325
8997324
8997323
8997322
8997321
8997320
8997319
8997318
8997317
8997316
8997315
8997314
8997313
8997312
8997311
8997310
8997309
8997308
8997307
8997306
8997305
8997304
8997303
8997302
8997301
8997300
8997299
8997298
8997297
8997296
8997295
8997294
8997293
8997292
8997291
8997290
8997289
8997288
8997287
8997286
8997285
8997284
8997283
8997282
8997281
8997280
8997279
8997278
8997277
8997276
8997275
8997274
8997273
8997272
8997271
8997270
8997269
8997268
8997267
8997266
8997265
8997264
8997263
8997262
8997261
8997260
8997259
8997258
8997257
8997256
8997255
8997254
8997253
8997252
8997251
8997250
8997249
8997248
8997247
8997246
8997245
8997244
8997243
8997242
8997241
8997240
8997239
8997238
8997237
8997236
8997235
8997234
8997233
8997232
8997231
8997230
8997229
8997228
8997227
8997226
8997225
8997224
8997223
8997222
8997221
8997220
8997219
8997218
8997217
8997216
8997215
8997214
8997213
8997212
8997211
8997210
8997209
8997208
8997207
8997206
8997205
8997204
8997203
8997202
8997201
8997200
8997199
8997198
8997197
8997196
8997195
8997194
8997193
8997192
8997191
8997190
8997189
8997188
8997187
8997186
8997185
8997184
8997183
8997182
8997181
8997180
8997179
8997178
8997177
8997176
8997175
8997174
8997173
8997172
8997171
8997170
8997169
8997168
8997167
8997166
8997165
8997164
8997163
8997162
8997161
8997160
8997159
8997158
8997157
8997156
8997155
8997154
8997153
8997152
8997151
8997150
8997149
8997148
8997147
8997146
8997145
8997144
8997143
8997142
8997141
8997140
8997139
8997138
8997137
8997136
8997135
8997134
8997133
8997132
8997131
8997130
8997129
8997128
8997127
8997126
8997125
8997124
8997123
8997122
8997121
8997120
8997119
8997118
8997117
8997116
8997115
8997114
8997113
8997112
8997111
8997110
8997109
8997108
8997107
8997106
8997105
8997104
8997103
8997102
8997101
8997100
8997099
8997098
8997097
8997096
8997095
8997094
8997093
8997092
8997091
8997090
8997089
8997088
8997087
8997086
8997085
8997084
8997083
8997082
8997081
8997080
8997079
8997078
8997077
8997076
8997075
8997074
8997073
8997072
8997071
8997070
8997069
8997068
8997067
8997066
8997065
8997064
8997063
8997062
8997061
8997060
8997059
8997058
8997057
8997056
8997055
8997054
8997053
8997052
8997051
8997050
8997049
8997048
8997047
8997046
8997045
8997044
8997043
8997042
8997041
8997040
8997039
8997038
8997037
8997036
8997035
8997034
8997033
8997032
8997031
8997030
8997029
8997028
8997027
8997026
8997025
8997024
8997023
8997022
8997021
8997020
8997019
8997018
8997017
8997016
8997015
8997014
8997013
8997012
8997011
8997010
8997009
8997008
8997007
8997006
8997005
8997004
8997003
8997002
8997001
8997000
8996999
8996998
8996997
8996996
8996995
8996994
8996993
8996992
8996991
8996990
8996989
8996988
8996987
8996986
8996985
8996984
8996983
8996982
8996981
8996980
8996979
8996978
8996977
8996976
8996975
8996974
8996973
8996972
8996971
8996970
8996969
8996968
8996967
8996966
8996965
8996964
8996963
8996962
8996961
8996960
8996959
8996958
8996957
8996956
8996955
8996954
8996953
8996952
8996951
8996950
8996949
8996948
8996947
8996946
8996945
8996944
8996943
8996942
8996941
8996940
8996939
8996938
8996937
8996936
8996935
8996934
8996933
8996932
8996931
8996930
8996929
8996928
8996927
8996926
8996925
8996924
8996923
8996922
8996921
8996920
8996919
8996918
8996917
8996916
8996915
8996914
8996913
8996912
8996911
8996910
8996909
8996908
8996907
8996906
8996905
8996904
8996903
8996902
8996901
8996900
8996899
8996898
8996897
8996896
8996895
8996894
8996893
8996892
8996891
8996890
8996889
8996888
8996887
8996886
8996885
8996884
8996883
8996882
8996881
8996880
8996879
8996878
8996877
8996876
8996875
8996874
8996873
8996872
8996871
8996870
8996869
8996868
8996867
8996866
8996865
8996864
8996863
8996862
8996861
8996860
8996859
8996858
8996857
8996856
8996855
8996854
8996853
8996852
8996851
8996850
8996849
8996848
8996847
8996846
8996845
8996844
8996843
8996842
8996841
8996840
8996839
8996838
8996837
8996836
8996835
8996834
8996833
8996832
8996831
8996830
8996829
8996828
8996827
8996826
8996825
8996824
8996823
8996822
8996821
8996820
8996819
8996818
8996817
8996816
8996815
8996814
8996813
8996812
8996811
8996810
8996809
8996808
8996807
8996806
8996805
8996804
8996803
8996802
8996801
8996800
8996799
8996798
8996797
8996796
8996795
8996794
8996793
8996792
8996791
8996790
8996789
8996788
8996787
8996786
8996785
8996784
8996783
8996782
8996781
8996780
8996779
8996778
8996777
8996776
8996775
8996774
8996773
8996772
8996771
8996770
8996769
8996768
8996767
8996766
8996765
8996764
8996763
8996762
8996761
8996760
8996759
8996758
8996757
8996756
8996755
8996754
8996753
8996752
8996751
8996750
8996749
8996748
8996747
8996746
8996745
8996744
8996743
8996742
8996741
8996740
8996739
8996738
8996737
8996736
8996735
8996734
8996733
8996732
8996731
8996730
8996729
8996728
8996727
8996726
8996725
8996724
8996723
8996722
8996721
8996720
8996719
8996718
8996717
8996716
8996715
8996714
8996713
8996712
8996711
8996710
8996709
8996708
8996707
8996706
8996705
8996704
8996703
8996702
8996701
8996700
8996699
8996698
8996697
8996696
8996695
8996694
8996693
8996692
8996691
8996690
8996689
8996688
8996687
8996686
8996685
8996684
8996683
8996682
8996681
8996680
8996679
8996678
8996677
8996676
8996675
8996674
8996673
8996672
8996671
8996670
8996669
8996668
8996667
8996666
8996665
8996664
8996663
8996662
8996661
8996660
8996659
8996658
8996657
8996656
8996655
8996654
8996653
8996652
8996651
8996650
8996649
8996648
8996647
8996646
8996645
8996644
8996643
8996642
8996641
8996640
8996639
8996638
8996637
8996636
8996635
8996634
8996633
8996632
8996631
8996630
8996629
8996628
8996627
8996626
8996625
8996624
8996623
8996622
8996621
8996620
8996619
8996618
8996617
8996616
8996615
8996614
8996613
8996612
8996611
8996610
8996609
8996608
8996607
8996606
8996605
8996604
8996603
8996602
8996601
8996600
8996599
8996598
8996597
8996596
8996595
8996594
8996593
8996592
8996591
8996590
8996589
8996588
8996587
8996586
8996585
8996584
8996583
8996582
8996581
8996580
8996579
8996578
8996577
8996576
8996575
8996574
8996573
8996572
8996571
8996570
8996569
8996568
8996567
8996566
8996565
8996564
8996563
8996562
8996561
8996560
8996559
8996558
8996557
8996556
8996555
8996554
8996553
8996552
8996551
8996550
8996549
8996548
8996547
8996546
8996545
8996544
8996543
8996542
8996541
8996540
8996539
8996538
8996537
8996536
8996535
8996534
8996533
8996532
8996531
8996530
8996529
8996528
8996527
8996526
8996525
8996524
8996523
8996522
8996521
8996520
8996519
8996518
8996517
8996516
8996515
8996514
8996513
8996512
8996511
8996510
8996509
8996508
8996507
8996506
8996505
8996504
8996503
8996502
8996501
8996500
8996499
8996498
8996497
8996496
8996495
8996494
8996493
8996492
8996491
8996490
8996489
8996488
8996487
8996486
8996485
8996484
8996483
8996482
8996481
8996480
8996479
8996478
8996477
8996476
8996475
8996474
8996473
8996472
8996471
8996470
8996469
8996468
8996467
8996466
8996465
8996464
8996463
8996462
8996461
8996460
8996459
8996458
8996457
8996456
8996455
8996454
8996453
8996452
8996451
8996450
8996449
8996448
8996447
8996446
8996445
8996444
8996443
8996442
8996441
8996440
8996439
8996438
8996437
8996436
8996435
8996434
8996433
8996432
8996431
8996430
8996429
8996428
8996427
8996426
8996425
8996424
8996423
8996422
8996421
8996420
8996419
8996418
8996417
8996416
8996415
8996414
8996413
8996412
8996411
8996410
8996409
8996408
8996407
8996406
8996405
8996404
8996403
8996402
8996401
8996400
8996399
8996398
8996397
8996396
8996395
8996394
8996393
8996392
8996391
8996390
8996389
8996388
8996387
8996386
8996385
8996384
8996383
8996382
8996381
8996380
8996379
8996378
8996377
8996376
8996375
8996374
8996373
8996372
8996371
8996370
8996369
8996368
8996367
8996366
8996365
8996364
8996363
8996362
8996361
8996360
8996359
8996358
8996357
8996356
8996355
8996354
8996353
8996352
8996351
8996350
8996349
8996348
8996347
8996346
8996345
8996344
8996343
8996342
8996341
8996340
8996339
8996338
8996337
8996336
8996335
8996334
8996333
8996332
8996331
8996330
8996329
8996328
8996327
8996326
8996325
8996324
8996323
8996322
8996321
8996320
8996319
8996318
8996317
8996316
8996315
8996314
8996313
8996312
8996311
8996310
8996309
8996308
8996307
8996306
8996305
8996304
8996303
8996302
8996301
8996300
8996299
8996298
8996297
8996296
8996295
8996294
8996293
8996292
8996291
8996290
8996289
8996288
8996287
8996286
8996285
8996284
8996283
8996282
8996281
8996280
8996279
8996278
8996277
8996276
8996275
8996274
8996273
8996272
8996271
8996270
8996269
8996268
8996267
8996266
8996265
8996264
8996263
8996262
8996261
8996260
8996259
8996258
8996257
8996256
8996255
8996254
8996253
8996252
8996251
8996250
8996249
8996248
8996247
8996246
8996245
8996244
8996243
8996242
8996241
8996240
8996239
8996238
8996237
8996236
8996235
8996234
8996233
8996232
8996231
8996230
8996229
8996228
8996227
8996226
8996225
8996224
8996223
8996222
8996221
8996220
8996219
8996218
8996217
8996216
8996215
8996214
8996213
8996212
8996211
8996210
8996209
8996208
8996207
8996206
8996205
8996204
8996203
8996202
8996201
8996200
8996199
8996198
8996197
8996196
8996195
8996194
8996193
8996192
8996191
8996190
8996189
8996188
8996187
8996186
8996185
8996184
8996183
8996182
8996181
8996180
8996179
8996178
8996177
8996176
8996175
8996174
8996173
8996172
8996171
8996170
8996169
8996168
8996167
8996166
8996165
8996164
8996163
8996162
8996161
8996160
8996159
8996158
8996157
8996156
8996155
8996154
8996153
8996152
8996151
8996150
8996149
8996148
8996147
8996146
8996145
8996144
8996143
8996142
8996141
8996140
8996139
8996138
8996137
8996136
8996135
8996134
8996133
8996132
8996131
8996130
8996129
8996128
8996127
8996126
8996125
8996124
8996123
8996122
8996121
8996120
8996119
8996118
8996117
8996116
8996115
8996114
8996113
8996112
8996111
8996110
8996109
8996108
8996107
8996106
8996105
8996104
8996103
8996102
8996101
8996100
8996099
8996098
8996097
8996096
8996095
8996094
8996093
8996092
8996091
8996090
8996089
8996088
8996087
8996086
8996085
8996084
8996083
8996082
8996081
8996080
8996079
8996078
8996077
8996076
8996075
8996074
8996073
8996072
8996071
8996070
8996069
8996068
8996067
8996066
8996065
8996064
8996063
8996062
8996061
8996060
8996059
8996058
8996057
8996056
8996055
8996054
8996053
8996052
8996051
8996050
8996049
8996048
8996047
8996046
8996045
8996044
8996043
8996042
8996041
8996040
8996039
8996038
8996037
8996036
8996035
8996034
8996033
8996032
8996031
8996030
8996029
8996028
8996027
8996026
8996025
8996024
8996023
8996022
8996021
8996020
8996019
8996018
8996017
8996016
8996015
8996014
8996013
8996012
8996011
8996010
8996009
8996008
8996007
8996006
8996005
8996004
8996003
8996002
8996001
8996000
8995999
8995998
8995997
8995996
8995995
8995994
8995993
8995992
8995991
8995990
8995989
8995988
8995987
8995986
8995985
8995984
8995983
8995982
8995981
8995980
8995979
8995978
8995977
8995976
8995975
8995974
8995973
8995972
8995971
8995970
8995969
8995968
8995967
8995966
8995965
8995964
8995963
8995962
8995961
8995960
8995959
8995958
8995957
8995956
8995955
8995954
8995953
8995952
8995951
8995950
8995949
8995948
8995947
8995946
8995945
8995944
8995943
8995942
8995941
8995940
8995939
8995938
8995937
8995936
8995935
8995934
8995933
8995932
8995931
8995930
8995929
8995928
8995927
8995926
8995925
8995924
8995923
8995922
8995921
8995920
8995919
8995918
8995917
8995916
8995915
8995914
8995913
8995912
8995911
8995910
8995909
8995908
8995907
8995906
8995905
8995904
8995903
8995902
8995901
8995900
8995899
8995898
8995897
8995896
8995895
8995894
8995893
8995892
8995891
8995890
8995889
8995888
8995887
8995886
8995885
8995884
8995883
8995882
8995881
8995880
8995879
8995878
8995877
8995876
8995875
8995874
8995873
8995872
8995871
8995870
8995869
8995868
8995867
8995866
8995865
8995864
8995863
8995862
8995861
8995860
8995859
8995858
8995857
8995856
8995855
8995854
8995853
8995852
8995851
8995850
8995849
8995848
8995847
8995846
8995845
8995844
8995843
8995842
8995841
8995840
8995839
8995838
8995837
8995836
8995835
8995834
8995833
8995832
8995831
8995830
8995829
8995828
8995827
8995826
8995825
8995824
8995823
8995822
8995821
8995820
8995819
8995818
8995817
8995816
8995815
8995814
8995813
8995812
8995811
8995810
8995809
8995808
8995807
8995806
8995805
8995804
8995803
8995802
8995801
8995800
8995799
8995798
8995797
8995796
8995795
8995794
8995793
8995792
8995791
8995790
8995789
8995788
8995787
8995786
8995785
8995784
8995783
8995782
8995781
8995780
8995779
8995778
8995777
8995776
8995775
8995774
8995773
8995772
8995771
8995770
8995769
8995768
8995767
8995766
8995765
8995764
8995763
8995762
8995761
8995760
8995759
8995758
8995757
8995756
8995755
8995754
8995753
8995752
8995751
8995750
8995749
8995748
8995747
8995746
8995745
8995744
8995743
8995742
8995741
8995740
8995739
8995738
8995737
8995736
8995735
8995734
8995733
8995732
8995731
8995730
8995729
8995728
8995727
8995726
8995725
8995724
8995723
8995722
8995721
8995720
8995719
8995718
8995717
8995716
8995715
8995714
8995713
8995712
8995711
8995710
8995709
8995708
8995707
8995706
8995705
8995704
8995703
8995702
8995701
8995700
8995699
8995698
8995697
8995696
8995695
8995694
8995693
8995692
8995691
8995690
8995689
8995688
8995687
8995686
8995685
8995684
8995683
8995682
8995681
8995680
8995679
8995678
8995677
8995676
8995675
8995674
8995673
8995672
8995671
8995670
8995669
8995668
8995667
8995666
8995665
8995664
8995663
8995662
8995661
8995660
8995659
8995658
8995657
8995656
8995655
8995654
8995653
8995652
8995651
8995650
8995649
8995648
8995647
8995646
8995645
8995644
8995643
8995642
8995641
8995640
8995639
8995638
8995637
8995636
8995635
8995634
8995633
8995632
8995631
8995630
8995629
8995628
8995627
8995626
8995625
8995624
8995623
8995622
8995621
8995620
8995619
8995618
8995617
8995616
8995615
8995614
8995613
8995612
8995611
8995610
8995609
8995608
8995607
8995606
8995605
8995604
8995603
8995602
8995601
8995600
8995599
8995598
8995597
8995596
8995595
8995594
8995593
8995592
8995591
8995590
8995589
8995588
8995587
8995586
8995585
8995584
8995583
8995582
8995581
8995580
8995579
8995578
8995577
8995576
8995575
8995574
8995573
8995572
8995571
8995570
8995569
8995568
8995567
8995566
8995565
8995564
8995563
8995562
8995561
8995560
8995559
8995558
8995557
8995556
8995555
8995554
8995553
8995552
8995551
8995550
8995549
8995548
8995547
8995546
8995545
8995544
8995543
8995542
8995541
8995540
8995539
8995538
8995537
8995536
8995535
8995534
8995533
8995532
8995531
8995530
8995529
8995528
8995527
8995526
8995525
8995524
8995523
8995522
8995521
8995520
8995519
8995518
8995517
8995516
8995515
8995514
8995513
8995512
8995511
8995510
8995509
8995508
8995507
8995506
8995505
8995504
8995503
8995502
8995501
8995500
8995499
8995498
8995497
8995496
8995495
8995494
8995493
8995492
8995491
8995490
8995489
8995488
8995487
8995486
8995485
8995484
8995483
8995482
8995481
8995480
8995479
8995478
8995477
8995476
8995475
8995474
8995473
8995472
8995471
8995470
8995469
8995468
8995467
8995466
8995465
8995464
8995463
8995462
8995461
8995460
8995459
8995458
8995457
8995456
8995455
8995454
8995453
8995452
8995451
8995450
8995449
8995448
8995447
8995446
8995445
8995444
8995443
8995442
8995441
8995440
8995439
8995438
8995437
8995436
8995435
8995434
8995433
8995432
8995431
8995430
8995429
8995428
8995427
8995426
8995425
8995424
8995423
8995422
8995421
8995420
8995419
8995418
8995417
8995416
8995415
8995414
8995413
8995412
8995411
8995410
8995409
8995408
8995407
8995406
8995405
8995404
8995403
8995402
8995401
8995400
8995399
8995398
8995397
8995396
8995395
8995394
8995393
8995392
8995391
8995390
8995389
8995388
8995387
8995386
8995385
8995384
8995383
8995382
8995381
8995380
8995379
8995378
8995377
8995376
8995375
8995374
8995373
8995372
8995371
8995370
8995369
8995368
8995367
8995366
8995365
8995364
8995363
8995362
8995361
8995360
8995359
8995358
8995357
8995356
8995355
8995354
8995353
8995352
8995351
8995350
8995349
8995348
8995347
8995346
8995345
8995344
8995343
8995342
8995341
8995340
8995339
8995338
8995337
8995336
8995335
8995334
8995333
8995332
8995331
8995330
8995329
8995328
8995327
8995326
8995325
8995324
8995323
8995322
8995321
8995320
8995319
8995318
8995317
8995316
8995315
8995314
8995313
8995312
8995311
8995310
8995309
8995308
8995307
8995306
8995305
8995304
8995303
8995302
8995301
8995300
8995299
8995298
8995297
8995296
8995295
8995294
8995293
8995292
8995291
8995290
8995289
8995288
8995287
8995286
8995285
8995284
8995283
8995282
8995281
8995280
8995279
8995278
8995277
8995276
8995275
8995274
8995273
8995272
8995271
8995270
8995269
8995268
8995267
8995266
8995265
8995264
8995263
8995262
8995261
8995260
8995259
8995258
8995257
8995256
8995255
8995254
8995253
8995252
8995251
8995250
8995249
8995248
8995247
8995246
8995245
8995244
8995243
8995242
8995241
8995240
8995239
8995238
8995237
8995236
8995235
8995234
8995233
8995232
8995231
8995230
8995229
8995228
8995227
8995226
8995225
8995224
8995223
8995222
8995221
8995220
8995219
8995218
8995217
8995216
8995215
8995214
8995213
8995212
8995211
8995210
8995209
8995208
8995207
8995206
8995205
8995204
8995203
8995202
8995201
8995200
8995199
8995198
8995197
8995196
8995195
8995194
8995193
8995192
8995191
8995190
8995189
8995188
8995187
8995186
8995185
8995184
8995183
8995182
8995181
8995180
8995179
8995178
8995177
8995176
8995175
8995174
8995173
8995172
8995171
8995170
8995169
8995168
8995167
8995166
8995165
8995164
8995163
8995162
8995161
8995160
8995159
8995158
8995157
8995156
8995155
8995154
8995153
8995152
8995151
8995150
8995149
8995148
8995147
8995146
8995145
8995144
8995143
8995142
8995141
8995140
8995139
8995138
8995137
8995136
8995135
8995134
8995133
8995132
8995131
8995130
8995129
8995128
8995127
8995126
8995125
8995124
8995123
8995122
8995121
8995120
8995119
8995118
8995117
8995116
8995115
8995114
8995113
8995112
8995111
8995110
8995109
8995108
8995107
8995106
8995105
8995104
8995103
8995102
8995101
8995100
8995099
8995098
8995097
8995096
8995095
8995094
8995093
8995092
8995091
8995090
8995089
8995088
8995087
8995086
8995085
8995084
8995083
8995082
8995081
8995080
8995079
8995078
8995077
8995076
8995075
8995074
8995073
8995072
8995071
8995070
8995069
8995068
8995067
8995066
8995065
8995064
8995063
8995062
8995061
8995060
8995059
8995058
8995057
8995056
8995055
8995054
8995053
8995052
8995051
8995050
8995049
8995048
8995047
8995046
8995045
8995044
8995043
8995042
8995041
8995040
8995039
8995038
8995037
8995036
8995035
8995034
8995033
8995032
8995031
8995030
8995029
8995028
8995027
8995026
8995025
8995024
8995023
8995022
8995021
8995020
8995019
8995018
8995017
8995016
8995015
8995014
8995013
8995012
8995011
8995010
8995009
8995008
8995007
8995006
8995005
8995004
8995003
8995002
8995001
8995000
8994999
8994998
8994997
8994996
8994995
8994994
8994993
8994992
8994991
8994990
8994989
8994988
8994987
8994986
8994985
8994984
8994983
8994982
8994981
8994980
8994979
8994978
8994977
8994976
8994975
8994974
8994973
8994972
8994971
8994970
8994969
8994968
8994967
8994966
8994965
8994964
8994963
8994962
8994961
8994960
8994959
8994958
8994957
8994956
8994955
8994954
8994953
8994952
8994951
8994950
8994949
8994948
8994947
8994946
8994945
8994944
8994943
8994942
8994941
8994940
8994939
8994938
8994937
8994936
8994935
8994934
8994933
8994932
8994931
8994930
8994929
8994928
8994927
8994926
8994925
8994924
8994923
8994922
8994921
8994920
8994919
8994918
8994917
8994916
8994915
8994914
8994913
8994912
8994911
8994910
8994909
8994908
8994907
8994906
8994905
8994904
8994903
8994902
8994901
8994900
8994899
8994898
8994897
8994896
8994895
8994894
8994893
8994892
8994891
8994890
8994889
8994888
8994887
8994886
8994885
8994884
8994883
8994882
8994881
8994880
8994879
8994878
8994877
8994876
8994875
8994874
8994873
8994872
8994871
8994870
8994869
8994868
8994867
8994866
8994865
8994864
8994863
8994862
8994861
8994860
8994859
8994858
8994857
8994856
8994855
8994854
8994853
8994852
8994851
8994850
8994849
8994848
8994847
8994846
8994845
8994844
8994843
8994842
8994841
8994840
8994839
8994838
8994837
8994836
8994835
8994834
8994833
8994832
8994831
8994830
8994829
8994828
8994827
8994826
8994825
8994824
8994823
8994822
8994821
8994820
8994819
8994818
8994817
8994816
8994815
8994814
8994813
8994812
8994811
8994810
8994809
8994808
8994807
8994806
8994805
8994804
8994803
8994802
8994801
8994800
8994799
8994798
8994797
8994796
8994795
8994794
8994793
8994792
8994791
8994790
8994789
8994788
8994787
8994786
8994785
8994784
8994783
8994782
8994781
8994780
8994779
8994778
8994777
8994776
8994775
8994774
8994773
8994772
8994771
8994770
8994769
8994768
8994767
8994766
8994765
8994764
8994763
8994762
8994761
8994760
8994759
8994758
8994757
8994756
8994755
8994754
8994753
8994752
8994751
8994750
8994749
8994748
8994747
8994746
8994745
8994744
8994743
8994742
8994741
8994740
8994739
8994738
8994737
8994736
8994735
8994734
8994733
8994732
8994731
8994730
8994729
8994728
8994727
8994726
8994725
8994724
8994723
8994722
8994721
8994720
8994719
8994718
8994717
8994716
8994715
8994714
8994713
8994712
8994711
8994710
8994709
8994708
8994707
8994706
8994705
8994704
8994703
8994702
8994701
8994700
8994699
8994698
8994697
8994696
8994695
8994694
8994693
8994692
8994691
8994690
8994689
8994688
8994687
8994686
8994685
8994684
8994683
8994682
8994681
8994680
8994679
8994678
8994677
8994676
8994675
8994674
8994673
8994672
8994671
8994670
8994669
8994668
8994667
8994666
8994665
8994664
8994663
8994662
8994661
8994660
8994659
8994658
8994657
8994656
8994655
8994654
8994653
8994652
8994651
8994650
8994649
8994648
8994647
8994646
8994645
8994644
8994643
8994642
8994641
8994640
8994639
8994638
8994637
8994636
8994635
8994634
8994633
8994632
8994631
8994630
8994629
8994628
8994627
8994626
8994625
8994624
8994623
8994622
8994621
8994620
8994619
8994618
8994617
8994616
8994615
8994614
8994613
8994612
8994611
8994610
8994609
8994608
8994607
8994606
8994605
8994604
8994603
8994602
8994601
8994600
8994599
8994598
8994597
8994596
8994595
8994594
8994593
8994592
8994591
8994590
8994589
8994588
8994587
8994586
8994585
8994584
8994583
8994582
8994581
8994580
8994579
8994578
8994577
8994576
8994575
8994574
8994573
8994572
8994571
8994570
8994569
8994568
8994567
8994566
8994565
8994564
8994563
8994562
8994561
8994560
8994559
8994558
8994557
8994556
8994555
8994554
8994553
8994552
8994551
8994550
8994549
8994548
8994547
8994546
8994545
8994544
8994543
8994542
8994541
8994540
8994539
8994538
8994537
8994536
8994535
8994534
8994533
8994532
8994531
8994530
8994529
8994528
8994527
8994526
8994525
8994524
8994523
8994522
8994521
8994520
8994519
8994518
8994517
8994516
8994515
8994514
8994513
8994512
8994511
8994510
8994509
8994508
8994507
8994506
8994505
8994504
8994503
8994502
8994501
8994500
8994499
8994498
8994497
8994496
8994495
8994494
8994493
8994492
8994491
8994490
8994489
8994488
8994487
8994486
8994485
8994484
8994483
8994482
8994481
8994480
8994479
8994478
8994477
8994476
8994475
8994474
8994473
8994472
8994471
8994470
8994469
8994468
8994467
8994466
8994465
8994464
8994463
8994462
8994461
8994460
8994459
8994458
8994457
8994456
8994455
8994454
8994453
8994452
8994451
8994450
8994449
8994448
8994447
8994446
8994445
8994444
8994443
8994442
8994441
8994440
8994439
8994438
8994437
8994436
8994435
8994434
8994433
8994432
8994431
8994430
8994429
8994428
8994427
8994426
8994425
8994424
8994423
8994422
8994421
8994420
8994419
8994418
8994417
8994416
8994415
8994414
8994413
8994412
8994411
8994410
8994409
8994408
8994407
8994406
8994405
8994404
8994403
8994402
8994401
8994400
8994399
8994398
8994397
8994396
8994395
8994394
8994393
8994392
8994391
8994390
8994389
8994388
8994387
8994386
8994385
8994384
8994383
8994382
8994381
8994380
8994379
8994378
8994377
8994376
8994375
8994374
8994373
8994372
8994371
8994370
8994369
8994368
8994367
8994366
8994365
8994364
8994363
8994362
8994361
8994360
8994359
8994358
8994357
8994356
8994355
8994354
8994353
8994352
8994351
8994350
8994349
8994348
8994347
8994346
8994345
8994344
8994343
8994342
8994341
8994340
8994339
8994338
8994337
8994336
8994335
8994334
8994333
8994332
8994331
8994330
8994329
8994328
8994327
8994326
8994325
8994324
8994323
8994322
8994321
8994320
8994319
8994318
8994317
8994316
8994315
8994314
8994313
8994312
8994311
8994310
8994309
8994308
8994307
8994306
8994305
8994304
8994303
8994302
8994301
8994300
8994299
8994298
8994297
8994296
8994295
8994294
8994293
8994292
8994291
8994290
8994289
8994288
8994287
8994286
8994285
8994284
8994283
8994282
8994281
8994280
8994279
8994278
8994277
8994276
8994275
8994274
8994273
8994272
8994271
8994270
8994269
8994268
8994267
8994266
8994265
8994264
8994263
8994262
8994261
8994260
8994259
8994258
8994257
8994256
8994255
8994254
8994253
8994252
8994251
8994250
8994249
8994248
8994247
8994246
8994245
8994244
8994243
8994242
8994241
8994240
8994239
8994238
8994237
8994236
8994235
8994234
8994233
8994232
8994231
8994230
8994229
8994228
8994227
8994226
8994225
8994224
8994223
8994222
8994221
8994220
8994219
8994218
8994217
8994216
8994215
8994214
8994213
8994212
8994211
8994210
8994209
8994208
8994207
8994206
8994205
8994204
8994203
8994202
8994201
8994200
8994199
8994198
8994197
8994196
8994195
8994194
8994193
8994192
8994191
8994190
8994189
8994188
8994187
8994186
8994185
8994184
8994183
8994182
8994181
8994180
8994179
8994178
8994177
8994176
8994175
8994174
8994173
8994172
8994171
8994170
8994169
8994168
8994167
8994166
8994165
8994164
8994163
8994162
8994161
8994160
8994159
8994158
8994157
8994156
8994155
8994154
8994153
8994152
8994151
8994150
8994149
8994148
8994147
8994146
8994145
8994144
8994143
8994142
8994141
8994140
8994139
8994138
8994137
8994136
8994135
8994134
8994133
8994132
8994131
8994130
8994129
8994128
8994127
8994126
8994125
8994124
8994123
8994122
8994121
8994120
8994119
8994118
8994117
8994116
8994115
8994114
8994113
8994112
8994111
8994110
8994109
8994108
8994107
8994106
8994105
8994104
8994103
8994102
8994101
8994100
8994099
8994098
8994097
8994096
8994095
8994094
8994093
8994092
8994091
8994090
8994089
8994088
8994087
8994086
8994085
8994084
8994083
8994082
8994081
8994080
8994079
8994078
8994077
8994076
8994075
8994074
8994073
8994072
8994071
8994070
8994069
8994068
8994067
8994066
8994065
8994064
8994063
8994062
8994061
8994060
8994059
8994058
8994057
8994056
8994055
8994054
8994053
8994052
8994051
8994050
8994049
8994048
8994047
8994046
8994045
8994044
8994043
8994042
8994041
8994040
8994039
8994038
8994037
8994036
8994035
8994034
8994033
8994032
8994031
8994030
8994029
8994028
8994027
8994026
8994025
8994024
8994023
8994022
8994021
8994020
8994019
8994018
8994017
8994016
8994015
8994014
8994013
8994012
8994011
8994010
8994009
8994008
8994007
8994006
8994005
8994004
8994003
8994002
8994001
8994000
8993999
8993998
8993997
8993996
8993995
8993994
8993993
8993992
8993991
8993990
8993989
8993988
8993987
8993986
8993985
8993984
8993983
8993982
8993981
8993980
8993979
8993978
8993977
8993976
8993975
8993974
8993973
8993972
8993971
8993970
8993969
8993968
8993967
8993966
8993965
8993964
8993963
8993962
8993961
8993960
8993959
8993958
8993957
8993956
8993955
8993954
8993953
8993952
8993951
8993950
8993949
8993948
8993947
8993946
8993945
8993944
8993943
8993942
8993941
8993940
8993939
8993938
8993937
8993936
8993935
8993934
8993933
8993932
8993931
8993930
8993929
8993928
8993927
8993926
8993925
8993924
8993923
8993922
8993921
8993920
8993919
8993918
8993917
8993916
8993915
8993914
8993913
8993912
8993911
8993910
8993909
8993908
8993907
8993906
8993905
8993904
8993903
8993902
8993901
8993900
8993899
8993898
8993897
8993896
8993895
8993894
8993893
8993892
8993891
8993890
8993889
8993888
8993887
8993886
8993885
8993884
8993883
8993882
8993881
8993880
8993879
8993878
8993877
8993876
8993875
8993874
8993873
8993872
8993871
8993870
8993869
8993868
8993867
8993866
8993865
8993864
8993863
8993862
8993861
8993860
8993859
8993858
8993857
8993856
8993855
8993854
8993853
8993852
8993851
8993850
8993849
8993848
8993847
8993846
8993845
8993844
8993843
8993842
8993841
8993840
8993839
8993838
8993837
8993836
8993835
8993834
8993833
8993832
8993831
8993830
8993829
8993828
8993827
8993826
8993825
8993824
8993823
8993822
8993821
8993820
8993819
8993818
8993817
8993816
8993815
8993814
8993813
8993812
8993811
8993810
8993809
8993808
8993807
8993806
8993805
8993804
8993803
8993802
8993801
8993800
8993799
8993798
8993797
8993796
8993795
8993794
8993793
8993792
8993791
8993790
8993789
8993788
8993787
8993786
8993785
8993784
8993783
8993782
8993781
8993780
8993779
8993778
8993777
8993776
8993775
8993774
8993773
8993772
8993771
8993770
8993769
8993768
8993767
8993766
8993765
8993764
8993763
8993762
8993761
8993760
8993759
8993758
8993757
8993756
8993755
8993754
8993753
8993752
8993751
8993750
8993749
8993748
8993747
8993746
8993745
8993744
8993743
8993742
8993741
8993740
8993739
8993738
8993737
8993736
8993735
8993734
8993733
8993732
8993731
8993730
8993729
8993728
8993727
8993726
8993725
8993724
8993723
8993722
8993721
8993720
8993719
8993718
8993717
8993716
8993715
8993714
8993713
8993712
8993711
8993710
8993709
8993708
8993707
8993706
8993705
8993704
8993703
8993702
8993701
8993700
8993699
8993698
8993697
8993696
8993695
8993694
8993693
8993692
8993691
8993690
8993689
8993688
8993687
8993686
8993685
8993684
8993683
8993682
8993681
8993680
8993679
8993678
8993677
8993676
8993675
8993674
8993673
8993672
8993671
8993670
8993669
8993668
8993667
8993666
8993665
8993664
8993663
8993662
8993661
8993660
8993659
8993658
8993657
8993656
8993655
8993654
8993653
8993652
8993651
8993650
8993649
8993648
8993647
8993646
8993645
8993644
8993643
8993642
8993641
8993640
8993639
8993638
8993637
8993636
8993635
8993634
8993633
8993632
8993631
8993630
8993629
8993628
8993627
8993626
8993625
8993624
8993623
8993622
8993621
8993620
8993619
8993618
8993617
8993616
8993615
8993614
8993613
8993612
8993611
8993610
8993609
8993608
8993607
8993606
8993605
8993604
8993603
8993602
8993601
8993600
8993599
8993598
8993597
8993596
8993595
8993594
8993593
8993592
8993591
8993590
8993589
8993588
8993587
8993586
8993585
8993584
8993583
8993582
8993581
8993580
8993579
8993578
8993577
8993576
8993575
8993574
8993573
8993572
8993571
8993570
8993569
8993568
8993567
8993566
8993565
8993564
8993563
8993562
8993561
8993560
8993559
8993558
8993557
8993556
8993555
8993554
8993553
8993552
8993551
8993550
8993549
8993548
8993547
8993546
8993545
8993544
8993543
8993542
8993541
8993540
8993539
8993538
8993537
8993536
8993535
8993534
8993533
8993532
8993531
8993530
8993529
8993528
8993527
8993526
8993525
8993524
8993523
8993522
8993521
8993520
8993519
8993518
8993517
8993516
8993515
8993514
8993513
8993512
8993511
8993510
8993509
8993508
8993507
8993506
8993505
8993504
8993503
8993502
8993501
8993500
8993499
8993498
8993497
8993496
8993495
8993494
8993493
8993492
8993491
8993490
8993489
8993488
8993487
8993486
8993485
8993484
8993483
8993482
8993481
8993480
8993479
8993478
8993477
8993476
8993475
8993474
8993473
8993472
8993471
8993470
8993469
8993468
8993467
8993466
8993465
8993464
8993463
8993462
8993461
8993460
8993459
8993458
8993457
8993456
8993455
8993454
8993453
8993452
8993451
8993450
8993449
8993448
8993447
8993446
8993445
8993444
8993443
8993442
8993441
8993440
8993439
8993438
8993437
8993436
8993435
8993434
8993433
8993432
8993431
8993430
8993429
8993428
8993427
8993426
8993425
8993424
8993423
8993422
8993421
8993420
8993419
8993418
8993417
8993416
8993415
8993414
8993413
8993412
8993411
8993410
8993409
8993408
8993407
8993406
8993405
8993404
8993403
8993402
8993401
8993400
8993399
8993398
8993397
8993396
8993395
8993394
8993393
8993392
8993391
8993390
8993389
8993388
8993387
8993386
8993385
8993384
8993383
8993382
8993381
8993380
8993379
8993378
8993377
8993376
8993375
8993374
8993373
8993372
8993371
8993370
8993369
8993368
8993367
8993366
8993365
8993364
8993363
8993362
8993361
8993360
8993359
8993358
8993357
8993356
8993355
8993354
8993353
8993352
8993351
8993350
8993349
8993348
8993347
8993346
8993345
8993344
8993343
8993342
8993341
8993340
8993339
8993338
8993337
8993336
8993335
8993334
8993333
8993332
8993331
8993330
8993329
8993328
8993327
8993326
8993325
8993324
8993323
8993322
8993321
8993320
8993319
8993318
8993317
8993316
8993315
8993314
8993313
8993312
8993311
8993310
8993309
8993308
8993307
8993306
8993305
8993304
8993303
8993302
8993301
8993300
8993299
8993298
8993297
8993296
8993295
8993294
8993293
8993292
8993291
8993290
8993289
8993288
8993287
8993286
8993285
8993284
8993283
8993282
8993281
8993280
8993279
8993278
8993277
8993276
8993275
8993274
8993273
8993272
8993271
8993270
8993269
8993268
8993267
8993266
8993265
8993264
8993263
8993262
8993261
8993260
8993259
8993258
8993257
8993256
8993255
8993254
8993253
8993252
8993251
8993250
8993249
8993248
8993247
8993246
8993245
8993244
8993243
8993242
8993241
8993240
8993239
8993238
8993237
8993236
8993235
8993234
8993233
8993232
8993231
8993230
8993229
8993228
8993227
8993226
8993225
8993224
8993223
8993222
8993221
8993220
8993219
8993218
8993217
8993216
8993215
8993214
8993213
8993212
8993211
8993210
8993209
8993208
8993207
8993206
8993205
8993204
8993203
8993202
8993201
8993200
8993199
8993198
8993197
8993196
8993195
8993194
8993193
8993192
8993191
8993190
8993189
8993188
8993187
8993186
8993185
8993184
8993183
8993182
8993181
8993180
8993179
8993178
8993177
8993176
8993175
8993174
8993173
8993172
8993171
8993170
8993169
8993168
8993167
8993166
8993165
8993164
8993163
8993162
8993161
8993160
8993159
8993158
8993157
8993156
8993155
8993154
8993153
8993152
8993151
8993150
8993149
8993148
8993147
8993146
8993145
8993144
8993143
8993142
8993141
8993140
8993139
8993138
8993137
8993136
8993135
8993134
8993133
8993132
8993131
8993130
8993129
8993128
8993127
8993126
8993125
8993124
8993123
8993122
8993121
8993120
8993119
8993118
8993117
8993116
8993115
8993114
8993113
8993112
8993111
8993110
8993109
8993108
8993107
8993106
8993105
8993104
8993103
8993102
8993101
8993100
8993099
8993098
8993097
8993096
8993095
8993094
8993093
8993092
8993091
8993090
8993089
8993088
8993087
8993086
8993085
8993084
8993083
8993082
8993081
8993080
8993079
8993078
8993077
8993076
8993075
8993074
8993073
8993072
8993071
8993070
8993069
8993068
8993067
8993066
8993065
8993064
8993063
8993062
8993061
8993060
8993059
8993058
8993057
8993056
8993055
8993054
8993053
8993052
8993051
8993050
8993049
8993048
8993047
8993046
8993045
8993044
8993043
8993042
8993041
8993040
8993039
8993038
8993037
8993036
8993035
8993034
8993033
8993032
8993031
8993030
8993029
8993028
8993027
8993026
8993025
8993024
8993023
8993022
8993021
8993020
8993019
8993018
8993017
8993016
8993015
8993014
8993013
8993012
8993011
8993010
8993009
8993008
8993007
8993006
8993005
8993004
8993003
8993002
8993001
8993000
8992999
8992998
8992997
8992996
8992995
8992994
8992993
8992992
8992991
8992990
8992989
8992988
8992987
8992986
8992985
8992984
8992983
8992982
8992981
8992980
8992979
8992978
8992977
8992976
8992975
8992974
8992973
8992972
8992971
8992970
8992969
8992968
8992967
8992966
8992965
8992964
8992963
8992962
8992961
8992960
8992959
8992958
8992957
8992956
8992955
8992954
8992953
8992952
8992951
8992950
8992949
8992948
8992947
8992946
8992945
8992944
8992943
8992942
8992941
8992940
8992939
8992938
8992937
8992936
8992935
8992934
8992933
8992932
8992931
8992930
8992929
8992928
8992927
8992926
8992925
8992924
8992923
8992922
8992921
8992920
8992919
8992918
8992917
8992916
8992915
8992914
8992913
8992912
8992911
8992910
8992909
8992908
8992907
8992906
8992905
8992904
8992903
8992902
8992901
8992900
8992899
8992898
8992897
8992896
8992895
8992894
8992893
8992892
8992891
8992890
8992889
8992888
8992887
8992886
8992885
8992884
8992883
8992882
8992881
8992880
8992879
8992878
8992877
8992876
8992875
8992874
8992873
8992872
8992871
8992870
8992869
8992868
8992867
8992866
8992865
8992864
8992863
8992862
8992861
8992860
8992859
8992858
8992857
8992856
8992855
8992854
8992853
8992852
8992851
8992850
8992849
8992848
8992847
8992846
8992845
8992844
8992843
8992842
8992841
8992840
8992839
8992838
8992837
8992836
8992835
8992834
8992833
8992832
8992831
8992830
8992829
8992828
8992827
8992826
8992825
8992824
8992823
8992822
8992821
8992820
8992819
8992818
8992817
8992816
8992815
8992814
8992813
8992812
8992811
8992810
8992809
8992808
8992807
8992806
8992805
8992804
8992803
8992802
8992801
8992800
8992799
8992798
8992797
8992796
8992795
8992794
8992793
8992792
8992791
8992790
8992789
8992788
8992787
8992786
8992785
8992784
8992783
8992782
8992781
8992780
8992779
8992778
8992777
8992776
8992775
8992774
8992773
8992772
8992771
8992770
8992769
8992768
8992767
8992766
8992765
8992764
8992763
8992762
8992761
8992760
8992759
8992758
8992757
8992756
8992755
8992754
8992753
8992752
8992751
8992750
8992749
8992748
8992747
8992746
8992745
8992744
8992743
8992742
8992741
8992740
8992739
8992738
8992737
8992736
8992735
8992734
8992733
8992732
8992731
8992730
8992729
8992728
8992727
8992726
8992725
8992724
8992723
8992722
8992721
8992720
8992719
8992718
8992717
8992716
8992715
8992714
8992713
8992712
8992711
8992710
8992709
8992708
8992707
8992706
8992705
8992704
8992703
8992702
8992701
8992700
8992699
8992698
8992697
8992696
8992695
8992694
8992693
8992692
8992691
8992690
8992689
8992688
8992687
8992686
8992685
8992684
8992683
8992682
8992681
8992680
8992679
8992678
8992677
8992676
8992675
8992674
8992673
8992672
8992671
8992670
8992669
8992668
8992667
8992666
8992665
8992664
8992663
8992662
8992661
8992660
8992659
8992658
8992657
8992656
8992655
8992654
8992653
8992652
8992651
8992650
8992649
8992648
8992647
8992646
8992645
8992644
8992643
8992642
8992641
8992640
8992639
8992638
8992637
8992636
8992635
8992634
8992633
8992632
8992631
8992630
8992629
8992628
8992627
8992626
8992625
8992624
8992623
8992622
8992621
8992620
8992619
8992618
8992617
8992616
8992615
8992614
8992613
8992612
8992611
8992610
8992609
8992608
8992607
8992606
8992605
8992604
8992603
8992602
8992601
8992600
8992599
8992598
8992597
8992596
8992595
8992594
8992593
8992592
8992591
8992590
8992589
8992588
8992587
8992586
8992585
8992584
8992583
8992582
8992581
8992580
8992579
8992578
8992577
8992576
8992575
8992574
8992573
8992572
8992571
8992570
8992569
8992568
8992567
8992566
8992565
8992564
8992563
8992562
8992561
8992560
8992559
8992558
8992557
8992556
8992555
8992554
8992553
8992552
8992551
8992550
8992549
8992548
8992547
8992546
8992545
8992544
8992543
8992542
8992541
8992540
8992539
8992538
8992537
8992536
8992535
8992534
8992533
8992532
8992531
8992530
8992529
8992528
8992527
8992526
8992525
8992524
8992523
8992522
8992521
8992520
8992519
8992518
8992517
8992516
8992515
8992514
8992513
8992512
8992511
8992510
8992509
8992508
8992507
8992506
8992505
8992504
8992503
8992502
8992501
8992500
8992499
8992498
8992497
8992496
8992495
8992494
8992493
8992492
8992491
8992490
8992489
8992488
8992487
8992486
8992485
8992484
8992483
8992482
8992481
8992480
8992479
8992478
8992477
8992476
8992475
8992474
8992473
8992472
8992471
8992470
8992469
8992468
8992467
8992466
8992465
8992464
8992463
8992462
8992461
8992460
8992459
8992458
8992457
8992456
8992455
8992454
8992453
8992452
8992451
8992450
8992449
8992448
8992447
8992446
8992445
8992444
8992443
8992442
8992441
8992440
8992439
8992438
8992437
8992436
8992435
8992434
8992433
8992432
8992431
8992430
8992429
8992428
8992427
8992426
8992425
8992424
8992423
8992422
8992421
8992420
8992419
8992418
8992417
8992416
8992415
8992414
8992413
8992412
8992411
8992410
8992409
8992408
8992407
8992406
8992405
8992404
8992403
8992402
8992401
8992400
8992399
8992398
8992397
8992396
8992395
8992394
8992393
8992392
8992391
8992390
8992389
8992388
8992387
8992386
8992385
8992384
8992383
8992382
8992381
8992380
8992379
8992378
8992377
8992376
8992375
8992374
8992373
8992372
8992371
8992370
8992369
8992368
8992367
8992366
8992365
8992364
8992363
8992362
8992361
8992360
8992359
8992358
8992357
8992356
8992355
8992354
8992353
8992352
8992351
8992350
8992349
8992348
8992347
8992346
8992345
8992344
8992343
8992342
8992341
8992340
8992339
8992338
8992337
8992336
8992335
8992334
8992333
8992332
8992331
8992330
8992329
8992328
8992327
8992326
8992325
8992324
8992323
8992322
8992321
8992320
8992319
8992318
8992317
8992316
8992315
8992314
8992313
8992312
8992311
8992310
8992309
8992308
8992307
8992306
8992305
8992304
8992303
8992302
8992301
8992300
8992299
8992298
8992297
8992296
8992295
8992294
8992293
8992292
8992291
8992290
8992289
8992288
8992287
8992286
8992285
8992284
8992283
8992282
8992281
8992280
8992279
8992278
8992277
8992276
8992275
8992274
8992273
8992272
8992271
8992270
8992269
8992268
8992267
8992266
8992265
8992264
8992263
8992262
8992261
8992260
8992259
8992258
8992257
8992256
8992255
8992254
8992253
8992252
8992251
8992250
8992249
8992248
8992247
8992246
8992245
8992244
8992243
8992242
8992241
8992240
8992239
8992238
8992237
8992236
8992235
8992234
8992233
8992232
8992231
8992230
8992229
8992228
8992227
8992226
8992225
8992224
8992223
8992222
8992221
8992220
8992219
8992218
8992217
8992216
8992215
8992214
8992213
8992212
8992211
8992210
8992209
8992208
8992207
8992206
8992205
8992204
8992203
8992202
8992201
8992200
8992199
8992198
8992197
8992196
8992195
8992194
8992193
8992192
8992191
8992190
8992189
8992188
8992187
8992186
8992185
8992184
8992183
8992182
8992181
8992180
8992179
8992178
8992177
8992176
8992175
8992174
8992173
8992172
8992171
8992170
8992169
8992168
8992167
8992166
8992165
8992164
8992163
8992162
8992161
8992160
8992159
8992158
8992157
8992156
8992155
8992154
8992153
8992152
8992151
8992150
8992149
8992148
8992147
8992146
8992145
8992144
8992143
8992142
8992141
8992140
8992139
8992138
8992137
8992136
8992135
8992134
8992133
8992132
8992131
8992130
8992129
8992128
8992127
8992126
8992125
8992124
8992123
8992122
8992121
8992120
8992119
8992118
8992117
8992116
8992115
8992114
8992113
8992112
8992111
8992110
8992109
8992108
8992107
8992106
8992105
8992104
8992103
8992102
8992101
8992100
8992099
8992098
8992097
8992096
8992095
8992094
8992093
8992092
8992091
8992090
8992089
8992088
8992087
8992086
8992085
8992084
8992083
8992082
8992081
8992080
8992079
8992078
8992077
8992076
8992075
8992074
8992073
8992072
8992071
8992070
8992069
8992068
8992067
8992066
8992065
8992064
8992063
8992062
8992061
8992060
8992059
8992058
8992057
8992056
8992055
8992054
8992053
8992052
8992051
8992050
8992049
8992048
8992047
8992046
8992045
8992044
8992043
8992042
8992041
8992040
8992039
8992038
8992037
8992036
8992035
8992034
8992033
8992032
8992031
8992030
8992029
8992028
8992027
8992026
8992025
8992024
8992023
8992022
8992021
8992020
8992019
8992018
8992017
8992016
8992015
8992014
8992013
8992012
8992011
8992010
8992009
8992008
8992007
8992006
8992005
8992004
8992003
8992002
8992001
8992000
8991999
8991998
8991997
8991996
8991995
8991994
8991993
8991992
8991991
8991990
8991989
8991988
8991987
8991986
8991985
8991984
8991983
8991982
8991981
8991980
8991979
8991978
8991977
8991976
8991975
8991974
8991973
8991972
8991971
8991970
8991969
8991968
8991967
8991966
8991965
8991964
8991963
8991962
8991961
8991960
8991959
8991958
8991957
8991956
8991955
8991954
8991953
8991952
8991951
8991950
8991949
8991948
8991947
8991946
8991945
8991944
8991943
8991942
8991941
8991940
8991939
8991938
8991937
8991936
8991935
8991934
8991933
8991932
8991931
8991930
8991929
8991928
8991927
8991926
8991925
8991924
8991923
8991922
8991921
8991920
8991919
8991918
8991917
8991916
8991915
8991914
8991913
8991912
8991911
8991910
8991909
8991908
8991907
8991906
8991905
8991904
8991903
8991902
8991901
8991900
8991899
8991898
8991897
8991896
8991895
8991894
8991893
8991892
8991891
8991890
8991889
8991888
8991887
8991886
8991885
8991884
8991883
8991882
8991881
8991880
8991879
8991878
8991877
8991876
8991875
8991874
8991873
8991872
8991871
8991870
8991869
8991868
8991867
8991866
8991865
8991864
8991863
8991862
8991861
8991860
8991859
8991858
8991857
8991856
8991855
8991854
8991853
8991852
8991851
8991850
8991849
8991848
8991847
8991846
8991845
8991844
8991843
8991842
8991841
8991840
8991839
8991838
8991837
8991836
8991835
8991834
8991833
8991832
8991831
8991830
8991829
8991828
8991827
8991826
8991825
8991824
8991823
8991822
8991821
8991820
8991819
8991818
8991817
8991816
8991815
8991814
8991813
8991812
8991811
8991810
8991809
8991808
8991807
8991806
8991805
8991804
8991803
8991802
8991801
8991800
8991799
8991798
8991797
8991796
8991795
8991794
8991793
8991792
8991791
8991790
8991789
8991788
8991787
8991786
8991785
8991784
8991783
8991782
8991781
8991780
8991779
8991778
8991777
8991776
8991775
8991774
8991773
8991772
8991771
8991770
8991769
8991768
8991767
8991766
8991765
8991764
8991763
8991762
8991761
8991760
8991759
8991758
8991757
8991756
8991755
8991754
8991753
8991752
8991751
8991750
8991749
8991748
8991747
8991746
8991745
8991744
8991743
8991742
8991741
8991740
8991739
8991738
8991737
8991736
8991735
8991734
8991733
8991732
8991731
8991730
8991729
8991728
8991727
8991726
8991725
8991724
8991723
8991722
8991721
8991720
8991719
8991718
8991717
8991716
8991715
8991714
8991713
8991712
8991711
8991710
8991709
8991708
8991707
8991706
8991705
8991704
8991703
8991702
8991701
8991700
8991699
8991698
8991697
8991696
8991695
8991694
8991693
8991692
8991691
8991690
8991689
8991688
8991687
8991686
8991685
8991684
8991683
8991682
8991681
8991680
8991679
8991678
8991677
8991676
8991675
8991674
8991673
8991672
8991671
8991670
8991669
8991668
8991667
8991666
8991665
8991664
8991663
8991662
8991661
8991660
8991659
8991658
8991657
8991656
8991655
8991654
8991653
8991652
8991651
8991650
8991649
8991648
8991647
8991646
8991645
8991644
8991643
8991642
8991641
8991640
8991639
8991638
8991637
8991636
8991635
8991634
8991633
8991632
8991631
8991630
8991629
8991628
8991627
8991626
8991625
8991624
8991623
8991622
8991621
8991620
8991619
8991618
8991617
8991616
8991615
8991614
8991613
8991612
8991611
8991610
8991609
8991608
8991607
8991606
8991605
8991604
8991603
8991602
8991601
8991600
8991599
8991598
8991597
8991596
8991595
8991594
8991593
8991592
8991591
8991590
8991589
8991588
8991587
8991586
8991585
8991584
8991583
8991582
8991581
8991580
8991579
8991578
8991577
8991576
8991575
8991574
8991573
8991572
8991571
8991570
8991569
8991568
8991567
8991566
8991565
8991564
8991563
8991562
8991561
8991560
8991559
8991558
8991557
8991556
8991555
8991554
8991553
8991552
8991551
8991550
8991549
8991548
8991547
8991546
8991545
8991544
8991543
8991542
8991541
8991540
8991539
8991538
8991537
8991536
8991535
8991534
8991533
8991532
8991531
8991530
8991529
8991528
8991527
8991526
8991525
8991524
8991523
8991522
8991521
8991520
8991519
8991518
8991517
8991516
8991515
8991514
8991513
8991512
8991511
8991510
8991509
8991508
8991507
8991506
8991505
8991504
8991503
8991502
8991501
8991500
8991499
8991498
8991497
8991496
8991495
8991494
8991493
8991492
8991491
8991490
8991489
8991488
8991487
8991486
8991485
8991484
8991483
8991482
8991481
8991480
8991479
8991478
8991477
8991476
8991475
8991474
8991473
8991472
8991471
8991470
8991469
8991468
8991467
8991466
8991465
8991464
8991463
8991462
8991461
8991460
8991459
8991458
8991457
8991456
8991455
8991454
8991453
8991452
8991451
8991450
8991449
8991448
8991447
8991446
8991445
8991444
8991443
8991442
8991441
8991440
8991439
8991438
8991437
8991436
8991435
8991434
8991433
8991432
8991431
8991430
8991429
8991428
8991427
8991426
8991425
8991424
8991423
8991422
8991421
8991420
8991419
8991418
8991417
8991416
8991415
8991414
8991413
8991412
8991411
8991410
8991409
8991408
8991407
8991406
8991405
8991404
8991403
8991402
8991401
8991400
8991399
8991398
8991397
8991396
8991395
8991394
8991393
8991392
8991391
8991390
8991389
8991388
8991387
8991386
8991385
8991384
8991383
8991382
8991381
8991380
8991379
8991378
8991377
8991376
8991375
8991374
8991373
8991372
8991371
8991370
8991369
8991368
8991367
8991366
8991365
8991364
8991363
8991362
8991361
8991360
8991359
8991358
8991357
8991356
8991355
8991354
8991353
8991352
8991351
8991350
8991349
8991348
8991347
8991346
8991345
8991344
8991343
8991342
8991341
8991340
8991339
8991338
8991337
8991336
8991335
8991334
8991333
8991332
8991331
8991330
8991329
8991328
8991327
8991326
8991325
8991324
8991323
8991322
8991321
8991320
8991319
8991318
8991317
8991316
8991315
8991314
8991313
8991312
8991311
8991310
8991309
8991308
8991307
8991306
8991305
8991304
8991303
8991302
8991301
8991300
8991299
8991298
8991297
8991296
8991295
8991294
8991293
8991292
8991291
8991290
8991289
8991288
8991287
8991286
8991285
8991284
8991283
8991282
8991281
8991280
8991279
8991278
8991277
8991276
8991275
8991274
8991273
8991272
8991271
8991270
8991269
8991268
8991267
8991266
8991265
8991264
8991263
8991262
8991261
8991260
8991259
8991258
8991257
8991256
8991255
8991254
8991253
8991252
8991251
8991250
8991249
8991248
8991247
8991246
8991245
8991244
8991243
8991242
8991241
8991240
8991239
8991238
8991237
8991236
8991235
8991234
8991233
8991232
8991231
8991230
8991229
8991228
8991227
8991226
8991225
8991224
8991223
8991222
8991221
8991220
8991219
8991218
8991217
8991216
8991215
8991214
8991213
8991212
8991211
8991210
8991209
8991208
8991207
8991206
8991205
8991204
8991203
8991202
8991201
8991200
8991199
8991198
8991197
8991196
8991195
8991194
8991193
8991192
8991191
8991190
8991189
8991188
8991187
8991186
8991185
8991184
8991183
8991182
8991181
8991180
8991179
8991178
8991177
8991176
8991175
8991174
8991173
8991172
8991171
8991170
8991169
8991168
8991167
8991166
8991165
8991164
8991163
8991162
8991161
8991160
8991159
8991158
8991157
8991156
8991155
8991154
8991153
8991152
8991151
8991150
8991149
8991148
8991147
8991146
8991145
8991144
8991143
8991142
8991141
8991140
8991139
8991138
8991137
8991136
8991135
8991134
8991133
8991132
8991131
8991130
8991129
8991128
8991127
8991126
8991125
8991124
8991123
8991122
8991121
8991120
8991119
8991118
8991117
8991116
8991115
8991114
8991113
8991112
8991111
8991110
8991109
8991108
8991107
8991106
8991105
8991104
8991103
8991102
8991101
8991100
8991099
8991098
8991097
8991096
8991095
8991094
8991093
8991092
8991091
8991090
8991089
8991088
8991087
8991086
8991085
8991084
8991083
8991082
8991081
8991080
8991079
8991078
8991077
8991076
8991075
8991074
8991073
8991072
8991071
8991070
8991069
8991068
8991067
8991066
8991065
8991064
8991063
8991062
8991061
8991060
8991059
8991058
8991057
8991056
8991055
8991054
8991053
8991052
8991051
8991050
8991049
8991048
8991047
8991046
8991045
8991044
8991043
8991042
8991041
8991040
8991039
8991038
8991037
8991036
8991035
8991034
8991033
8991032
8991031
8991030
8991029
8991028
8991027
8991026
8991025
8991024
8991023
8991022
8991021
8991020
8991019
8991018
8991017
8991016
8991015
8991014
8991013
8991012
8991011
8991010
8991009
8991008
8991007
8991006
8991005
8991004
8991003
8991002
8991001
8991000
8990999
8990998
8990997
8990996
8990995
8990994
8990993
8990992
8990991
8990990
8990989
8990988
8990987
8990986
8990985
8990984
8990983
8990982
8990981
8990980
8990979
8990978
8990977
8990976
8990975
8990974
8990973
8990972
8990971
8990970
8990969
8990968
8990967
8990966
8990965
8990964
8990963
8990962
8990961
8990960
8990959
8990958
8990957
8990956
8990955
8990954
8990953
8990952
8990951
8990950
8990949
8990948
8990947
8990946
8990945
8990944
8990943
8990942
8990941
8990940
8990939
8990938
8990937
8990936
8990935
8990934
8990933
8990932
8990931
8990930
8990929
8990928
8990927
8990926
8990925
8990924
8990923
8990922
8990921
8990920
8990919
8990918
8990917
8990916
8990915
8990914
8990913
8990912
8990911
8990910
8990909
8990908
8990907
8990906
8990905
8990904
8990903
8990902
8990901
8990900
8990899
8990898
8990897
8990896
8990895
8990894
8990893
8990892
8990891
8990890
8990889
8990888
8990887
8990886
8990885
8990884
8990883
8990882
8990881
8990880
8990879
8990878
8990877
8990876
8990875
8990874
8990873
8990872
8990871
8990870
8990869
8990868
8990867
8990866
8990865
8990864
8990863
8990862
8990861
8990860
8990859
8990858
8990857
8990856
8990855
8990854
8990853
8990852
8990851
8990850
8990849
8990848
8990847
8990846
8990845
8990844
8990843
8990842
8990841
8990840
8990839
8990838
8990837
8990836
8990835
8990834
8990833
8990832
8990831
8990830
8990829
8990828
8990827
8990826
8990825
8990824
8990823
8990822
8990821
8990820
8990819
8990818
8990817
8990816
8990815
8990814
8990813
8990812
8990811
8990810
8990809
8990808
8990807
8990806
8990805
8990804
8990803
8990802
8990801
8990800
8990799
8990798
8990797
8990796
8990795
8990794
8990793
8990792
8990791
8990790
8990789
8990788
8990787
8990786
8990785
8990784
8990783
8990782
8990781
8990780
8990779
8990778
8990777
8990776
8990775
8990774
8990773
8990772
8990771
8990770
8990769
8990768
8990767
8990766
8990765
8990764
8990763
8990762
8990761
8990760
8990759
8990758
8990757
8990756
8990755
8990754
8990753
8990752
8990751
8990750
8990749
8990748
8990747
8990746
8990745
8990744
8990743
8990742
8990741
8990740
8990739
8990738
8990737
8990736
8990735
8990734
8990733
8990732
8990731
8990730
8990729
8990728
8990727
8990726
8990725
8990724
8990723
8990722
8990721
8990720
8990719
8990718
8990717
8990716
8990715
8990714
8990713
8990712
8990711
8990710
8990709
8990708
8990707
8990706
8990705
8990704
8990703
8990702
8990701
8990700
8990699
8990698
8990697
8990696
8990695
8990694
8990693
8990692
8990691
8990690
8990689
8990688
8990687
8990686
8990685
8990684
8990683
8990682
8990681
8990680
8990679
8990678
8990677
8990676
8990675
8990674
8990673
8990672
8990671
8990670
8990669
8990668
8990667
8990666
8990665
8990664
8990663
8990662
8990661
8990660
8990659
8990658
8990657
8990656
8990655
8990654
8990653
8990652
8990651
8990650
8990649
8990648
8990647
8990646
8990645
8990644
8990643
8990642
8990641
8990640
8990639
8990638
8990637
8990636
8990635
8990634
8990633
8990632
8990631
8990630
8990629
8990628
8990627
8990626
8990625
8990624
8990623
8990622
8990621
8990620
8990619
8990618
8990617
8990616
8990615
8990614
8990613
8990612
8990611
8990610
8990609
8990608
8990607
8990606
8990605
8990604
8990603
8990602
8990601
8990600
8990599
8990598
8990597
8990596
8990595
8990594
8990593
8990592
8990591
8990590
8990589
8990588
8990587
8990586
8990585
8990584
8990583
8990582
8990581
8990580
8990579
8990578
8990577
8990576
8990575
8990574
8990573
8990572
8990571
8990570
8990569
8990568
8990567
8990566
8990565
8990564
8990563
8990562
8990561
8990560
8990559
8990558
8990557
8990556
8990555
8990554
8990553
8990552
8990551
8990550
8990549
8990548
8990547
8990546
8990545
8990544
8990543
8990542
8990541
8990540
8990539
8990538
8990537
8990536
8990535
8990534
8990533
8990532
8990531
8990530
8990529
8990528
8990527
8990526
8990525
8990524
8990523
8990522
8990521
8990520
8990519
8990518
8990517
8990516
8990515
8990514
8990513
8990512
8990511
8990510
8990509
8990508
8990507
8990506
8990505
8990504
8990503
8990502
8990501
8990500
8990499
8990498
8990497
8990496
8990495
8990494
8990493
8990492
8990491
8990490
8990489
8990488
8990487
8990486
8990485
8990484
8990483
8990482
8990481
8990480
8990479
8990478
8990477
8990476
8990475
8990474
8990473
8990472
8990471
8990470
8990469
8990468
8990467
8990466
8990465
8990464
8990463
8990462
8990461
8990460
8990459
8990458
8990457
8990456
8990455
8990454
8990453
8990452
8990451
8990450
8990449
8990448
8990447
8990446
8990445
8990444
8990443
8990442
8990441
8990440
8990439
8990438
8990437
8990436
8990435
8990434
8990433
8990432
8990431
8990430
8990429
8990428
8990427
8990426
8990425
8990424
8990423
8990422
8990421
8990420
8990419
8990418
8990417
8990416
8990415
8990414
8990413
8990412
8990411
8990410
8990409
8990408
8990407
8990406
8990405
8990404
8990403
8990402
8990401
8990400
8990399
8990398
8990397
8990396
8990395
8990394
8990393
8990392
8990391
8990390
8990389
8990388
8990387
8990386
8990385
8990384
8990383
8990382
8990381
8990380
8990379
8990378
8990377
8990376
8990375
8990374
8990373
8990372
8990371
8990370
8990369
8990368
8990367
8990366
8990365
8990364
8990363
8990362
8990361
8990360
8990359
8990358
8990357
8990356
8990355
8990354
8990353
8990352
8990351
8990350
8990349
8990348
8990347
8990346
8990345
8990344
8990343
8990342
8990341
8990340
8990339
8990338
8990337
8990336
8990335
8990334
8990333
8990332
8990331
8990330
8990329
8990328
8990327
8990326
8990325
8990324
8990323
8990322
8990321
8990320
8990319
8990318
8990317
8990316
8990315
8990314
8990313
8990312
8990311
8990310
8990309
8990308
8990307
8990306
8990305
8990304
8990303
8990302
8990301
8990300
8990299
8990298
8990297
8990296
8990295
8990294
8990293
8990292
8990291
8990290
8990289
8990288
8990287
8990286
8990285
8990284
8990283
8990282
8990281
8990280
8990279
8990278
8990277
8990276
8990275
8990274
8990273
8990272
8990271
8990270
8990269
8990268
8990267
8990266
8990265
8990264
8990263
8990262
8990261
8990260
8990259
8990258
8990257
8990256
8990255
8990254
8990253
8990252
8990251
8990250
8990249
8990248
8990247
8990246
8990245
8990244
8990243
8990242
8990241
8990240
8990239
8990238
8990237
8990236
8990235
8990234
8990233
8990232
8990231
8990230
8990229
8990228
8990227
8990226
8990225
8990224
8990223
8990222
8990221
8990220
8990219
8990218
8990217
8990216
8990215
8990214
8990213
8990212
8990211
8990210
8990209
8990208
8990207
8990206
8990205
8990204
8990203
8990202
8990201
8990200
8990199
8990198
8990197
8990196
8990195
8990194
8990193
8990192
8990191
8990190
8990189
8990188
8990187
8990186
8990185
8990184
8990183
8990182
8990181
8990180
8990179
8990178
8990177
8990176
8990175
8990174
8990173
8990172
8990171
8990170
8990169
8990168
8990167
8990166
8990165
8990164
8990163
8990162
8990161
8990160
8990159
8990158
8990157
8990156
8990155
8990154
8990153
8990152
8990151
8990150
8990149
8990148
8990147
8990146
8990145
8990144
8990143
8990142
8990141
8990140
8990139
8990138
8990137
8990136
8990135
8990134
8990133
8990132
8990131
8990130
8990129
8990128
8990127
8990126
8990125
8990124
8990123
8990122
8990121
8990120
8990119
8990118
8990117
8990116
8990115
8990114
8990113
8990112
8990111
8990110
8990109
8990108
8990107
8990106
8990105
8990104
8990103
8990102
8990101
8990100
8990099
8990098
8990097
8990096
8990095
8990094
8990093
8990092
8990091
8990090
8990089
8990088
8990087
8990086
8990085
8990084
8990083
8990082
8990081
8990080
8990079
8990078
8990077
8990076
8990075
8990074
8990073
8990072
8990071
8990070
8990069
8990068
8990067
8990066
8990065
8990064
8990063
8990062
8990061
8990060
8990059
8990058
8990057
8990056
8990055
8990054
8990053
8990052
8990051
8990050
8990049
8990048
8990047
8990046
8990045
8990044
8990043
8990042
8990041
8990040
8990039
8990038
8990037
8990036
8990035
8990034
8990033
8990032
8990031
8990030
8990029
8990028
8990027
8990026
8990025
8990024
8990023
8990022
8990021
8990020
8990019
8990018
8990017
8990016
8990015
8990014
8990013
8990012
8990011
8990010
8990009
8990008
8990007
8990006
8990005
8990004
8990003
8990002
8990001
