100
2756845
8298237
5714272
4268024
2514794
2141472
5460089
9147533
1229994
9768682
7008658
5269429
9258525
3579399
4677301
6246476
6694619
1282887
8981891
2259949
1082185
8500594
2120005
2803683
4465561
1386284
6656683
7404124
3280041
4204618
6960597
7926707
3853071
8728805
3535807
2988517
3836986
1924271
4098921
7490214
9814867
1677212
2544759
4473045
7507461
8464491
3167174
3098374
3154299
8840445
6408367
1162719
6998160
5480302
7415824
3250333
2748515
9411146
4719488
2905936
1235676
4010066
3427939
1797404
1707521
4645807
4335575
5967410
9265326
9012694
4200997
8606894
5106148
7864645
2346186
5527355
1494992
2717093
6457167
5602556
1255222
8890178
3891752
8359908
2938207
4195567
2052394
5690305
5854504
8406125
5849184
9996277
1492116
8364845
2634790
7692862
5382277
9722268
7858455
4741742
