1000
4399907
2336375
5863629
9651991
7371480
4791160
1358452
8006385
5956650
2318649
4169005
1503162
6629066
7260766
9638312
4937995
8089876
2278129
2504870
6209953
6562831
9139748
3944383
1071631
3985755
1712696
1317629
4701117
3230571
1517701
7874872
4688296
3210492
8575322
3937220
2805611
2538868
7071799
2175705
5229830
9150543
7052088
9503946
5956334
6457046
5029117
1450184
3847725
3931929
8649199
4062168
8429858
3037911
3771284
3806578
4287723
9212251
8232350
2842955
7939201
6890897
6148623
8984350
6469668
8992194
4844401
4626815
8599376
4015237
6581606
4585560
4099759
7273127
5325779
7594760
5647656
3626829
6800337
7310129
8297520
9684871
7399957
6048625
4428087
6091295
1604511
3466588
2778086
4733259
9713202
7448935
6778943
2878279
9090395
2233840
7363364
2370255
7816869
7634413
9666588
5371764
4608291
5132570
8593442
4213012
7228567
4513736
8233432
5023023
8344322
8114194
8193171
7076952
6535796
3476698
7695752
2739369
5999622
2588532
9648839
3299707
7123157
6439233
1347070
6754452
8872472
2094807
4251177
8015625
1299181
1593463
6580632
6373111
5889225
4602351
6477152
8210213
3143110
9797681
8008509
5041565
4179625
6374260
6998472
5796058
8362771
7059594
3359973
4269076
3068623
2611827
3561336
5478930
8029550
3046960
6414320
8743480
1702967
8814314
9107059
4023898
2628065
4526324
8791203
6062735
7607125
3626118
1081785
9697618
6054263
6142780
4981817
3806341
8041149
6378271
1128837
5579719
7783979
1205898
5955254
4242384
4602181
7592952
7205319
2191906
5064525
5430981
6620043
1107915
6539574
5723954
4397426
5843537
5508986
3690645
1922543
6980349
2699601
2611920
4451701
1153291
5778386
3635505
9497594
4184568
7347918
8189770
3864379
9049870
2071250
7713714
5658570
6416053
8610077
8828756
4292229
5012482
4995194
9679071
5779600
1849869
9328648
7155686
7608317
1274182
8010375
4733217
2468666
6641223
2245076
3046404
8429187
2947168
8963344
5366007
3306089
2311487
3729309
7488134
3668138
5719319
1026154
5617361
1054282
7058563
4083449
8693687
6558434
7640219
5119638
6809759
6885663
7166406
8388122
8832071
1251774
2004112
1967168
3767353
6335205
4829119
3612630
8963283
7646925
1334361
7856968
2813654
2570398
5753824
7802121
2196802
4101082
5684050
9351763
5339072
4134990
4933722
5694552
8643256
3995462
6352779
7100208
1764484
7264984
2068454
1328822
2944733
7400227
8305249
2114574
2064509
3066800
1758355
5312464
3169101
1990057
2154086
1538362
1617264
4855392
2656101
7863434
2078351
6211107
8928455
2511115
6232598
3762374
3547826
3098994
6144808
3156072
7318699
7433225
6184207
1190090
4530661
1204922
6531127
7614037
7874152
9484999
6055660
9381403
9454205
9610897
7090769
4373656
3135504
2152831
1882634
6139793
1060861
9959521
5449652
2071804
6555798
8873756
5112836
1978426
8371195
2400040
1506518
3311418
9825227
9678280
2100568
3574055
8728931
2751257
7947310
3709492
1990325
9476358
6405463
5640046
3140804
9218066
2388263
1498721
3126413
6211718
3640247
7733559
6579440
8051237
3164178
3543926
6022751
7333734
8187970
4926449
8149709
7151537
1051163
4062810
1513484
6532933
9777422
1199565
1879497
2922704
9550937
6293807
7518376
4787064
5402789
6307768
5081240
5063297
7344160
3559182
4326486
3522335
7314564
5429267
8031661
7850790
8390233
4981921
3672626
8925831
3592327
7462525
2130737
7657453
1713118
3727025
5911460
8987248
7103305
8027549
6934077
3420569
8318193
2534664
4976554
4481039
3566495
3790458
6204928
4522968
1478332
6307125
6055572
4798731
4562268
8122501
5735910
1749045
1376720
5295397
1434911
4743801
3696219
1778812
7529669
6899645
9668056
9724999
7898324
2866026
5966275
4193015
2582184
7862740
5001165
1088133
1775817
9453402
8273348
4905548
2013006
2187879
2926786
4983104
6522389
4743689
9198485
8582693
9980290
3124449
2610839
1655658
4122198
6715435
4492711
6010247
7530691
5311552
9942785
4651131
6706885
5594570
8341297
5401514
1245819
3847759
3128006
8867983
9904462
5664545
1667869
9572014
3444937
3632180
4600595
2385829
7518603
8732033
2431791
3056282
2325001
5798106
8964160
6019935
8442792
7602494
7665243
6934845
6126241
2077270
6102640
5206215
4224358
8426385
5206094
5067448
9853308
8960756
3842163
6575142
3709194
4673597
7515025
6888144
9474905
5116609
7955894
6570940
6723980
8437788
6701516
9360558
9834195
2812168
2549616
2069622
5914563
5764937
6834310
2199936
6740553
8828480
9259325
4572737
5691598
7987549
2463296
6247455
4301933
5928978
4529989
9476001
4189123
2409189
4514001
7355001
8510423
2109789
4760724
7618007
5938466
6364712
7375897
3255351
6771584
3653748
6327906
5580341
5480096
5160300
2310785
7395622
6300113
7109517
6838146
9725346
9699871
6661040
2409519
2869256
7758837
8000562
7419132
2787114
1696538
5559921
8592429
2350034
1769721
6068001
1095885
6866060
9082108
8614072
2447928
9371502
1905441
8562237
1032860
7816572
8902848
1278784
4332060
5452320
3775203
2984533
4343236
5896922
8961080
6503642
9036132
4806419
6127115
5640458
9057303
9050191
1703832
5484898
4765924
1658395
4666592
5360572
6120776
6440757
5659666
2126401
2139281
3285467
1275220
3690452
8713374
6297029
6596682
4512395
2301206
6240526
6564358
3732569
3518262
1111432
5308001
9098105
6263879
6264752
6048889
7223580
1995351
6299177
3265572
4304727
4584551
5237620
5121084
9642486
8235701
4262448
2829004
9898669
9604612
2141245
9121474
4174560
6730481
5335583
8328101
4547575
4545279
7273512
6571138
2777319
4490558
6881382
3228121
1397687
7708791
2396142
9898606
6110352
4865187
7892872
5862197
5042984
3459053
6153253
5022038
1945848
3687958
7738718
7105161
3066651
5154024
9564846
6724244
1597081
5755973
9034801
7220019
9674804
8856016
1469862
8973895
1832529
5629756
6278130
7257266
8649611
9145581
7763791
3788202
1644389
7378788
7143844
5790093
2250518
2492927
4877918
3066548
5822880
5037976
2070006
6350051
2063323
1029837
5280892
7563360
4528423
9235777
5754412
4048987
4243529
9418137
2390239
2680237
8521367
2381785
9399733
6588203
1237606
6279408
3795441
2102869
7082891
3024265
4690749
2770747
2618144
2716884
2824014
4380736
2272392
9621790
4480986
6085226
5153398
6396820
3659784
6623448
3983347
8699885
9343840
6402965
9742934
6878577
3467549
8807028
4451352
3275245
1826711
7532805
6610671
5278417
7798917
6960359
8199178
7833027
3431010
3570055
3359182
4627085
9748790
9596744
1976848
9623725
3450720
9413948
4967859
8888725
4779466
3390082
2425732
6987891
7745669
5300784
8188707
1509953
1076078
9503460
9911588
2078495
2704208
2290654
6279006
4702199
1786050
5683680
9452459
1918314
9517908
4380321
8596920
5345602
5576502
6851742
5134063
7467712
5251737
4558818
4202658
6529751
2290962
1090936
4303578
9715216
6857178
5341222
8965041
8584400
9696122
8890213
2708603
6944032
6433831
1340903
4125315
1806795
3649522
2630096
6977525
7935733
3892187
5978489
1207687
6221562
5644254
1016456
5089205
5425277
1947725
4632844
4385020
7807315
7782071
4914936
2512774
1811119
3669345
8478158
6056863
9996431
6753291
4591223
9027742
4263647
6206118
8892416
7092575
1008765
6146787
7898199
1429824
5851957
7292287
5027679
9744010
3768238
7928925
3699800
7706330
2080780
5322300
4100442
4877368
5834512
5489674
3863500
3165023
2283454
4127768
3549648
5974301
8108845
4774736
8966218
9108004
4277733
7701531
9202930
5491193
2418044
9212383
1781534
4144621
6180489
3173039
7544883
5520922
2890117
1044709
1012317
5760847
9561646
1720005
8777205
9173166
6954959
8050195
1600371
6821453
6914141
8733512
4285389
8134060
4207355
2231456
4112719
1334973
4000049
2392463
9413587
3930618
5845088
6425620
3385971
3675834
9976434
5551973
3431733
1215958
8723672
4016340
9572503
3780819
6772899
4509082
5367059
4298079
4670951
3977370
2061013
2257776
5033701
2017105
2227715
5481739
8972425
4701460
7628500
6305890
6993652
4541234
8021172
2619033
6256803
4768658
6014871
5022274
3144495
4234311
8178269
2108390
8331822
6276635
7194878
1741358
7465930
5081697
4695646
1876274
2415465
9190479
3455450
8001825
6584486
4529699
6345371
2094514
8316430
7166068
4850363
8143810
9431197
8670323
6178110
3364358
6549538
7865899
7706155
3169794
2364905
5518670
9393939
9775458
2402704
6128954
6967522
6300769
4167660
3316179
