10000
5704708
8362191
2549997
4785346
1956730
3956551
3751679
4079909
1422509
4118761
5543499
9555912
5619130
6573213
6732174
1554676
2853000
6037017
8546632
7748358
2775230
1546676
4092799
1723898
4107600
2930443
5391901
6285200
6482771
6097403
7488145
8422552
1690399
4580471
4896954
2730874
8711157
4315795
8797297
9266744
8898154
7529593
1653207
7132703
6742883
7150396
8158668
6528163
9900313
6879867
3769099
8321058
7501063
5036783
4631610
8961467
1400210
7347824
8843982
2633823
9531985
6523036
7810967
3095767
3302046
3420256
8904729
8865280
2133291
7717212
5532723
1945444
3798504
9134625
6805579
9106931
3299492
9032310
8982065
8186049
4066699
8193107
8896939
1664872
9666344
6269636
7598602
6369312
2008675
1098585
2534195
7165117
4946548
5115028
4598385
4288938
7843848
8831197
7484929
5510788
7144020
7715882
5610638
6534641
3801401
2574978
5625622
4555858
4339391
2435491
8324653
6375830
1444677
4348601
4303369
9497216
6792088
5789338
5617174
4337298
8788537
4160983
7168539
9818155
3528100
5392628
3092645
6047639
2969647
3904443
6709611
4553470
5631721
4612469
5928321
7168663
7171555
9624507
1895025
6201133
7645195
8720363
7848479
4503625
6484407
4080718
8296285
6181513
4135566
1126113
3392487
4051450
7411214
7804705
2608927
3862321
6812074
2859667
4611132
8374375
5689458
3253348
2115278
5059941
7218024
9697758
9462653
2543997
3061624
7821036
8328228
8706644
6273384
6463239
5761496
7698788
2289993
4956865
7338334
6250805
9221540
8021073
9939372
4949253
1973297
1903479
3416022
6051775
9839692
2699634
1021597
3059274
5897169
5630535
4398955
9266363
4034122
7633420
3267810
1379829
5974135
7836661
9564350
7840358
2016390
4991246
9817952
4184829
5012411
2145114
7588844
1345138
6548865
9437683
6586654
7265590
8690249
8393537
8846937
3472524
7151899
5081368
2496784
2688696
4844844
5084132
5646041
9751206
8710464
6909712
6945871
5652037
4534255
9174215
4938727
3777021
9864973
4312169
8614158
1905653
2996509
8342113
4903593
7283409
4347581
9011758
2668060
9717268
8827480
5809776
5779463
4388122
1494968
7620061
8757879
6332696
6895419
6031468
2946457
6571255
8614520
6621544
4870445
7363894
6485330
3634265
5948681
4871223
3620149
9884143
7529098
5830164
2169079
6148175
1531643
8286058
8587592
3138002
8138383
8355094
2608733
3056436
6327913
2937895
5884426
3149793
7604824
1158956
4308006
4718142
5244339
4348070
9083556
9152414
3731739
7302136
6460575
1921115
2016441
2577333
1281190
1912424
3482982
5485122
4579017
4459419
1183666
9220533
4042754
9120240
8724015
2714965
8303232
1565419
7994279
7430252
4607288
2948765
6845931
6752618
5922821
1458026
9250734
1652827
2724322
3031938
5064562
7518890
2907614
8035574
2031994
5527799
2585392
6287388
8472455
8119286
4395931
8770166
6733855
5820130
7386483
5781415
3930411
1354241
5074001
6137671
2515000
5587913
5617900
5280528
3135345
7561987
6233793
9162657
7533675
5458173
2113364
5073618
8413017
7084518
5696711
7039185
4505769
6761844
8307611
9343532
8277928
3076810
8136997
4409007
9979617
3765456
5099220
1858055
6876860
8859746
4968544
5404335
2251733
8232141
7441861
7090986
2907042
6521830
6786184
5575610
8588945
6845373
4867249
7471312
3401113
3862002
3517074
6366764
4182417
2423238
8655191
6936703
5751174
8653004
1442872
2305734
8650042
6841664
1628659
6303113
3921785
9605696
3617469
2597596
7026117
9133978
3040258
6073468
7906597
7592309
6084435
6040733
3913473
8839235
9265337
5705763
2430386
5205791
1713247
9279792
8965800
7137363
8110501
6835869
2295804
2936413
8610778
3682179
6938199
4775682
2157521
2819588
7042371
3224466
1542792
3244604
1056241
2162078
9645509
3606349
3722650
4758046
1448163
5966307
9858939
7335343
7163476
3397300
4746971
6794261
2748951
6875092
3687231
1559844
3655467
1024887
5621024
4343204
8983653
6131375
6427610
9399286
6910319
2023136
2455937
5372433
6614937
9010481
9557640
3903106
6224517
9048661
3419211
2027058
1548318
7361883
6008702
5637129
8849538
4926370
4606372
8028715
1671544
7849384
9340469
8361385
9242739
3934732
9984338
4473779
4098303
6845625
2629011
1953028
3776819
3282301
9760636
8729829
2594737
8623387
4601835
2508038
3482978
2672325
9679813
5199057
3946798
7064749
1571642
6921033
4116723
8650077
6346623
8866851
5417331
2962965
4380258
6552002
3328523
2518196
9186155
2021928
1073178
6079970
4519354
6621539
3450583
3877212
2029219
3999118
8592894
4106680
1723026
6842161
8625076
8270308
2724899
8794219
4321905
7515698
7987552
7075342
2259951
4306110
1613121
8990363
5275185
8806561
7423560
3778023
7104053
7871728
8873875
7941141
7614668
8922952
3234037
2923460
9828425
4607116
7949967
8678924
2842754
6156994
6620164
1639309
8831323
1313770
1323203
7661576
4474049
7452488
3856672
1555121
4847166
8685275
4601637
2943572
7419920
3572175
8781548
6864783
1034815
1074663
9702569
3904832
3848735
3294549
1070447
5555047
6079187
2185382
7986296
6751030
9696603
8461697
7220113
2044160
7316952
4489456
4556061
8670159
1324813
6744154
2705993
3529514
3111104
3492503
5044465
5453494
7147530
1053772
1925545
1507235
9015323
9190153
9409606
6446578
7720050
4714081
2787646
5621332
9106732
4539265
8914685
1760918
5624603
5612123
8307490
2842635
2727521
3704461
3047642
5414394
7375189
9562693
6991188
9806673
1091525
2878607
7759501
2576073
6339341
2104362
2256925
8113339
4750112
2964774
3042953
8055186
5597693
8303994
8537682
9865123
6781715
9348605
9054751
7739530
2452784
3033882
3664359
1223734
7984311
1075769
9500178
6814399
7788809
2440611
9098680
9296366
6795214
9748989
5338010
6624716
1529627
6414384
1638976
6892135
4375278
8356151
5656875
4779322
9663312
8476082
4935821
7672076
7248050
4973130
5037101
3278435
8124892
6677318
4933999
1253537
6511394
8405484
6626268
7044454
4306409
3978915
3106806
4088368
5736209
9918168
2452320
4165688
5839299
1038550
5327435
5530207
5835637
4309099
9925540
3922648
4991803
5017568
9295004
6832622
9620904
3453689
4577016
9459896
7238006
4400509
3752139
3939899
7469403
1244295
4755345
5538537
6097205
3609813
7023886
4447768
5393111
1723320
1319590
2327486
1276908
1561077
9275022
1589682
7736797
5448251
7527643
7812221
9003398
4544949
2783162
8779274
9048773
3117481
6392071
6920643
3212381
7353041
2154955
8392990
4985688
9824313
9453904
7287319
9609749
1365322
1480687
3507734
9750241
3411438
1465580
6726300
3969648
9471148
3361672
6500537
1265158
2380358
1991248
9569025
3549505
5735920
4799668
9119088
6349873
9436826
1284675
6791026
9349683
2521697
2099374
9670520
9459163
1362235
3905810
1002863
5251769
8877121
3647729
2278210
7064477
9215169
8195116
2770714
5629886
6551220
8626002
7639756
7267376
6930828
1853484
2569972
4757636
9406217
3441653
3798664
8146212
4635933
5363836
9991630
5306215
3023070
9243772
2164050
1028227
2522107
2302990
4725930
3478633
1074930
2010446
3478988
4790725
4583513
7893619
7660242
2392862
2417947
8342379
8253403
2400131
4833885
4960847
8445437
5946783
9134777
3964619
7238681
1031823
5618593
5285161
1464431
7162153
2740183
3169206
3210379
4795839
8415867
3686205
4751208
7403349
6251742
3058251
9397331
2656144
9874591
1255348
7314090
5210224
9054259
7405852
8232086
1519895
3346642
4778128
2155190
9020738
5399342
5015894
5201829
3332528
2504486
8252555
7178101
6277617
9223100
2622716
9552925
7136449
2138803
9335583
2864849
9720102
6769444
4438011
7802656
1591686
3505106
3520389
1749163
9924028
6742588
6407453
7639956
9216628
5405866
3241720
6381693
4467774
3976554
1475415
3390410
4882640
9397413
7310289
7357008
6435599
3017853
2042557
3806342
2163832
2002858
9146779
3944860
9783946
4355036
8728572
5565852
6561326
4732954
4474198
3166757
5261202
2128564
7635893
5410479
7892083
4929373
2366382
3361339
3968033
9241397
7384870
5845969
6248263
3851525
1981468
7785911
7541500
9338443
7565202
1996672
1957484
6000559
5559818
9055251
1528346
6802647
9430462
1197188
2273762
4634848
8211528
5627864
1766618
8693093
7307636
6658965
2842034
5518404
4017403
9825447
5786533
6940518
6710930
2318666
1502526
8631862
5935027
7966268
4850590
2929677
4719802
1018193
5638693
1107789
8790859
8357188
4777175
4966980
3210962
5388411
4628553
7203083
1908731
5918172
5870485
1213814
8797059
9597967
9170050
8989782
6065975
9059267
1001464
3575605
1348716
7665436
5685579
9188817
7085967
3732461
5971086
2903796
5728494
3712498
1756771
7516081
3366055
9266232
1708407
5838707
7730264
6465880
9572211
4344915
6748758
8614528
2661721
6599872
7410290
9156116
8717956
7142451
9464049
7609205
1654428
1786546
3660259
9686993
2340600
2720132
6422423
5403338
6398308
7203542
3511630
9559026
4673054
1099325
8665461
5687175
9385500
8706469
7742311
4396730
1016808
2785880
7997858
7778710
4811119
6595610
2682904
6599358
8058831
6992244
1172482
7274671
6832127
5582502
2860880
5053663
3283787
9875210
4484060
2091373
9749753
8070933
8149777
6141227
4180902
4479761
4069430
4850200
8222477
8460408
9232727
8557410
4609672
7093939
7997646
8804188
7345576
4242180
7236926
5135947
1737546
3468575
8534657
8646159
4743211
8962136
8165043
3310783
4763830
3750800
8349678
3165501
4992323
7647953
3650415
7987627
8341699
1960515
2507681
6476957
8757537
1585175
6110122
3965680
6037156
4893867
6334339
3571363
8174234
6948934
9466363
6074916
8571999
8250287
6134863
2108166
1020967
6367080
3951731
9177769
8067512
6657240
8946372
8783585
2213028
7607320
7718545
9266299
9725853
1064069
6523767
4542484
8877058
4868919
4218317
3274844
7654402
4720865
4974448
8519026
6330271
9952961
3386904
4442609
7111877
4465265
1868147
6302579
2109555
5997703
1986840
5550813
6219337
5123289
9211839
6130650
8622819
1222260
8984847
7784859
1099029
8524790
8900304
7350518
7127287
6459994
1554051
4317750
7620043
6327715
4357854
7040971
9198878
9095620
1245989
1597218
1645588
8457055
5711462
7355216
5349079
4419876
8269019
6430186
3212601
5660291
3160142
9879416
9315519
2131500
6242984
8759771
6272449
3295631
1272739
9694259
4866880
5110791
3814346
4567093
1061040
5450324
8541501
9622844
9048278
8512472
5379737
4077175
7198099
1787088
5185287
3492355
5657979
8034975
4961828
4991473
3540087
9694943
8352642
6029299
1970362
1039737
6978301
8278506
2018058
5543431
1045889
2156763
9110365
5870902
6392602
7366578
7844303
1736713
9125932
5241526
1507945
6940115
8427485
3057991
7065940
4463845
1120471
9887437
1611639
1841112
2150578
6282267
5974677
3399828
5661530
9299338
3157219
9713170
5609358
6372617
5851897
6884918
2708401
5042085
7995446
9155192
4303508
3235989
7566074
3353028
3484524
6665057
7316454
9251119
1351784
7888260
1742822
9708228
4893462
4045294
8906851
3137368
5852030
2760541
6711434
8631418
4733367
8739575
5795138
1290735
7711698
5179433
3555956
5383636
8293220
2519674
3010235
5676260
2562664
6335654
4868615
2150764
4843252
3919405
5341253
5076788
1341403
7028348
1229554
7963264
5656003
3958758
1823511
4586863
7243392
3288978
8761287
9463770
9833777
6116672
1925039
3969873
8092313
6242896
9344789
7088554
2376426
7938675
1226717
2050675
2810653
7233445
7823912
7423305
7434389
7049466
2797734
7415929
7750325
2876935
1567430
6116558
4944439
7410284
5528459
9451147
2730623
8137409
2563114
6718059
2233983
3990758
2474482
4551758
1183412
4281422
5012971
7262455
5844394
3981389
8908282
6652275
4151276
2368313
6775043
6451156
6569342
1896063
6789929
5638318
9162447
3936015
4227307
2269608
9999481
4210794
3543639
5292814
9115595
9453905
9597356
5133581
4516274
2480120
3722203
9667305
6881651
1656277
3014101
9849779
6899868
2351819
7366731
9995638
1617244
8358756
3802578
9731404
5639048
6789485
9540510
9638539
4016184
9656123
1185761
7513261
8211138
1188366
1044940
2270423
9124165
6555619
7312477
3428289
2812537
5428744
4301810
2550159
6474669
1831571
8847037
1547551
8283657
8240892
5338736
4654307
2631022
6458580
1490572
4439793
5277347
6614644
6626021
6450840
7218401
4588338
7690929
5614253
7213017
6666009
2789352
1145806
1414637
8867247
2891430
2538182
9095261
6233773
9732855
2728010
2482019
6982121
9742658
1962450
8053169
7632463
7608146
8806867
6083057
3332138
5622409
4502419
6732374
4285916
7743718
9400742
2598642
6692589
6189737
2557673
5717327
2290194
8892045
9740228
5105066
2524797
1791493
4312684
9582997
7552278
1886458
8864977
2049540
3389896
3899404
3454740
4576875
2303317
5150447
9459869
1555478
9748325
2559497
9528731
1257097
3200605
1708193
5184037
3685970
1872044
6171066
7541728
2211572
5430019
5121593
4248528
6708653
4000589
4434436
7885804
5105898
2295564
9292219
9919684
6550449
4508101
2791435
4832574
2998616
8285934
6526537
3684065
4256093
4186351
7556964
6574064
5959318
5321174
1688215
9563947
4167826
6369255
3322661
4983746
5798623
7549042
9594446
9924211
4665117
8710486
2982281
9306437
7504179
4935023
8292611
6452796
1755482
4668795
3624239
3119455
8309527
9867418
7880415
8689784
2394229
5230270
3677266
8216107
9485970
6095552
9739958
3897506
7892705
8365245
9604449
6514175
5823952
7294753
8785226
4857051
2646859
8942666
7099382
3839599
4466657
8968814
2120208
4856408
4894822
7371808
4808024
8021239
8511881
2895641
5546792
8212017
9032663
6872611
9954347
3941435
9490752
9298827
5806240
2377177
4940480
8917656
3176453
4447816
5710097
7411334
2054663
8735098
5948495
5161079
5719809
3963122
8456748
7379491
5896068
9890120
8824869
3995286
6559558
7991207
6682246
2706562
1142254
2354028
1700082
4280286
7156711
3686208
5247261
9658247
9880747
7259465
3014542
8490670
2007955
4613125
7195655
6131593
9111660
9309600
6795624
3933525
1444964
6374031
5482931
6174764
7554813
3843573
2633705
2090915
8292866
6935453
4982789
4429910
7244256
4054353
8388695
2726215
3322351
3906010
8804396
9231524
6377113
4937072
5283964
1954480
5496954
5221604
1326597
5710340
5558297
3932539
2642758
4771350
1449198
5217165
6632055
2458810
5456781
7907838
8568391
3082464
7695762
5205964
6813510
5982270
6706430
7078497
5713157
9890630
2693281
7970474
4753883
7329530
9834840
9096745
8611033
2287894
3315546
7535951
4159721
7196238
3346526
9555709
9571162
2291673
7111959
1620020
1306495
6752965
3546411
8033259
8575978
2801244
2888551
6137073
1189010
2775687
4042816
4794163
3755805
8397074
1011078
6462887
5534818
8520832
8370074
2259425
9486023
4943495
1105082
6194445
7365427
4125950
7780171
1962565
3892548
4822693
6541415
2390909
2912532
8439261
9886550
7309685
6988423
4257881
2568634
5745006
2136953
1006140
6419326
3635631
3753959
9973404
6062039
4949658
6594131
5700159
7993134
6312330
7628651
2948181
8313636
8358951
6393412
6361533
6819232
5235372
1542843
9258155
3355526
4088799
8473205
1854889
9662992
1425163
3376673
5793005
3862825
9032106
5524603
9133532
1054048
3633614
2877922
7988252
3062786
6447545
6463043
6717167
9064212
4207643
5148551
8269622
6283375
3869523
6467972
7257739
8239885
8588057
3153192
6977883
1441044
2418011
9022227
3431971
9945096
6594013
6931886
6464633
6402806
3444533
2002286
6171926
6817174
6883559
2757910
9984098
9729201
8422430
9443149
8979208
3062908
7729052
7623411
1746107
7167188
3781499
5427770
8419712
4240642
5533124
7589419
7921709
4120977
7139751
3903838
9553089
7392702
9403059
6540438
3432021
9093743
7413872
6761469
7624619
6934608
7618955
8650124
5915198
3289650
4319081
2687638
5686561
2123230
5494982
7789294
2163396
5854289
4134175
7120998
4784827
6607959
6719510
2569331
1516080
8983357
1619813
4540877
6931220
7778218
3801862
3325154
2800505
7038830
9053058
9843142
2787763
1749590
8597256
8812980
9604119
3237063
4269080
7122001
7527436
2431594
3253128
2542785
1872400
5431847
4881126
5476754
8241853
6243700
1090189
1278720
7521918
6895472
9515877
1133017
3535036
5535764
5039181
2260074
3008965
3845282
9225148
2062433
7214278
5493305
4717656
9355109
2514207
1734391
7917205
6990092
1980199
6363520
3519618
7010612
8473737
3794358
3261120
2197428
2772255
9172066
6421340
1597291
8103293
2918170
8395741
5961529
4588904
7911100
6427817
9554453
3208360
1627107
2940548
4779767
4248171
6750039
4401082
5622592
2287652
2515842
4058279
3841831
2551451
4342704
1707389
9944558
4134173
1272574
7123973
7068476
1082191
5539735
7088640
7796732
5376750
2855788
2346559
4081750
9338818
1811090
1182537
2807228
2888427
6998033
7723788
4202936
9257684
9456793
1978967
7351957
6202191
8748416
4234015
8004507
9998648
4217250
3762808
5330015
3199949
4232040
1371926
7185259
9436445
8839957
1069275
3611714
9019913
5543220
9601370
8629615
7593768
8490310
2047381
3083854
7016982
2545883
8321516
8779027
4633983
5436672
5304246
2508483
8179103
9642601
3669780
1655936
3875477
6650902
8763051
4774432
3188153
8243786
6820569
4420896
1585035
9456458
2170164
8172822
2960253
9024620
2143799
3285893
6418371
6556673
1134589
7837932
1129617
5585203
3620266
6806497
8257165
2865651
7602591
1686130
1546982
8836213
7340758
2746837
8757788
3963813
2087726
4117633
8957417
5375870
3503081
4188644
2840903
9895536
1495963
7837159
4695252
8609626
4637893
5041719
3363707
4274033
9853674
6223582
1937236
7712097
5796928
1890401
1567718
5807185
7696643
4941075
9039962
1778556
2135790
6773227
6475891
8828237
8710714
3823961
1842917
9974674
5435291
9290823
5003155
3243430
6517601
9591974
1128932
3810976
3498748
7664990
7309016
9723887
1513651
2855835
6329054
1717387
2938973
2416324
1028129
6679300
7172545
2488710
1266492
2116190
6693530
6079953
5655955
8803143
7975630
6355441
4980444
8351304
4545385
2230352
9433821
3244555
9075437
6650034
2875166
7179125
8591116
9772274
8856001
4408604
4957968
5742708
1066369
3200994
4118298
7848754
1361280
9247963
1051713
5241106
6243332
7003003
8103293
3249232
5176148
6266604
7755595
9802081
8753495
8555655
9280666
4128984
8978861
5227897
5770639
5854788
4121370
8237552
3692870
9755666
7701223
1415727
8623882
6052200
9546483
7194790
1855382
6426706
2076441
4938013
1120763
8270624
7395786
9094603
7669276
6251343
5478798
5017099
5289696
8949336
9883182
9137879
3001559
4648534
7046933
7175151
1106808
2507668
7224968
3240531
2632001
4318863
3722778
3186439
6551616
3952991
9347781
3234975
8886825
5238333
6942117
6525468
4529584
3344231
4784470
7245159
3373497
7061631
6721392
3438283
5418525
4274110
9496929
4385687
3052839
3998187
5765620
9656653
6882351
8608017
7489999
9946125
3852086
1708160
5897082
8048566
6846362
4700211
6147958
9361006
5162347
9379082
1752740
5370983
7262799
4927952
8115775
4121325
2954859
9431808
8857884
9803918
1045178
9649292
4898704
3324281
7760170
5697959
6359433
2358611
5267108
6551932
5557281
9853118
7311355
3023918
5688551
2218107
2212353
6318738
6340488
7349593
2084789
7258001
3089902
5488854
5136000
6107955
1037478
1817086
3594154
8496185
2398848
9968939
1907720
7644986
5496482
1249652
8366336
3578929
8004045
5858409
1724192
2422492
9242172
4728854
1954626
7597864
3353529
3495933
1952019
4455900
8421921
8248242
9268878
9131740
2792354
7016017
8799052
4971159
5532291
7701379
3926759
4866371
7344861
7443922
3339486
7058207
8641392
4656816
2325706
9249545
9204592
5315071
5318217
9238922
1770881
8772701
7100603
6616023
1635983
3799558
2435067
6223938
6525354
8538479
7313391
3262009
1727849
6672584
1498786
3232165
2762846
6646234
6029937
6995341
9720122
1326618
4510780
8778260
8791266
9313813
4614303
3166785
8951602
6546261
5481002
3710197
7467855
5223283
8358876
5806019
9838882
3939437
6092166
4357379
9734195
2737090
2499063
6995120
3781995
9067772
6546307
4298324
3061015
9723405
2503304
5419368
5340297
5368349
6420643
2925824
2577552
6725940
5120736
5792526
9030066
5718051
9940632
2944510
1375160
4060784
6784087
1439843
3289586
6073362
9260494
1827433
5231164
5103418
7324678
5217218
9634096
3926507
2622685
9273132
4103213
4276435
4862133
9916859
9509440
9138450
2668154
2315100
2039474
5899515
9180499
1441946
5247137
1351154
3791701
1274269
1637634
1224108
5113836
9869784
9574615
9484069
9035730
9295985
3376989
6859526
5497676
7362511
8454688
5099054
1703266
9421375
6503474
4154892
6064743
9109519
4092841
7626057
8919825
8155503
5089335
7043419
3882442
2431821
1668128
3853688
7427768
9661793
8804663
8701720
4297001
7990729
5300721
7801934
6416523
2282909
9169013
9502040
6948314
4940110
7737163
9785622
5132825
5702747
4284068
9172135
4589646
8933652
9207178
9643483
5668441
5351362
6815217
6638020
3225069
2699759
7147349
2217182
2608897
5529155
5838477
4138338
2042888
5476399
9331047
9314741
3931023
7308829
5482357
3727375
7821039
2240119
6931144
7304057
3318179
5235928
9576116
1882246
3062171
5333161
2768827
8650982
5780289
8965757
5177046
7435711
3497698
8189967
3798200
4858269
4925121
8230642
3570780
5759707
4961384
8845113
8627434
5126379
8245888
7517745
6131685
2038899
4940115
2398548
5812648
2865313
1037647
5837279
9450281
8876632
4627765
3101782
4941558
2465379
1182625
1294447
5543991
9851674
5364307
5157949
7523851
1008523
2803511
5044991
1544198
2221132
6425034
9162256
3333882
4765678
7550742
8052712
6573741
9372844
1880927
7789466
9412923
8259284
3360517
6252144
6082005
3411725
7107532
7341549
6152138
7255978
4403442
7258945
5922835
5876119
1239688
8170578
2252324
9556162
7729340
4642385
5104289
5219403
8711965
8266043
8151855
3576343
4941712
8915394
9134813
5935626
8897746
8175780
7787073
4166276
4959046
2152082
6592806
2318909
3774160
9397627
6384958
2076188
2803003
8241442
2496140
1704508
6757823
7341558
4168109
9205273
2560382
8697993
4842767
7649570
2622657
5079827
7346209
2558255
3043662
5568280
1783732
4674525
6232196
5786992
1785202
9387463
3876529
7369869
2204054
1862432
6885458
4996019
5645339
6337287
1037308
6019579
4322008
4262331
5995746
7095192
5479620
7083887
5752151
4273430
5686582
4912240
2868014
1063256
7134263
9295164
9848728
3404466
7201643
7266773
8573021
7239438
7975805
3073895
7444230
7198963
1087818
5578031
1912353
9875018
1662833
3333269
3666093
2599515
7633624
9983099
3252912
7165849
7185201
6135910
3288199
5594529
5972767
9679044
5378525
2763041
8828731
4260232
6179247
7743799
2402002
6897395
4055318
1390519
2251307
6264099
4834149
6096801
7279557
6970928
7007662
1082291
4493615
5480996
2777063
2382787
1763716
8034884
9038594
9602960
2309894
8959117
2521740
4580570
3213433
1822104
3831029
7499031
8690019
2044025
7924825
2600880
4812577
3718205
1031838
5174235
9999828
3584171
7580791
4447042
1461270
5814676
5073015
2745332
2217327
6011206
7827193
6464219
3226324
2855477
6545951
9229862
8597130
6278228
4402800
3614816
8791934
9717099
8587487
1903369
3314000
7591753
3340809
9385220
6797144
2921276
3372918
6841185
1161416
7314383
6282163
5331788
2721732
2855316
3694470
6232469
9634999
5581578
5871196
3101546
5941264
4319232
5487799
1949651
8657804
7393835
7715834
2937980
8731236
3013197
8456513
1918336
5546169
8734263
8515508
3968780
6063863
9131473
5559781
7181802
7939047
7085183
2141241
6220591
2556801
2340678
4439435
6294864
5873896
7430895
9494286
8245256
3467431
5105756
5485234
4443326
7815205
8730938
4310875
3557989
6234084
6557894
9227078
1266971
3260256
3888043
9832508
2382271
3257597
2011146
6360235
5067581
1019857
8882123
9421506
1817988
6868107
8021852
3788901
4692274
1084906
5454119
5184881
8775751
9238803
5093913
7381313
3471415
3888621
7368945
8865850
3338452
6138766
1470638
6143963
5281219
3351843
4125525
6812128
7587854
2130363
1193209
7222744
2379387
7187445
4576931
8753941
5220731
1899130
2851484
8508748
1266526
5372149
7366849
3956205
6500180
9397594
7435663
9231139
7337815
2556428
5740136
4428495
1376496
2157418
3839973
2426146
5772088
9203051
9102244
9270425
8006137
8148185
3814828
2577125
3077379
4178804
2159743
7834963
7987019
5136128
8589944
1744512
5864809
4473905
7766093
8194912
6924146
9656868
4716383
1843473
5425254
4683001
4092967
2880515
5391930
1714952
7024163
4980186
4699649
9063320
7361914
4391190
4457711
5110631
5977965
8770313
4432086
1288390
4207799
8191330
4535501
6866900
8659927
5695778
7182614
5308845
2908499
3883164
2711695
5439235
4095079
9400193
7126059
5462109
7866535
3165116
9334242
7800055
6353265
1694227
1725343
3597090
8801118
9190719
1450848
5760580
6826299
4665596
1029868
3837819
8185516
8185468
2815808
2859325
2294848
6170784
2228563
4355642
3098355
5303161
4685091
8274382
1164944
5374997
9681087
7107985
8318806
4058245
2550671
7121264
5891357
8136837
8900673
5564961
3203849
4748812
4658806
1714762
6938606
2573151
1461148
2169402
7444484
7311304
4869021
2450828
5692685
4032893
1017040
2352592
9295125
1333533
3901583
9633004
5788730
1918773
9106865
5324251
5590693
9703579
5615906
7252427
9973544
2625169
2278744
3980460
5705273
3745470
1217286
7996375
7695149
9719737
4933719
4884613
1920401
5826271
7967435
3455913
2792437
2522582
6182870
2361687
2579378
7454418
1041099
3860878
5798750
6400223
3729682
3607227
6716213
3542304
3961618
4409400
9671723
8930263
3228491
7117812
1330663
9692500
4655979
7270772
3916450
3079538
5432436
3374850
5438137
5122072
2542563
7794324
7263592
3168917
5595101
6632615
9151624
4978991
5015782
7171860
5531266
8635173
4190962
4246931
1544556
7149571
8019392
3984887
1258508
9498509
6198683
3807633
3150467
7934375
9963019
7841777
7686820
2612555
6717756
5519210
3941438
7422843
1954365
1027652
9283966
6641617
9744452
2275455
4562248
5048093
4360528
7494046
5593640
8656335
7440192
5784769
1576092
6396036
2847795
2241599
9813077
1298421
9180687
2835003
4966774
4182605
7295222
1723062
7831363
2422675
8395198
2295717
6957454
9014993
5259016
5122338
8531863
2133987
6356940
5356752
1717043
3640139
4611379
2862379
2026182
5478539
6209693
1253615
7670756
1988396
5731148
8084633
4848164
8442862
5941168
2847162
9857078
6677208
1497157
2733074
3910672
9902906
9619651
2631322
6903283
6556433
6673909
1223527
6424843
4750986
3777412
1498747
3174439
1331209
4930892
7945885
3141766
4798435
2303384
5548499
7802195
1996010
8584914
1361789
1916691
2793585
3098926
2212277
3791517
9562400
9810840
6400110
1524897
3588377
2853066
8245907
1850588
1765811
1339883
7346745
3344026
8345158
5357085
3581533
8847278
6993191
6403310
3592594
4523823
6527862
5075250
5983149
4066699
3325278
9014542
5024251
4536441
4431228
9275824
1323750
6625865
7742667
4938502
9890242
3167911
4767031
1569460
9418278
5918745
4428743
9866531
5147296
4949557
3689167
9297238
5045209
4000038
7633174
6584319
4060083
4955968
5330477
6188874
7733455
6680427
3175337
5860232
2202979
5196149
9117482
4944559
2594067
2566076
7025003
5512592
8013086
4681682
9176772
5855985
9383404
8651001
5463350
9254820
7690798
6863834
2068566
1805984
6818030
3783377
5324749
7183591
4707312
8725683
7247823
6852209
7694999
3211483
1113290
5588327
8661476
8193113
9595224
2353658
9003485
8174204
2514832
6094469
8983570
6338131
6766552
9574856
8234485
9410014
1086791
6199543
1448409
3213514
7682258
9936267
5084179
4470286
3969245
3840783
8071944
4626167
2141028
9585734
2554295
5116307
2308513
3588692
5810560
6254420
2056920
7598250
1012115
1666251
4682384
7402782
6658469
5144736
4170212
2903354
7021344
2211311
3882891
5325100
3299371
8399814
9716268
2292398
4123001
2148236
3305261
2893463
7095261
1417412
9717412
8220298
9257013
5970051
7991119
4949102
9466125
1611646
3677385
8246294
3111071
9609088
9296861
4853322
9533033
2149771
8539943
3795894
8583271
5420364
5499512
1183410
9229930
8253204
6570970
7479986
5399304
9098269
2204597
7068182
9595853
8130666
7734576
6365581
5308058
5165739
1459954
4223318
2315076
5536623
8313091
5250583
7811319
4387995
7725198
2559634
4511660
1369994
2939826
1047421
7783712
6295750
9416256
7255073
8164950
7880182
3323166
7722238
6704056
3415136
5529093
8095709
5562321
1765969
1633775
8476094
8465421
2285267
9144605
5818083
2759397
5966279
7805327
3338509
5415829
6344660
1936068
3023478
8674455
6786959
6647059
3238247
3047812
1443987
1714691
8715442
8906537
8655034
3808936
2021731
3855384
3851461
6816254
3788259
5630113
1827385
3533922
9785950
6977632
2731707
1773157
8373054
1532151
7876494
2209804
2550759
1485191
9873875
5730414
3447525
8437906
7658472
2929964
4255515
9750643
7056700
7072423
3132549
5662642
6386770
7536782
7688568
4922650
5974508
5131927
9964265
1302452
2555003
3307207
5067324
7653073
3022308
9442436
6458871
7548412
9747709
9492050
4702158
3372461
1253144
6738148
4493199
6928508
1977135
5265677
3065969
3364437
2751921
8699262
4538873
7047760
5921493
6236330
6578990
4003604
4009949
4439624
5366375
9258644
5694165
9274784
4179225
1091058
6334652
7544769
9031925
5590330
4025618
5911250
8689593
5916625
4885075
7425918
5682374
5611839
9469803
2046756
2877418
4081122
9959627
9706752
2892879
5551700
8077259
5619555
2629533
5984927
8531864
7703130
4596684
5586767
6954240
3203853
2521796
4381896
3660500
5839453
6053984
2154370
8128710
1865938
5952017
3285825
9520452
7855645
9534903
8430017
2368124
4417115
7283502
8885321
1536360
8502243
5315247
5605046
2941220
1846786
2319100
9243995
5237973
1785963
3020040
7246214
7089157
1846500
7805942
7633758
6647789
8686286
6571106
2304004
8280730
1739005
9779517
5599135
6566931
7387448
5961557
3897475
3641770
1737786
8883460
9784051
7923378
1095753
9856104
8977230
8034480
2757238
9137659
9482111
6710869
6381150
5399436
1607457
7283562
1402703
2287471
1753275
1527325
6974574
6635024
5048087
8903444
1132224
2930710
8074089
4247809
2286255
1570854
8701189
8225669
3047151
1820133
2578792
7143575
2324569
4793794
4379459
8683471
3711015
2955780
2359741
3118854
5252448
4421616
3443512
2990665
9520021
1534486
3667006
3957558
1726357
4451157
4802949
3391182
9861261
6549347
5647615
9444092
7575891
3899530
2704446
4094773
6139716
1088656
2323416
8412489
4861484
5262342
8163255
1184881
9213038
7884628
6857811
2517569
4757587
1470539
1171171
5172696
5599671
7428459
5793672
8872343
2799409
2157439
2854532
1944990
1957827
1019245
8812339
3620125
3183523
1642234
8643848
7195594
3948873
4685302
4332027
7763527
8979025
7633060
6321680
8801654
8054113
5886670
1215642
3316831
1322334
7553382
4080073
3525145
3952452
4623392
7874689
1400943
2345244
8815486
1132557
2192710
7133827
4342052
4554580
3895661
2333751
8192134
4663769
1437596
6699364
4692871
4707352
5347272
2014456
4664635
6485111
8071526
3403938
8695967
6467250
9042094
7736658
5448464
7168867
3943291
8875284
9856186
1142169
7022264
4651878
6649131
4508056
5041973
7317980
6524247
6418049
6742858
7082912
1637309
2778666
2774107
4527287
3269298
8345584
3436718
2902545
9349508
8231235
2265257
5715561
6128954
2132347
4111992
7857030
2553162
1540049
6132901
8879208
6406044
5085616
3801617
6070829
7349886
4958373
5130667
2188894
5886679
8202155
3216054
9854613
1456592
2182307
6357640
7553625
6815583
3863843
4191496
9178029
7534335
4472054
8160632
4591381
9777589
8522804
1292260
7373194
6429764
2941891
3763305
5924919
2635764
4287229
9457418
8017587
4530550
5635627
5604703
5107065
3595491
8964770
3797920
1136198
4595726
6473236
5842801
7344483
1348559
4972409
3122110
9442915
6068986
5062342
9962689
7150686
4313736
2741191
6703809
7340094
6636005
2290745
5709854
4187161
6909210
7516674
4062563
5812376
7967300
3561019
1806787
2881038
2061428
1318390
7782839
8480748
1388976
3125076
8158919
1685083
1658658
8103026
8096008
8127412
1422248
2731957
1225261
9193652
2186789
1613466
9123961
1109179
6357606
6378970
7649388
9828102
6677383
7636237
4041516
1769458
7597063
8937293
6888342
9535316
1538833
1370974
2122301
6575078
1404285
9017997
9432651
5807236
2082143
4714829
5630742
5033534
5070655
8381529
5397437
4736504
5690505
9059054
1141139
3400632
5706502
8943311
6231307
3918495
7467811
7231903
7937453
3102531
3356984
9836273
5202656
4612451
6060115
4783644
2121969
8173276
7603278
3437477
1064604
3695635
6036343
7052652
5830040
4487731
1570728
4022539
3964096
9242889
2130479
4949307
9007479
1998677
6257078
5056216
8303267
7050979
6815389
9678351
5719886
5091330
3035654
7505559
4069201
5033652
9505050
8708982
3203379
1090863
6640867
1544773
2423713
6477866
7480722
6388253
8919270
7721723
6483130
4372242
8920141
7160575
5890364
2252504
9088453
5519203
3515165
9501285
3522948
7959546
7105845
7911959
8634039
8617560
4660650
1831295
6384010
4701710
5993709
2323965
5377011
4508933
8565339
9444988
3148940
2800864
7685271
1020089
8241977
7497964
7761046
1721440
7689734
2617147
3666187
8121855
3337709
1946673
7608580
9630358
9511823
1134077
3728741
3819725
1354241
4624891
2645692
2344472
4940905
8042305
1030765
8131497
7842913
9446248
8656503
8344004
9079500
2761149
5469350
7267008
8029271
1709648
9820339
5836779
4269058
7262380
1697034
3570726
8361071
4560215
2664354
7043354
1095850
9047035
6925235
1387114
8135226
7887574
3103555
1211859
4568967
2621470
7358489
8588713
2079381
6214840
6354614
5860011
7097864
5135666
1190152
6937089
5098281
4317703
8235858
3588148
8094856
6886098
8769593
3104950
3352467
5776998
8970968
2676739
1904782
5313540
8712783
5317286
5658139
4318982
9074159
8008768
1604533
1224892
3803218
7478607
1759279
7261012
4027377
9784515
3280066
1451942
4289701
5166037
5921168
2346327
7512130
8491819
1099594
8034014
2976617
4948751
5622233
3771157
4440582
7105287
4540164
8836529
3417210
8107561
3650765
8591837
8294641
7486359
4352497
4619843
8731423
4305169
1602416
9098268
8203711
9013562
4983625
3916857
1749852
4578021
7784570
5420690
9313668
3232536
1725295
9930494
4727458
6957816
5140882
8392868
2752643
4082087
6339794
5666129
6680707
8043651
8495062
1511058
1891889
8503800
1621244
2557947
8591569
7901248
6520470
1837616
1641985
5385745
1291621
5723716
1100830
2589903
2401233
4530695
7767432
4139658
2147239
8781725
9973067
7402763
4689796
3784971
7443976
4999002
7603730
9832748
9452459
6903035
4930328
7489765
7456703
3322570
5722951
8935485
9838559
5587460
7242530
3656569
6959318
6613503
5030622
1512870
8948386
9872171
2068843
7964519
1930597
4180091
7509730
4780776
5748461
7653598
8709768
3387115
8280924
8657746
6678586
6121987
8463090
9022282
2578570
6227655
9742633
5151230
8399817
2169320
7314826
7241276
2615861
3560374
4771511
2049518
9759524
5370095
8447409
8889779
1431426
7611305
1017324
1963513
6763633
1262073
7090255
5333794
2225463
7544916
9425280
4494805
5876700
2459261
4519751
3224960
7415899
3261855
6965914
6767885
5973297
1122973
6561866
3696634
1375829
4928247
7086812
4222852
9543408
8138984
4523619
7361374
3796949
1191701
7942452
5272917
3526762
4852695
2889898
9554751
1916255
5663492
8500515
8592212
6243271
8758642
8973659
3125029
7769373
6264765
6965992
1424180
9962409
8570547
8508078
1649628
6843980
2198445
4840452
1298042
9180216
3335551
1952263
8033995
5050020
5024323
7775270
8532143
9453030
3549075
6575901
1756029
4046090
4218165
8522854
8205079
4333914
9683787
8256701
5133377
6857151
9436754
8046300
1483846
2857424
1578498
9091159
2746051
5762728
4410423
3432880
5319240
9976613
3930399
7288262
1439379
7738119
1493060
9285585
1805270
4936069
1410459
3124913
7099883
1000390
6279294
3971201
5927830
4201343
2809238
7042758
6376587
5783801
8112693
9207717
1944618
8951102
6122474
6094636
6197623
9692667
8669141
4888991
6499374
8203055
7874245
9393063
8373726
7219437
5582767
8400350
4796996
9104840
2866289
6826110
2071498
4049149
6750207
4719443
6596897
6104525
3930662
9617846
3310941
5697835
8693190
5073571
3984079
3206531
5161404
3308870
4232224
8082028
5911832
2694898
9464683
6403255
4336163
4445714
3417091
7277736
9876341
2279268
1386023
9820485
3870821
9512803
4880987
5817070
5904505
3870684
1086327
5337684
5051304
5814580
1647341
6945333
2642126
1269640
4649358
5389519
2336871
8375588
6573965
2962451
4207927
3035392
2709720
5090251
9931112
2930097
5413300
1744488
8487340
4708492
1557136
1452782
4286197
4093601
5062156
9817729
6540987
2919709
8284410
8396604
6935070
9009104
9123924
6454087
3792347
9272218
6933127
8237970
2271347
9173583
5499584
8559447
8926362
4255554
1138814
1280269
8492940
1113690
9456263
2645035
3198134
6397158
8007431
8105457
9497452
8490479
6873437
4376342
8595957
9292518
9877280
2817789
8483215
9122699
5962217
6272761
7807672
4565513
7162370
7453740
6805121
5735711
1313511
1142706
8499809
7089072
2294139
6723628
9299544
8569805
7969125
6587362
7321059
3291313
3766243
2618032
4800431
5239478
1130264
5246301
6069760
4339863
3267153
3337071
6354115
8153709
6485982
4800195
3182954
9251950
9610614
2013245
6994904
3797963
5577107
3873787
1495981
7043689
5899879
3677135
5383779
1724819
3098726
1763861
1002953
7726990
2812062
2335050
7474871
1652237
7903691
4531870
7793635
3877406
2957719
5195771
2650267
9877845
1962601
9325566
4477251
5897936
9188237
7397157
8575224
8478396
1874428
8799426
1546021
7475062
8776068
4366160
9153782
5240476
7546298
7787332
3751858
6198972
4224614
8105078
9248165
6048461
9057007
9920721
5200166
5881798
3395281
7136999
1459518
5919348
7226155
3256528
3853658
9000560
4448853
5286172
9500266
6908361
1580457
5553000
2347346
6442294
8693280
4284790
1840111
4630351
7273537
4861448
9144622
3435188
7794708
5975710
7065521
5900222
3945892
5756166
3785370
4489133
1133454
7638124
2014836
9912594
6134420
3351843
1838704
6448894
9581927
5399547
1472565
8525115
6559572
1885755
3730106
5928242
7058869
3665441
8285680
4182316
5495762
5305823
6590291
5556550
1882928
8265561
6318033
5153655
6477954
5504693
6181766
6531491
4668095
5919307
7371310
9565022
5796100
5492141
4023723
1361457
9957699
3888024
5108009
1850209
2235379
6206116
5824192
4381441
1384265
6940249
5615753
3032381
6756526
4557179
9633651
2378721
3327706
3800271
7919919
1596496
4823497
4442662
9779378
5768402
7830212
1699962
2425683
8369904
5118059
5679000
8297485
1018986
3815256
1714373
9775143
4411028
8288647
2737915
4357993
2640412
9893444
5118678
8103480
8324847
4553541
5947410
6576989
8877277
4307249
6370504
2387746
8800779
1174752
8276842
1108199
4656839
9932285
1664067
1361747
4426113
4259088
5030634
7683030
3093432
7803464
6268384
4754325
9352323
3422536
9128857
4888639
5243354
2914696
1102912
5309367
7281157
5708447
7387286
8859866
2261779
3173079
8274180
6067203
6180437
9514113
8062871
9528492
5811765
6854873
8776548
6042719
3082121
3939212
7787901
5270900
4256964
9209729
6750875
8844342
8056143
8366206
5074820
6810993
2884220
1183387
7604463
7168037
3672277
3302348
7907982
5987273
7825467
2686258
1541011
9910633
3391705
4546202
5438102
1230489
8776585
7189850
1963199
9317398
3527927
3829543
9310063
6514609
8804430
7265772
1025220
1758023
8756136
8638440
4695789
1347423
5724642
3613127
6072563
1904003
1577543
5439971
6197617
5064010
9635332
7708163
5941733
2157196
4706876
1840500
8470224
9007926
5793926
8631630
2655994
8713472
2730436
4467729
2541258
3398405
1729429
7772393
9532517
5192394
9228317
8480719
5464693
7090034
3314699
3450370
7923004
1655360
2620892
6480741
6760881
5026309
1145815
3816250
7745107
7727708
4405617
2147486
2038100
6946276
5028858
8286710
7790007
1743213
3971847
7340738
7082797
6810574
9950473
9008168
6143653
5289062
8560999
2994219
7204331
7695433
8672992
7424653
6308835
7770092
2505788
4343546
9757405
7640443
5740803
9690982
1729915
4757802
8616190
4779498
2676233
2736282
7042669
5432362
3039029
6135318
2841193
5728073
1652632
8400838
3853596
3590216
3235308
2410219
9616325
5702276
8627678
8883428
3204264
2597751
3419126
3588303
7711366
2206666
2699997
4274883
1732401
7419905
3638198
1062533
9243155
4072638
3506537
2200121
6627632
1223937
5043180
9064298
8245873
8703328
7788355
2717957
7676739
4311275
7686650
3898482
3108576
3986154
4029816
1742403
9552012
2443290
9649510
5891682
2031755
1731309
1450033
5361142
2129929
8729873
4951789
1980541
3501674
4154867
4536563
2923007
2966699
1217797
5945300
9155786
8632353
9593093
4449734
5612889
5428833
5369551
4115407
6546282
9755559
3952813
8131768
1423871
9978180
7609204
7125572
9911340
4337754
5680914
1530137
6165930
6098922
5526519
4188774
7756355
7920272
3409841
6124271
5625894
7709805
7616148
2161789
3015069
3992694
1751353
8947641
2299868
4205019
4838869
5871331
3057475
4126451
9494372
3701430
6447456
3979927
3615438
8015990
9097206
3509692
4764547
3044733
3317465
2272132
8352091
3302035
2624086
4802008
5710680
8520260
2089470
7894567
7259511
9307535
5701019
2629258
4319019
3946892
8522629
2871892
2964596
7580894
8424502
9797492
9534648
8697106
4629676
8674861
6388552
3688166
9881095
5507496
4023198
1447725
9513467
7908225
4857308
7284707
3264502
2300071
8255896
4091772
1467389
6026352
4930182
9504986
9484396
3929541
3698701
8231176
5930109
6145490
7869878
5297664
2551386
7960057
2247153
2361740
4154093
4649807
7034346
5015059
3142711
7602695
4985092
4620122
5051390
1723382
1167508
9326485
4571956
4341952
9501696
7022222
8440349
8769977
6749000
9143846
7853545
8282102
2313933
9705819
2467515
5981605
3848937
9654161
1325343
8047283
1369023
3892684
8037002
7414573
1224236
3604116
2977574
4380881
3969076
7025570
8289428
5136238
4212801
8661787
3426455
2167273
6929449
5687899
7824014
3483937
5548423
5585844
5743465
2930334
3610412
8160326
5444023
4721942
5068310
7180234
7082638
3337977
3892626
4539162
3591667
4410646
8878645
7568115
9393861
3199013
7321464
8481662
5419277
6722102
6167612
9720588
8389591
7560954
4273755
4513729
2266782
4151713
9495377
6156498
1308740
5887228
9063298
5973842
2701849
3174957
2875541
4746753
9608958
8655940
1296489
8436110
5264161
3005731
5252078
3522783
9687867
5500348
9872726
2689095
9770367
9216041
4544677
6207888
4235077
4385748
4295838
3345585
1479791
7526769
5934407
9226049
8681611
7481841
8934911
5407149
3216410
1308553
8716790
8121311
6436807
5369875
8389069
1609800
7799219
3495515
4011583
8282176
1066472
5731277
6783032
8243971
4198868
6819797
6263276
6794175
3956744
8282007
3082618
3617443
9007680
5985480
1385601
3363834
8912133
9122829
2977731
9078673
1026625
6018083
1751993
8879829
7785346
8927319
6467750
6666681
1077850
2335367
2993520
3936838
2723213
3723953
8700708
8782340
7926683
9891098
3652232
5658265
3761312
3203450
8905710
6880455
7993362
4830975
9473823
4173907
3569554
2225447
6734701
8491244
3542150
3130114
7476629
7566481
8085318
6785871
1618612
4334071
7273332
2983639
1375561
9309641
1530977
1549199
5064546
4138816
8010989
9720354
4679987
4710694
6074853
4180326
2902891
4806414
4949180
2829829
2996017
9698886
6363635
9285016
5543926
6501872
5466378
1162431
4563260
4461701
5216123
3014196
3955127
4765467
2164379
2213130
7814153
9496409
1110004
7362368
9571732
8727729
1339929
7058722
9720683
3135790
5998792
8788482
8160865
5956982
3148518
4376835
4395438
6018106
7527863
2879455
6227206
5084668
4102972
8563802
1860220
8349712
7043513
2928862
1844766
6159542
9589511
5338856
5300826
9026294
2999654
4856411
8942144
5318278
8865151
2280044
1791849
6316441
5622440
4612903
2327032
5473769
1766729
6093464
5751119
3947230
7973006
2823749
3402501
4105919
9587332
6173138
3319158
2517761
9646825
6453964
6446859
4837534
3757678
2293050
1002418
5465705
6254944
6808649
5687592
4335303
2676271
2227376
5084557
6141255
7249462
5852332
8307720
2621253
6042899
4533173
1550172
5271180
7828488
9317481
2708467
7243555
2657059
2063639
2301569
4221354
5552050
2526431
6178196
1542397
4940874
8176392
9497778
4351536
8611705
4001162
9344810
2784588
9387178
3667758
7128886
9002401
2632409
6252418
9564185
5321324
2281158
8640170
3690253
9277899
7204622
4800836
1577919
7834143
9879792
3467418
3572423
3454554
3969301
5162094
3478498
2602954
9777059
5081545
9464601
3724780
7486658
2069701
4935463
7563021
9750495
4296141
6161534
2028533
5507185
3332337
7282842
7308741
2922298
3054038
7705330
4758587
3126303
3793061
5161371
2334659
5886139
3775571
8077070
1479913
5627272
1691546
6348644
6929204
5437695
7962086
4526897
7126150
2813410
4418315
2046678
4919898
5582583
8970229
5296203
4850868
2289814
3923168
1205804
1974208
4166686
1111650
6005146
7241236
7370780
5361237
3172493
4552719
5445981
9076641
5329639
6296775
4164317
6447746
7507980
1860021
6223448
2001879
4949448
6303148
6211153
7537115
3515441
4221155
8531536
3776943
4286678
4068879
5610673
2939984
1101879
9063300
6885122
9074789
6941294
9990862
6159724
5414580
1114190
7183115
9085629
5154389
3086034
5873972
7972372
1384487
6234776
7314916
4271557
4543163
4868351
6271768
6510199
4226350
9976502
2723904
8844956
8660883
8057287
7555061
7087793
9834296
8226035
2440467
7478910
1601455
9969910
3005505
6934623
9336065
6748989
8740511
7238203
3953023
3678239
2451432
5356259
1460161
6067929
6332345
7015927
7091698
1363246
1316096
2223517
5524795
6316702
3267129
5833179
1796632
7643669
3382165
3016790
6840377
6396399
3089868
7945627
2578402
4488138
3791461
9582085
2665573
8320116
3926980
4399255
6576502
5376318
5469267
8139156
6715223
8333335
3841100
5021733
5615693
4849621
8392942
5381890
6857131
6679649
6813990
2412043
8057223
6787010
1661273
3444401
8039098
6684565
5576767
9888048
3053292
4772506
3587050
6976143
7407511
5639721
1493464
5896914
5360698
8323342
2176453
2058127
1735730
5848514
2353917
2921887
9241804
2456204
6027369
8696758
2655798
2537807
9744752
4091590
5402903
4800804
3704184
8332249
8518468
9952819
5895836
2968989
7468773
5500013
3906921
5668876
6420424
5538653
8617620
4122435
1034700
6841464
2250151
6833586
9414801
8756218
8036172
9180573
3026670
1415338
8947537
2562146
8663907
7314871
5724389
2678668
8097137
2476860
2096489
1392310
8980255
1322306
9853155
2452699
5494942
2224277
7690904
2193020
3870919
5639920
1523673
8605187
3252116
6121148
5645383
9399303
5194693
1921822
3643881
2326176
5490844
2135144
9850558
3657733
9705563
6530931
4841446
4118323
8724836
5942762
3157806
1015145
6370362
1936170
9682909
4433465
8962879
3673456
2693928
2536896
7702437
7520226
2394789
8168432
8366929
4531634
7049358
6605933
3825189
5767935
4045701
4790351
6777165
2894286
1471103
7805015
6613541
4193305
1304948
7650341
4636129
5270710
2173006
7577504
7248525
4964714
3663992
2842543
1633111
5981487
2099410
6664247
8403250
9619435
2694314
7236476
7658412
8543242
2652381
4586021
4372210
5206557
4003230
3765954
2494850
2149508
3515870
8047913
2067378
5799170
1904021
7116777
8273128
1636376
6474521
4671958
7414545
4365636
4731173
2205461
7963615
4389385
4130788
5457865
5079461
3562106
1312158
1832359
4566980
3341835
5080242
9391694
9674203
6710152
3395405
4578650
3179403
9996330
4189043
6174930
6522281
4940934
1321435
6953656
4843856
9160047
5587039
4801960
5516590
4586630
3711861
7114948
8800350
7081712
2980296
7085735
6072310
6836960
6719715
1277855
4995802
8445590
4301759
7284432
1421521
9008808
8919339
1390302
6294471
8172351
9669132
3659690
2515683
6928164
1356365
4667273
9946858
5066788
2313737
8990784
8513124
8637785
2009870
2531771
6455725
5882338
5577189
4090120
8575567
2881949
6507248
4259478
4241262
9319459
9945771
1744139
5075276
2850612
5463318
1888511
6464222
5819484
3171138
2190938
5126224
7636894
9159930
7594356
4341821
5522743
6650885
6943661
3142977
2013581
9387890
9709131
1402363
1486680
6119978
4536244
7556829
8929881
2692124
8297012
7064655
7531010
1918910
8467536
1413251
5013278
1961736
2433147
7776505
3954649
3576317
9902305
6211535
4654778
8005820
5438441
8253722
3801064
5872476
3347104
4683048
7770498
1029319
2274035
2807337
5767466
1008201
4168379
8295603
8772028
5803425
9743207
4384565
7594051
1092295
1366998
8755991
6298212
4775391
1681284
3480848
1538614
3107253
7684471
8242384
1672937
2051434
8965033
5299680
6117286
9523526
5803279
6032599
4452407
1165127
9914923
7767702
6467736
5683417
5714918
6383151
3922125
3328334
9551553
8816953
1658237
3377376
8033718
1733407
1527519
6849261
9351033
7750067
2402459
7884019
7335844
3930604
6328651
4811276
1778603
7324800
9791651
4577844
3431244
3557958
4163110
4221993
6917275
5538195
5508842
3785978
3349444
3726873
3451534
7337211
9966042
3602067
5748002
4119320
1811310
6058012
4550463
1245193
9763707
2692120
4249504
2836709
5408577
3836859
5360432
2916794
1307664
3571169
2320549
1284260
8030639
8009751
3263101
2436236
9402540
1839536
6449143
9225492
3697054
4770234
2687309
8256056
6607400
4748298
9297856
9701087
6957976
7452381
9238003
9149442
2606657
8336722
4497220
4858445
8367549
2064180
6686647
2583308
4353926
3439556
7838845
3628864
5848454
2149039
8368269
1403514
4089669
1016660
5257849
1883591
5136035
7508530
2982203
2396277
7688861
3887559
4143088
9244661
5247036
8713691
7718028
8864906
9632667
6178263
1665784
4814369
9195689
3262896
8092130
7219778
7011375
6327945
6123019
2863534
5887339
5049344
7655501
4137730
6763582
9411184
5006710
2911699
4951259
4011888
4480895
1421386
4721624
8578674
8536066
4066818
3135928
2954182
1448819
4815656
9889330
4108119
8681756
9609419
1556811
2622703
6081407
5512341
4745963
1492535
2125327
1679176
6824062
6093394
3018543
4006588
7272704
1993475
3711790
5430728
2417486
4129572
3814227
6884608
1819930
6079217
3594933
4297590
6760982
1063461
7067886
6545868
4095900
1941115
7112704
6346786
1564853
6952128
9181399
8110235
2085376
2422511
8670568
6572181
3558205
8209677
6450601
4194272
3135498
5194350
4028931
6527150
8788829
7021608
2942733
2688037
7462450
3572447
8847450
2497266
6544342
4775433
7079901
4950894
3965212
5188523
4936507
5401685
8312103
9531995
7480257
4174645
2389344
6765968
7989391
4468268
3430546
5637280
3896581
2542070
7097324
9606305
2253820
2867694
6232519
8694153
3777878
2858874
9425896
4170602
5998850
6497924
5288342
5604369
3708466
9814726
4113295
1058366
7537895
4887590
5347735
9256265
7786527
5823627
1153795
8560523
1954452
1337647
3539909
6160891
8858777
2545678
2573119
9980819
4090920
3008342
6902140
7629434
2328286
3768800
2084180
4681603
4087979
1633437
8311600
7372142
4202107
6506533
3219151
5383349
7169066
6651300
8194279
6799194
8235911
2761414
8634391
3848936
7612719
8346317
8659004
4411263
4634949
6980664
7044786
8069356
7115240
6320407
6934701
7690041
3321045
4452829
7649255
7537353
7634461
3441166
6614923
3680151
1369514
7049585
4029819
1995391
2265605
5277335
4296383
6144173
2451347
1277108
1223838
3062486
6349008
6704766
2014201
7262516
7006251
3814309
1285197
4482061
9848636
5139154
6143489
5748630
7278403
4526155
8925272
4170973
7727002
3266029
9180704
8976933
9505605
2052331
9420307
3581629
9897872
4853007
5843581
8586891
4850393
3314455
7378039
8560365
5796143
9586042
2581915
8433601
4784298
6367227
7209497
3288526
4914972
3535941
8562984
3757154
5510535
5724376
4787655
8403030
4166313
3347668
1210686
9252087
9930925
5777859
6803128
4830415
2777003
2436652
3243995
6199635
9104609
1936374
3920635
4630286
7385259
9904217
9248755
3187999
6567633
7775979
1560564
6490094
2111191
5086082
7206251
6443237
7817546
8672198
7473565
8989309
3855953
4268049
8047269
2811814
8525481
7306666
3719993
5823780
7026213
5889862
5585633
6133758
4910181
7792424
4971537
5258105
8493805
6306851
8422376
8334861
2979961
4599230
9377481
6015558
8648783
5104216
2004704
3615494
2790004
9577268
6751129
5608809
3874027
3046398
2092438
8198146
8888211
1143886
4011190
6566740
7634567
4973557
1941621
2621212
2754219
7953575
5019393
6586429
2134309
4945064
3656858
1760100
1899914
2750586
6068901
1950390
3070546
6403470
1403186
8625214
3815333
5304105
9294979
9404979
1943183
2968194
4657063
3109178
6948209
6606297
3653904
8763297
1538833
1022610
2830673
8135316
2381301
9771898
5848587
2224083
7501539
4476001
4021865
6130531
1001819
9492529
5875914
2848813
2631593
2001534
8764350
9137980
6995957
2300639
9070020
6913483
7422380
2522708
1501138
9480143
4122268
9905082
8381126
2048360
2547931
4574219
4989924
3994686
5096161
1558409
3376240
1402570
5658646
4292292
4270182
9188499
5212934
7746178
2867343
5189499
6997580
7489351
2431206
8126673
1762459
8901973
2646355
3134200
7080660
9468238
8369471
7327032
9848108
4136832
1836584
1443364
7108021
4901073
5369327
3832540
5153464
1443764
6590975
1585147
8542024
1751362
6603712
4453716
3252441
6246828
6951284
1077569
3166706
3356353
1731953
1346845
2572817
4796547
3423128
6924459
3091301
7839103
2452061
8210742
6360609
1977781
5490207
5206882
2844110
2546653
4371952
4055155
2906569
2673259
1536385
4396982
7799143
3487196
7971247
1527725
3330453
8619649
1629570
3616591
2316253
3897068
5905840
6859575
6833005
5791745
6864148
1675571
1505200
5330111
2927492
3000000
3145114
5998800
6342962
9751245
6253984
8789461
6379298
7384950
8426230
6617598
4863100
8389994
4415788
9868728
9006164
3552135
8748010
9374216
4237768
1301652
3566043
5376976
2176001
7810775
2818624
2585359
2570566
1635297
4776797
8214398
6649700
7114063
1482129
8886401
4529553
1422227
5238505
1110027
7456906
1619867
7112429
7762125
9586954
5274783
2316287
5228224
6558958
1217689
2995080
7377281
8176183
3557753
5604677
6793117
6985462
5887726
5517737
2223517
9437430
8980844
9538540
9194588
3227742
1280323
3141084
2914040
8018116
1725356
5111546
9797133
4650978
3568218
2318543
4716824
5017283
8996935
1304280
1177203
1688549
5058892
1655559
6075932
1446389
9272109
9830603
3421555
9987831
9553772
5715034
9875828
6960596
8118173
9293493
9014098
7413329
1770003
9217340
2009045
9842132
4395538
5056595
7339357
1458065
8654684
3491876
2975087
4302925
9123247
6585950
5058208
5679370
2851919
2033270
7109737
8414164
8958153
7748812
8731378
6519603
6890856
1453201
4292002
5699889
9848388
2187495
3850598
1246989
1704160
4294953
1683848
1401976
3791962
4433147
9728530
2592839
5542937
6799196
9852715
2719690
9919202
1777562
9952041
8257580
3987475
4991502
1398832
5977556
5127300
6574842
2468163
1669626
7448987
9561319
7650624
9351636
3899112
2539699
3919553
5910674
8441913
8212138
7104361
4158833
7970502
8242780
7922276
3747093
6745088
5970662
1546914
9076890
7111262
7367389
6442829
5366387
1868096
1883167
1054297
3166579
6379111
9092771
1110580
3204404
5164541
1897396
9710991
9140366
7695650
5773801
7172683
8110617
5190751
5371809
6025832
1641854
9452478
1891612
2923242
7532506
6317009
4988132
5913229
4550107
3821339
9019548
3312420
4167888
5972453
5155409
9773852
2310523
8849202
7030528
5643254
4876490
7214189
3571136
3351269
2657413
3820289
8024041
2297501
6462010
6703225
7195036
1085685
1283159
9381962
5892308
8698334
4307574
6090942
6093388
8394685
5148359
3863330
3037706
2155686
5267298
9324514
2673996
4604626
1336411
3762564
4524281
6251602
8118627
9389739
6489403
4341732
5095547
6321766
8766507
9719005
2334627
3276488
7596356
2045984
8276908
4132704
4469612
9184247
3111218
2282724
6853679
4012409
5712933
6214579
9597302
6993059
9028185
8260080
1163927
8250385
1541236
4574710
8814582
9156598
2114375
6491528
1809756
8265130
9173576
4872264
1182062
9597525
8004830
6285755
1278929
1479202
1947462
1706907
5718579
3356165
9736173
9811262
1020341
1983168
8911390
8314109
8587391
9125459
3183005
4427551
8843363
6231770
1749493
3901063
5852455
7552708
7727182
6630028
7485452
3130785
9284507
2375952
7025115
5131107
5275634
6881611
1737146
3157449
7921220
6104753
1840507
7390369
6887831
3214290
4979245
7572908
3019489
4994464
8231270
8116366
5526567
1251927
1952625
3724366
5687182
3054800
6927539
8367650
7270617
6999774
4724371
8528728
1580388
5895213
2525386
8186361
8857408
2298704
2726329
4431479
1958014
7180643
9513074
2966321
9020937
7339144
2064889
3698212
9372262
7784102
9161315
1200980
7761798
7002038
8986494
3792859
9844039
4507544
4501251
8799242
5575600
4566135
4526625
5708862
3580467
5192344
2019675
9665150
6446406
2310281
8251420
2235218
4880717
9022192
3523969
6269582
4038585
5042993
1637927
8401535
2906941
3906228
6185214
4184829
2040747
6961247
7001917
8547883
4843537
2426368
1448319
7018483
2617169
4379078
7147486
5965733
9636496
7649393
8251558
1744362
7188471
5470887
5882364
5931468
7810936
4880928
1524960
7986432
9526530
9259837
5848016
9074047
4387799
1977965
5752967
9540698
7265581
4488352
4309765
6526708
9141883
9372328
3278015
6695701
6124486
9261404
7867153
3019292
4702732
3420391
9837923
6264677
5208560
5945969
8441497
6462668
3770479
6928901
6886591
4005712
1587105
1005275
3643668
8459483
8186075
4845415
1180117
1317625
4255588
4486145
2246605
1616944
2257326
3905927
2145459
9471480
5041598
4350976
2758756
4942131
7023399
3743515
2338969
1871262
6317059
9913504
2010083
5893201
9081195
6040837
7079717
6487516
2238536
9306204
2452859
4959523
4501746
3981434
2734985
1458676
2344408
8709788
9172398
2057446
7080008
6208349
3608010
8489196
3224138
1860259
5148117
6927018
6986991
6859460
8952441
2184847
2304631
3860067
3227313
6175325
8894898
6478912
2217276
9095734
1479630
5032655
7501492
3555023
8829058
7091023
3783739
4251705
7549802
8379806
9703104
7978870
7561187
8395300
1866877
3933249
2048392
9552085
1157220
7517593
6269742
4400603
5753395
9552415
9180364
8820603
8990845
6612399
6962679
7738823
5355746
5693740
9989851
6296493
8269401
5353175
5569461
5501166
4101091
9649362
9565417
6337025
9015771
7626120
4718247
2808161
9529044
5883759
3802466
3962813
1626747
8913905
3920851
3926535
5219431
3833975
6631467
8439352
3450725
2093031
7868823
5710642
4653384
1418472
3736248
9361109
2795112
1112348
8881443
5772830
1410297
2875013
8608485
8735869
8773446
8833900
5468915
2648535
5844111
7764174
2526352
8473940
7257537
2361872
7284023
1228833
6240228
4850557
8097731
5837153
3783930
9697629
3797892
2209496
9447293
1141888
5297524
3965800
7609546
4176316
7599922
3856432
2765156
6657588
8808895
9733594
9431107
4087394
6493815
9115468
3467382
8663966
7938697
6479257
2939125
8304359
9841233
3188985
1343244
3467218
7931068
9984679
7493900
2784545
4228413
2514121
6945355
7470670
7536736
9922158
1262086
7242496
3313628
4169067
5397318
1924270
5275886
2338287
3471352
7461122
3609147
7033224
7694312
3709863
8745965
3218693
2657744
6995870
6366657
5220998
6464013
1517038
6237815
3390201
4036234
9674307
9546955
4298311
5299760
7286825
4996522
8361374
3866278
9893713
8983489
5519352
8948669
9411035
8337282
4336404
5395246
7682780
6695543
6689052
5229367
9996850
2097508
7707935
9345250
1580014
4235975
3061792
8178080
7031354
7798355
9649056
9196694
6968779
5127748
2929999
3533246
6436385
6438412
8722473
2021592
5833661
9402167
8409046
2929482
7286114
1539563
2053930
3965317
3295240
5232676
7300648
3648785
8358469
2363799
1274344
9037731
9322341
3426372
8214273
5703373
7850828
4151960
3127947
2245270
4689001
2786602
1703876
1775627
2736870
5838590
6221846
8119965
3655446
7961368
7040198
4796268
9989301
6105330
2434985
6731716
4266710
9764418
7474619
9471191
4667754
1358660
2326808
5483435
3605277
5208767
5345558
1198291
5012077
5511790
6505643
8479811
3213190
4100989
3611308
6633264
6274592
2850054
1153646
1040725
5998114
3118995
4772232
3573621
6929339
4474767
6662752
4271293
5381111
3434143
7819629
7091448
5225295
7115806
3049582
2229537
3398420
1992584
3740450
5391084
5831278
5311590
8006975
1754165
9037432
9244956
3038879
1051060
9411887
6653694
5128928
9993128
3694283
2926457
9893859
1532675
5553300
4838712
2003248
3416590
7080465
8218501
1031488
7770502
1842174
8649298
8401219
5610142
9092012
3480448
5689499
2490310
6355398
2198759
4936912
5414572
3240689
6995215
2601926
2918465
5170883
8565517
7760813
4672894
9160047
9043897
5386704
5281647
6510281
9303591
5263856
4789312
7153974
8461339
7342217
6485839
4366029
2889090
8495638
1682818
2127164
8744790
8870705
4807306
7830124
4269050
5373718
3596199
4327863
7728518
9770465
3224541
8384428
7195884
8282020
7798134
1163840
1653195
9397606
1068761
5183632
7722715
2100257
5272859
2514708
9035778
1303827
3781260
4843990
9050949
6379360
4597757
1135164
7153474
5659749
4295488
9546242
4836798
7246024
2922679
5616268
8884354
7785423
2139825
4851698
4526274
5702566
7884658
4127501
5844271
9532390
2086857
3228498
5634516
1408730
8304559
8427149
9947672
4003004
2448109
9059744
2725836
9485432
1227615
6797171
2443637
9594063
4080816
5758487
8194995
4723759
4346269
2853782
8735177
2744553
1237701
2110894
3063823
6803835
9696968
6061814
1230478
3024559
6629783
7805743
6789011
3931156
2277899
7274951
3734848
2850188
6080810
4301699
8026758
9020807
8236207
7448059
6181382
2673526
1931793
8995155
6552753
3588450
6306454
9829535
4384950
2205446
9200633
8966166
4989715
5219042
1796728
7860667
5334671
8569138
8938698
5507096
6155871
4191479
5447833
9097876
2603631
8788500
2212563
7362591
6512379
3274732
2544814
5545499
1768621
4290235
5025004
5752566
6405769
8400762
3268117
4993990
5303902
5426751
3418324
7429531
5241559
9356004
5230532
8004356
3202747
9327759
6126075
5965699
9917353
4555474
2022935
8752627
7523391
1617044
9787647
6537412
7655715
8309056
1631877
9895643
4435163
5531197
3408810
2261064
4858626
8265350
4254369
5680018
2030467
8285259
8621095
9778726
1666546
3471832
4376899
4397585
6251032
1545877
6175466
6315330
7475135
6398054
2771782
9981012
5062159
4832835
8159352
3554410
8985671
1734691
9465225
8194515
9015391
6181477
7538649
6258481
6838796
1365311
8010409
3042669
8930580
4894515
2480275
1029278
8097525
1060007
3329044
9760930
4192896
6008092
5015431
3126947
6676947
2177890
5948574
8650246
2923775
6394178
8015348
8949625
5636502
7005148
9806693
3954780
5404121
2415746
7277505
1216745
1882568
4429733
9071974
1120094
3974682
8295511
4539038
4935970
6814159
1235840
1745112
7468911
5873139
9357221
4212842
5773608
7817405
1892559
5906974
4510491
3570280
5887752
8755779
9227121
8800585
1585308
6439736
2880740
8329209
4875965
2899908
4110968
3046653
6729607
8765656
9608621
4192948
5151454
8518568
8982380
4848768
9115476
1535175
6713152
4440367
9925296
4208418
2832320
3177779
9855932
3182808
2362242
6373217
9127526
2651407
7859450
1046878
7556578
6402273
4723644
3654712
5359774
2547696
3885358
4833579
1384454
8444511
7021986
6216290
5125768
7241899
1933107
8144024
4902123
1869697
8112222
6403158
1747332
9386889
6384418
3253927
9689250
1870594
6964172
3993866
5090612
5615999
4590260
1461767
6236503
2528385
8892076
1004957
4364260
1772022
8523611
6732531
5988697
1948755
8756565
2279124
9506791
5708837
4745006
7861720
7106124
1474373
2096023
8338056
1014794
6466061
9011496
1988057
4563281
2395245
9127127
9929780
1911409
3735170
3898152
4582988
2258922
1674080
7145333
3675009
9778263
4536350
2211216
7142044
9515057
9909531
2567607
3677371
9814144
4327504
7652727
9912767
3016120
5102829
9522173
5422875
9845826
2111287
9268169
6775263
2422928
8598673
4544292
9810478
6424693
5739545
8769284
4625859
4870276
1951830
3132045
7722666
3489537
9438688
7098915
3447006
2486317
5519448
6093302
8305382
5960598
1146330
7389173
8120429
5999350
9993311
5060390
1894169
3593555
8627462
8208077
7990531
6592695
4182877
7033563
8031216
9387993
4227364
8387842
4557590
3328373
4262731
1853790
1570467
8241815
5486820
6914478
7249193
9661630
5690738
6326947
3124086
4786439
6853291
5125040
9062627
6969887
7180300
5272572
9596457
1466861
5725564
8161116
8456660
3105615
2338859
5297940
4886754
4257589
1975107
9974496
3795277
5663316
7769342
6658782
4242449
5009820
4560145
8818463
9130502
8416747
8126633
1147782
2693073
3594867
8544445
1603048
4994328
4380634
4717204
6606253
4733300
7136769
7221111
4654974
3213875
3147856
6284545
5856600
5967357
9650136
9400101
3492248
1202598
3524041
3655152
9789111
9059390
7162182
7484305
8706688
4818412
5438949
2555989
8787384
7941745
1314299
8956854
9231405
1387692
3538328
6453590
6324843
4043225
9203055
1643936
1720363
2519215
2372882
1259256
8887589
8468488
8109043
1556452
1101584
8627123
9567086
9663577
7373040
7477569
1764285
1418786
7978991
5330596
9424188
9498589
2830039
8323934
2871903
6231432
3225880
4930463
7217073
8957956
5348461
9862960
9962174
3624647
8125787
4075376
6053291
2527240
8917133
6410884
1108469
8676342
4999018
2830771
4296352
1259729
2587241
5247002
7575962
4002389
6307238
8594237
1919407
7961451
9517909
5664278
1052526
3155865
2234263
3294738
9345268
6891724
5949795
4662809
3102567
5202700
4143471
5804638
1470214
2376977
7362326
2419552
6349719
5865500
7588085
1858351
7223274
6234344
5798489
4489674
2747493
3677921
6333084
6753711
7472223
6746213
9903560
9619619
2640465
9150922
7713835
5064268
3092913
6640783
1288244
4673509
9775657
6826559
8550197
1608938
2751913
6118338
9991442
3183932
3625081
6865198
9075881
7903254
8940417
6332389
2190506
1621607
5663141
8129040
2662209
2936514
3254011
5443212
6468666
7678765
8274999
6818146
6782204
4343622
7937377
5613413
6876082
7034531
3293013
2585767
4089774
3303795
2800716
1321356
2923624
8222736
7960826
3366787
4565454
4142528
7118648
3161761
7604883
5656028
8332850
8615176
8712013
9950191
5672284
8134247
7509610
9926330
3363857
4397931
4370699
5380023
6439556
1777590
7345988
7407388
3896491
9973181
5008035
1690617
4064785
2881296
3934192
2190181
8073907
2159397
4505948
9967573
9670197
1513517
8230620
2749430
3227550
4104074
3794224
1588245
8981617
2689744
9977648
4517132
4404750
8233907
6604206
7942815
3471713
8587217
2911514
9361790
8287090
4359201
6291066
3321397
8841109
5414811
2616337
7274218
8846259
5444234
7775227
1985374
2356593
8277638
4847357
1810511
5745151
2898558
5565594
5857228
5214187
1774589
8176676
8203722
4890071
7149323
5652103
2478926
2145945
6293127
8983157
7223491
8796563
5288539
5659749
5123550
7201282
5560256
9218429
5256999
6317267
1828051
7991715
3253106
9248499
3059575
4884911
5887774
5681477
3247228
4343363
9446581
8251234
3540367
9763229
7568925
2712196
6305971
6115093
3652173
7188180
3934313
1248515
5457907
1981341
7711451
8102987
9081540
9761728
2520142
8340939
3521485
1991762
1561144
8042092
9042994
7193643
3260631
2895200
5325388
9826569
8038763
3491331
8026631
2748133
6163518
2280789
3026532
4452948
4269651
8632599
7343259
8874713
6502996
1587365
3593260
3795376
3683504
1583171
9322024
5216471
9980676
5468283
8052835
8532329
3298120
6783830
1073148
8121819
4841877
9783321
1604096
5595218
7566085
2334786
4486522
4137021
5379018
6393172
4596607
8856368
9785011
8579839
3648472
6017368
5853027
1694891
9757280
9885998
6206044
8563023
2191473
9040830
7189995
2676517
4362481
9531463
1335901
6111121
5818802
7502184
9712010
2572546
1267306
7333898
2465264
9706809
8162823
6465937
8412931
3350904
1124646
4130711
1701242
7533052
4342221
1746106
6562717
8923382
1909359
4829589
7151029
7708982
5783711
2551493
3116931
9923569
3866288
5278645
3144949
7584254
8892076
3353965
3883422
7639716
9922466
9848062
3614613
8942502
6605685
6789218
4278784
5822850
7522186
3875914
5809617
8109270
4954801
1733951
2232537
1210300
2842695
5897141
4030196
2257816
2875755
7078981
2287708
5521544
5277695
6219339
3533809
1572235
7431672
8002752
8312433
3015149
8779761
5108080
1461988
3578762
9816148
3477799
9017570
9297818
8072034
3154432
3541648
3659013
4691092
4962990
7484656
6377519
3179458
1755935
7299288
7347013
7691900
2029646
3024246
9439416
6906574
9731688
9255033
8179866
1021416
2857665
2057290
7316271
9643110
8776072
9398860
5423974
6778837
3745217
4693138
1383256
6115662
4425866
4665463
6735361
1746399
7961448
6271170
6602549
5914087
6296699
4518667
3689389
1206866
6124671
6134160
5460106
4898302
4654285
9468789
2939737
9691020
3101961
6893939
2511680
1389401
9910374
8689711
2020312
3924030
4281535
5858333
7113253
7830815
1606567
7197734
6698882
2991073
7105612
7729335
1181544
4796455
2275840
7655467
8427712
9077493
9859841
1449996
5025639
1461526
8220241
9205485
7966930
1924314
9463728
8155714
2759082
9023563
9028000
3238331
1417210
5902594
9156490
2160398
8566535
1990276
3010872
3490908
9107936
2817122
8011067
9090103
6296063
6019241
7443518
4086905
3745614
1407438
8577003
4592688
6156445
6170094
7357045
8907608
8804315
2949716
8751117
3901416
8500124
9545723
7579721
2661825
2167659
3039046
4452346
5432500
6710008
2974029
5949261
2302747
6491675
1760443
4375069
5307353
5485073
5767557
1943807
5827741
1260911
7821012
8863374
7213405
4767366
1201358
5920240
3420495
7267790
4681297
6317649
5282773
9831094
3628049
3171215
3142841
5253138
8951724
1327966
3600502
2170678
2452027
4591965
2803857
7952739
8342747
8741865
5658894
6635648
1360323
2617528
3302743
4163747
9318416
6917697
9215938
6890648
9260175
9694747
1465722
2141274
9246946
8593371
3402673
3735152
9008142
4107914
5042107
3699921
9863387
5486279
5849197
8617267
2232493
8800433
7031855
6493793
3064634
2893607
9913463
6523571
2948892
9231724
7575295
1543291
2955897
5715389
9294313
4675413
9184904
1159006
2939945
3481711
5220742
7251468
1693699
6012633
5484873
6621932
6663358
1033303
3055611
3177116
4852537
5147061
1883923
7135560
7740900
7687827
1881592
8694745
1094489
5044730
5518887
8481345
8351324
6294197
4931895
1313626
8402712
7860188
9880874
3187136
5609132
1312301
1933813
8346724
6843596
2118515
8457386
7871130
5878948
2984836
8950861
9727302
7840938
6209598
4413246
8853691
5481770
6776018
3423694
5321092
9555799
7446421
6116669
3225095
2276535
2050915
7663666
2006183
7515248
2604908
2850915
6114473
8186794
4161035
6390175
3943682
6564572
9630181
9158026
1178519
1040467
5551864
1725488
2241332
8068975
2602445
5821429
5602921
1053247
1807407
1074667
4262531
9366448
2097580
5159332
9014127
5336712
4179451
1551355
3244973
8401193
9884151
3662829
3435570
3720524
4060700
8817501
3418558
8056227
5475120
2652872
2558392
5835124
8471987
8004429
1136231
8050385
2014186
7244640
6726259
7362660
7028752
2435056
3549772
4161115
5486087
3894246
2863809
3689951
8247767
7442225
3177435
2853051
8795900
1485688
1343195
7202922
3473797
4886510
6691865
9616625
3934530
3370276
3491960
4129134
3983365
9090738
1674623
6321369
9485205
8649087
2497465
8183185
1960607
5250827
9990895
4827713
3988158
6633979
1645724
5905356
5400149
4401660
4342610
8149182
5089011
6319298
8958563
1264668
5209391
5021346
7762947
8490222
1941484
1041094
6080645
3424795
8527878
6039129
3359731
5209285
5176598
7069179
8882210
5468542
9089779
3550766
8241509
3044778
3796954
4290369
9464137
8423646
3446143
7707629
2050905
2130177
9870284
3763205
6560875
7178522
4971570
3789738
1174979
4487937
7018926
7225615
4127855
7634177
1815966
4124897
8777612
7297421
8134101
8136827
6243455
1345691
2410867
1816081
7269125
4980078
5525505
6375226
8352831
4626551
5463316
1089755
8391025
3893325
3827391
6250457
8125243
4624251
8504446
3046069
6016738
3440619
9805977
7385934
5894679
2310970
1832094
9529691
7822153
7195531
3224786
4313216
8402303
8046511
8648729
2671258
9283553
3595540
8375252
4696630
7500735
5004109
3805492
8258014
7299274
4324538
6303876
8275068
3556298
3922705
6054388
6793772
7456832
7203508
3829163
9978116
1270189
5412332
9993980
6957046
8704075
4302989
7733973
7432729
4112075
3979819
8037012
2796515
2339430
1641022
7898276
8198627
6798528
5220209
3255054
7839502
5255555
1801192
4995227
9167560
4687352
6032042
8071786
2550237
4670468
3890308
8970653
3595192
7607904
9540807
2986370
6025386
7405929
3507637
2533318
4854022
3516074
9656583
7776388
9014580
3341766
5358538
4839831
5352771
2060339
1810979
8638644
7976436
7283836
4259591
3950805
5157724
4508935
6322967
5275593
6980138
8450918
2404882
1996720
3429698
4184561
5934181
9004798
5100720
6758636
6488009
6384118
3307719
3992821
8069779
1106785
3134139
7896097
8546569
5453279
9536349
2263512
3718162
2513157
1724384
9951918
7889198
9640376
3470553
7244020
2336727
2120250
7268570
5595055
1904328
7492115
3735210
6210111
8010316
2974826
4231943
7834643
8486266
6399611
7118717
3074283
8011927
4698155
1180162
3766863
6261755
6188690
2651154
1310838
9064743
7640049
5892800
2675969
6909174
1585349
4466774
6511801
9723652
1800452
2045214
6218815
4576828
5464925
3602969
9822723
7288158
4024732
3913303
8091535
4461799
4809142
8912111
1691877
2520626
5496242
4623809
4949799
4584663
8844706
6971177
6107862
3072323
1355265
6967494
9110221
2558143
9962309
2872155
2084222
9537076
9011222
6392637
6280501
8163335
4507416
5950022
1082245
7000425
6859662
7163168
9455960
6166162
7198000
7449269
7771003
6437021
6948814
5151054
6526241
7849327
9574678
7600986
1877271
1910508
1123771
7422393
1529504
2868817
6298942
2409432
4972139
5012720
6415074
4068527
4210714
7129657
4098723
3066617
2983276
9714382
9846943
6909027
9239165
1375833
2807807
1783064
3866508
4083801
4471128
4438763
9121590
3185401
2418830
4706045
9843274
6618986
5519096
1176545
8748949
8359444
5241882
5236310
3576855
8250776
2718543
5122157
2827189
2498602
8071926
5534507
6676096
1174372
6625230
8294255
6995463
1889221
7459901
6805335
8224457
5648499
6752998
9065919
1205382
6513006
9998794
7055627
3926758
9109759
5015024
6598119
1823818
9343359
9560864
1274532
6990962
5997284
3055957
9514222
5954727
2318369
1377208
1540947
5315202
9533053
9341205
7447045
5891533
2533430
6866489
4537658
6788361
1198894
3447265
5603859
6724912
3239422
7828841
8786971
3902596
2005369
3892828
1039634
7962439
8156900
7909799
5810043
2702661
7939596
7603131
2651466
6494423
9125319
6089931
2633929
9138306
3813087
5105035
2943011
2566352
3154956
8325419
8532650
1663485
3204377
3181258
5602805
9004381
2333393
9075653
9561822
1546572
3036138
4629106
6300267
4380206
1158025
6531009
5733058
6202208
1870071
5505211
9694057
9896278
6015276
5398326
6896949
1618103
4984755
1533216
6039587
2814263
5623526
9787178
6477590
2113236
6081347
2385863
8062104
7382052
9482822
7188550
6181658
5028757
8336000
9978948
2165008
1070412
4733927
6783917
4226993
4368770
9989455
6409292
2714516
4920588
6340224
2848802
1543936
6155202
9348345
5513428
4510629
7897675
7838262
4556200
5589566
8402543
6583285
9691226
7664681
2274022
2933774
8805490
3973930
4442599
7683131
1892232
2097739
9104115
3289190
7915659
9843072
1474732
7903194
3699335
3304714
2102480
1476611
9871405
9854161
5077963
1155457
7366983
3045807
2928364
5950978
8056020
8219634
2882782
3405215
7468513
3840586
6640450
9728777
4921842
2937123
7349835
5027557
3130096
9777228
7402971
5258093
3758475
2965952
9790925
9630888
8728482
5967643
2058451
3592509
9252592
2942793
5639193
7523003
1451377
5084683
8563169
7671419
2064582
1784355
7672008
2115241
6355686
4469290
1215633
8626519
6341150
6067927
2701113
1194845
8884467
6868593
5356540
7097846
8569245
8042560
3213166
5289611
1655206
8192416
2715292
6110221
5894923
9519039
2490148
1518974
7329435
5978937
6769995
8968489
5243006
9299256
6750262
2689474
9192192
2879081
7120163
8483848
1067062
4257532
9146297
2647874
7851528
2947540
9742605
6748815
7419025
2122560
5102486
4712818
2305467
4914032
1546396
6479444
1590903
9360611
9279069
9539139
4366235
3831367
6060345
5299555
8610516
5613370
2322567
3743108
5860271
5616600
5180463
7339612
3682635
7699405
8259233
8793533
5998257
3878965
1575158
1253065
8268279
4620353
4979366
6835204
7540554
5286843
6567522
3172570
3946674
6841189
3275644
8930042
3596882
6197127
6258860
9447379
6068512
2638999
1989860
2301645
5438955
2206910
4600093
5330746
8354099
5954439
3314452
7146094
3261653
2667810
9720416
7370124
2428575
5713841
2826734
5003778
1731473
9676554
9874727
3684687
1764021
4940422
7217008
5138611
7859505
2841488
5500707
5452415
3337035
5885882
6814060
8795902
4278532
7857891
1367143
9848419
8444560
7645108
4973232
8393069
9080204
5309909
6817499
6117375
6100426
3249435
5484733
3198164
8675025
4435756
2339667
1534506
4892137
1462765
4232282
4093246
3193718
2214611
8698887
4611584
4329531
4467792
3023072
1529239
7468313
6762080
2008067
2541495
3591528
3230779
5365765
1094281
2864190
9778213
1586358
4605436
4835214
2603972
4561260
9581458
9982267
5060393
3913061
1268741
3064853
7746106
6679801
5522194
2144003
2514239
6076767
2242430
8773857
9559475
4998480
2984024
8833869
9792364
2362153
2081230
4627157
9530629
6010996
5217171
1292451
7195563
8290242
1665617
1305732
6751102
5521354
8184603
4458581
4566530
6326534
8453494
2674408
9566374
2775582
3866784
7760254
7389772
9473548
8226960
5516974
8706946
9356083
7510008
8932557
4805215
9350754
9933808
4969006
4667569
8427317
9906884
5781315
9967149
1739534
5155087
9303413
6270208
4060808
4448857
3186305
1418118
4152701
9448566
3929148
2690696
2504625
9435584
6823465
8936194
4434262
5931344
6062784
5747189
2337897
2636720
5830530
9638298
6132357
5815876
8384274
7361479
2226799
8410714
9714367
3415750
1819683
6954014
8508095
1800875
7033397
5451250
8443102
3528461
7208082
9335149
4158896
6255704
4474377
7718242
8087883
8235378
4888004
9750444
2964065
3123925
9413387
2531464
2326196
8045555
5252979
1240243
6296339
3932743
3781035
7151197
6747517
8610795
5427432
3502726
3416260
6580958
7225042
7451663
6551892
8023216
7693263
3521899
1344812
1533535
8453270
8307254
6343780
3045547
2768239
1865285
8965999
1874609
2448769
2465856
7724451
5530357
9262236
6977645
2945912
7762482
9325529
2962951
2504398
6769606
8075198
7727942
7180794
7683049
9348183
4574984
2029850
2015925
3049658
8670399
5823232
6787828
9208417
1738587
5816915
8110814
7861494
2486355
1857180
8871737
7233938
9192128
2296520
7277189
2025879
5816746
8764185
7606319
8554768
8547902
4882434
1396782
5282157
1581384
1071227
6780244
5274939
2358412
3438714
1529255
9562283
3470162
4516596
6954423
5133146
4420363
9537146
7392873
3958898
1307302
6625839
3050005
2257471
1567215
5587881
5684125
7719189
6343138
6464454
7510383
5860456
4019756
2744074
1906651
4650852
1808394
7945494
4608376
6875646
8977229
7537939
9109219
8529219
2866628
4997824
4497201
1314536
4167172
7738512
3528310
5930410
1354934
4299080
6949614
2704232
3549207
1108040
3138124
2062045
6397108
7950887
9891001
5794210
6128295
3690324
6931590
1321660
9408013
9315403
7735244
3110858
5249025
9358309
3442955
4862914
4592397
5197172
9249241
8536580
4437455
7155917
4145829
6194055
9370522
4570718
1469499
4150460
2348430
2875987
6701266
8318160
3609874
7941596
5460541
9069934
1804616
2361146
9856326
4752556
9174208
5044474
2096920
5940340
2933633
7134096
5737718
3945111
5409533
4161536
3105895
2206486
4324428
8261217
7849252
2246993
3427731
8475907
7277333
9635915
7739293
3641812
5189984
8601381
2333042
3277565
1833571
3093443
7846822
2060827
7209779
5175813
1384645
2116795
2691445
2717311
7125269
8367133
9649116
7314155
5101492
7827524
2562251
4734213
1870154
3263829
7160525
2126911
9316689
2944974
1707059
4822806
4442748
5661554
9332829
5798317
6784453
1222723
2388164
8738770
1229635
7899910
7269150
9670838
6879378
8099398
6354898
9489969
5633156
5835202
9515182
5744757
3709961
3178080
1716366
6918865
8450475
5874191
7583408
6882634
3623452
6488887
8623357
7145789
3281058
2159044
5607474
8340944
7362107
8089564
2635431
3268162
1267013
5959197
3765598
1092568
8524697
7218955
7746791
6232426
1369600
7978720
8655995
3324694
4063253
4158557
9190567
7255835
6152005
7077000
6070619
5177281
6723235
1276791
2258339
4890503
1256801
8399444
9177477
7972605
2563395
1845297
3918148
8875084
7519301
4823047
6177795
9611611
9669280
9584546
9670909
7081315
9885911
1811519
7604523
8454037
9253144
8760249
9281919
8401427
5399977
9288976
5092392
9220341
9016184
4290932
3140462
2042269
7543095
3310865
3183984
9518173
2835711
7578771
3646131
5678447
7345083
2275076
6360374
6705566
3996735
8358123
9915539
8638948
1677250
7550760
8114623
8846995
8157570
1631558
8812989
7940392
7793399
7195632
7730687
6995597
8622137
4941967
9932077
3048622
1422605
1395211
7220795
7578655
2954837
3193472
9058701
9262380
1817023
2907924
2226550
4167169
1135368
1354582
9716169
3893852
9345857
7147625
5619502
4524376
9681162
5003290
3440545
2152003
4109822
2223734
8119974
2798738
4526631
3218496
1827345
3982851
1581075
5591946
1094756
2295124
8720950
2785530
5764610
8603995
6110560
6512487
7832355
8797989
7048409
3278156
8295095
4071003
2434444
6059324
3532488
4287515
4984714
9765895
6188627
7012675
7227112
2067844
9308919
2773443
3126826
4235224
6688392
2146156
6349024
6873254
8061909
5431715
4422994
2498711
6433416
8373083
3115752
9617453
7218549
9242426
6718020
4418019
6548278
4251363
6822339
7477551
5488030
7249116
2017480
9388995
9145012
1889577
9203443
3623777
1561769
4071833
7455346
2223493
1604316
4237720
9996822
7649647
5130645
5216701
6370768
3901961
9339881
4172885
4285893
6023534
9639637
4464943
2617287
5948757
7132718
4515570
2870181
8329332
3797927
8368484
3990109
6464856
2999747
7615092
4733536
6292604
7125661
1390020
1729278
2766593
5102021
6415175
7899611
2135357
4453173
2731650
8205770
4145863
5050036
2527160
7789360
6496466
6800850
9197909
8008227
6398056
6607917
4101784
3507619
4583410
2291099
7077987
7134713
9242845
1501312
9646285
3154423
1744495
8160545
6272251
8493567
1873914
4239073
4464138
4843312
8748177
2701124
6136497
8288190
6270409
8038650
3895581
4667608
7311241
1620933
8490684
1949783
3648782
4060349
3643310
9603381
7640089
2947122
5191825
6473796
3784810
9771228
9438204
1208448
2854801
3347567
1806375
7545158
1599026
6670850
1936905
7018693
1639153
8227482
9598706
2001149
3900695
4069689
1196035
3367871
2473412
2236588
8471531
4983597
7000205
1180221
1235435
1904275
7172928
2725389
8304796
3055557
8813167
3995750
2838576
9048498
1995434
4278919
9856535
1711616
8888135
4117160
9470755
2258834
3000126
6366583
4367646
5058695
9316761
1210163
5206627
2210923
9496249
6000106
1507778
5214699
8576703
3023245
5901432
6864349
8817281
8336179
9782535
7648893
4630044
9418870
6391650
6699006
3817866
9296216
1133708
4069976
8340859
7433617
2171185
5034822
4224425
3903652
2233981
5353267
4149287
1195816
7933444
5690622
5627354
8943588
9352354
6235586
2616363
7707870
8595253
2741034
3257987
6636893
2842272
3884628
6197673
8195548
2033585
1591717
7167288
5426890
4358773
4261429
5372917
5772271
8375371
3993595
6206704
4302496
7533974
9648307
1616593
8289127
9312023
8713366
4082581
4849100
5532483
6428682
1246609
5187047
1195833
2502235
6371214
7235050
5244536
1347978
