10000
4000002
4000001
4000004
4000003
4000006
4000005
4000008
4000007
4000010
4000009
4000012
4000011
4000014
4000013
4000016
4000015
4000018
4000017
4000020
4000019
4000022
4000021
4000024
4000023
4000026
4000025
4000028
4000027
4000030
4000029
4000032
4000031
4000034
4000033
4000036
4000035
4000038
4000037
4000040
4000039
4000042
4000041
4000044
4000043
4000046
4000045
4000048
4000047
4000050
4000049
4000052
4000051
4000054
4000053
4000056
4000055
4000058
4000057
4000060
4000059
4000062
4000061
4000064
4000063
4000066
4000065
4000068
4000067
4000070
4000069
4000072
4000071
4000074
4000073
4000076
4000075
4000078
4000077
4000080
4000079
4000082
4000081
4000084
4000083
4000086
4000085
4000088
4000087
4000090
4000089
4000092
4000091
4000094
4000093
4000096
4000095
4000098
4000097
4000100
4000099
4000102
4000101
4000104
4000103
4000106
4000105
4000108
4000107
4000110
4000109
4000112
4000111
4000114
4000113
4000116
4000115
4000118
4000117
4000120
4000119
4000122
4000121
4000124
4000123
4000126
4000125
4000128
4000127
4000130
4000129
4000132
4000131
4000134
4000133
4000136
4000135
4000138
4000137
4000140
4000139
4000142
4000141
4000144
4000143
4000146
4000145
4000148
4000147
4000150
4000149
4000152
4000151
4000154
4000153
4000156
4000155
4000158
4000157
4000160
4000159
4000162
4000161
4000164
4000163
4000166
4000165
4000168
4000167
4000170
4000169
4000172
4000171
4000174
4000173
4000176
4000175
4000178
4000177
4000180
4000179
4000182
4000181
4000184
4000183
4000186
4000185
4000188
4000187
4000190
4000189
4000192
4000191
4000194
4000193
4000196
4000195
4000198
4000197
4000200
4000199
4000202
4000201
4000204
4000203
4000206
4000205
4000208
4000207
4000210
4000209
4000212
4000211
4000214
4000213
4000216
4000215
4000218
4000217
4000220
4000219
4000222
4000221
4000224
4000223
4000226
4000225
4000228
4000227
4000230
4000229
4000232
4000231
4000234
4000233
4000236
4000235
4000238
4000237
4000240
4000239
4000242
4000241
4000244
4000243
4000246
4000245
4000248
4000247
4000250
4000249
4000252
4000251
4000254
4000253
4000256
4000255
4000258
4000257
4000260
4000259
4000262
4000261
4000264
4000263
4000266
4000265
4000268
4000267
4000270
4000269
4000272
4000271
4000274
4000273
4000276
4000275
4000278
4000277
4000280
4000279
4000282
4000281
4000284
4000283
4000286
4000285
4000288
4000287
4000290
4000289
4000292
4000291
4000294
4000293
4000296
4000295
4000298
4000297
4000300
4000299
4000302
4000301
4000304
4000303
4000306
4000305
4000308
4000307
4000310
4000309
4000312
4000311
4000314
4000313
4000316
4000315
4000318
4000317
4000320
4000319
4000322
4000321
4000324
4000323
4000326
4000325
4000328
4000327
4000330
4000329
4000332
4000331
4000334
4000333
4000336
4000335
4000338
4000337
4000340
4000339
4000342
4000341
4000344
4000343
4000346
4000345
4000348
4000347
4000350
4000349
4000352
4000351
4000354
4000353
4000356
4000355
4000358
4000357
4000360
4000359
4000362
4000361
4000364
4000363
4000366
4000365
4000368
4000367
4000370
4000369
4000372
4000371
4000374
4000373
4000376
4000375
4000378
4000377
4000380
4000379
4000382
4000381
4000384
4000383
4000386
4000385
4000388
4000387
4000390
4000389
4000392
4000391
4000394
4000393
4000396
4000395
4000398
4000397
4000400
4000399
4000402
4000401
4000404
4000403
4000406
4000405
4000408
4000407
4000410
4000409
4000412
4000411
4000414
4000413
4000416
4000415
4000418
4000417
4000420
4000419
4000422
4000421
4000424
4000423
4000426
4000425
4000428
4000427
4000430
4000429
4000432
4000431
4000434
4000433
4000436
4000435
4000438
4000437
4000440
4000439
4000442
4000441
4000444
4000443
4000446
4000445
4000448
4000447
4000450
4000449
4000452
4000451
4000454
4000453
4000456
4000455
4000458
4000457
4000460
4000459
4000462
4000461
4000464
4000463
4000466
4000465
4000468
4000467
4000470
4000469
4000472
4000471
4000474
4000473
4000476
4000475
4000478
4000477
4000480
4000479
4000482
4000481
4000484
4000483
4000486
4000485
4000488
4000487
4000490
4000489
4000492
4000491
4000494
4000493
4000496
4000495
4000498
4000497
4000500
4000499
4000502
4000501
4000504
4000503
4000506
4000505
4000508
4000507
4000510
4000509
4000512
4000511
4000514
4000513
4000516
4000515
4000518
4000517
4000520
4000519
4000522
4000521
4000524
4000523
4000526
4000525
4000528
4000527
4000530
4000529
4000532
4000531
4000534
4000533
4000536
4000535
4000538
4000537
4000540
4000539
4000542
4000541
4000544
4000543
4000546
4000545
4000548
4000547
4000550
4000549
4000552
4000551
4000554
4000553
4000556
4000555
4000558
4000557
4000560
4000559
4000562
4000561
4000564
4000563
4000566
4000565
4000568
4000567
4000570
4000569
4000572
4000571
4000574
4000573
4000576
4000575
4000578
4000577
4000580
4000579
4000582
4000581
4000584
4000583
4000586
4000585
4000588
4000587
4000590
4000589
4000592
4000591
4000594
4000593
4000596
4000595
4000598
4000597
4000600
4000599
4000602
4000601
4000604
4000603
4000606
4000605
4000608
4000607
4000610
4000609
4000612
4000611
4000614
4000613
4000616
4000615
4000618
4000617
4000620
4000619
4000622
4000621
4000624
4000623
4000626
4000625
4000628
4000627
4000630
4000629
4000632
4000631
4000634
4000633
4000636
4000635
4000638
4000637
4000640
4000639
4000642
4000641
4000644
4000643
4000646
4000645
4000648
4000647
4000650
4000649
4000652
4000651
4000654
4000653
4000656
4000655
4000658
4000657
4000660
4000659
4000662
4000661
4000664
4000663
4000666
4000665
4000668
4000667
4000670
4000669
4000672
4000671
4000674
4000673
4000676
4000675
4000678
4000677
4000680
4000679
4000682
4000681
4000684
4000683
4000686
4000685
4000688
4000687
4000690
4000689
4000692
4000691
4000694
4000693
4000696
4000695
4000698
4000697
4000700
4000699
4000702
4000701
4000704
4000703
4000706
4000705
4000708
4000707
4000710
4000709
4000712
4000711
4000714
4000713
4000716
4000715
4000718
4000717
4000720
4000719
4000722
4000721
4000724
4000723
4000726
4000725
4000728
4000727
4000730
4000729
4000732
4000731
4000734
4000733
4000736
4000735
4000738
4000737
4000740
4000739
4000742
4000741
4000744
4000743
4000746
4000745
4000748
4000747
4000750
4000749
4000752
4000751
4000754
4000753
4000756
4000755
4000758
4000757
4000760
4000759
4000762
4000761
4000764
4000763
4000766
4000765
4000768
4000767
4000770
4000769
4000772
4000771
4000774
4000773
4000776
4000775
4000778
4000777
4000780
4000779
4000782
4000781
4000784
4000783
4000786
4000785
4000788
4000787
4000790
4000789
4000792
4000791
4000794
4000793
4000796
4000795
4000798
4000797
4000800
4000799
4000802
4000801
4000804
4000803
4000806
4000805
4000808
4000807
4000810
4000809
4000812
4000811
4000814
4000813
4000816
4000815
4000818
4000817
4000820
4000819
4000822
4000821
4000824
4000823
4000826
4000825
4000828
4000827
4000830
4000829
4000832
4000831
4000834
4000833
4000836
4000835
4000838
4000837
4000840
4000839
4000842
4000841
4000844
4000843
4000846
4000845
4000848
4000847
4000850
4000849
4000852
4000851
4000854
4000853
4000856
4000855
4000858
4000857
4000860
4000859
4000862
4000861
4000864
4000863
4000866
4000865
4000868
4000867
4000870
4000869
4000872
4000871
4000874
4000873
4000876
4000875
4000878
4000877
4000880
4000879
4000882
4000881
4000884
4000883
4000886
4000885
4000888
4000887
4000890
4000889
4000892
4000891
4000894
4000893
4000896
4000895
4000898
4000897
4000900
4000899
4000902
4000901
4000904
4000903
4000906
4000905
4000908
4000907
4000910
4000909
4000912
4000911
4000914
4000913
4000916
4000915
4000918
4000917
4000920
4000919
4000922
4000921
4000924
4000923
4000926
4000925
4000928
4000927
4000930
4000929
4000932
4000931
4000934
4000933
4000936
4000935
4000938
4000937
4000940
4000939
4000942
4000941
4000944
4000943
4000946
4000945
4000948
4000947
4000950
4000949
4000952
4000951
4000954
4000953
4000956
4000955
4000958
4000957
4000960
4000959
4000962
4000961
4000964
4000963
4000966
4000965
4000968
4000967
4000970
4000969
4000972
4000971
4000974
4000973
4000976
4000975
4000978
4000977
4000980
4000979
4000982
4000981
4000984
4000983
4000986
4000985
4000988
4000987
4000990
4000989
4000992
4000991
4000994
4000993
4000996
4000995
4000998
4000997
4001000
4000999
4001002
4001001
4001004
4001003
4001006
4001005
4001008
4001007
4001010
4001009
4001012
4001011
4001014
4001013
4001016
4001015
4001018
4001017
4001020
4001019
4001022
4001021
4001024
4001023
4001026
4001025
4001028
4001027
4001030
4001029
4001032
4001031
4001034
4001033
4001036
4001035
4001038
4001037
4001040
4001039
4001042
4001041
4001044
4001043
4001046
4001045
4001048
4001047
4001050
4001049
4001052
4001051
4001054
4001053
4001056
4001055
4001058
4001057
4001060
4001059
4001062
4001061
4001064
4001063
4001066
4001065
4001068
4001067
4001070
4001069
4001072
4001071
4001074
4001073
4001076
4001075
4001078
4001077
4001080
4001079
4001082
4001081
4001084
4001083
4001086
4001085
4001088
4001087
4001090
4001089
4001092
4001091
4001094
4001093
4001096
4001095
4001098
4001097
4001100
4001099
4001102
4001101
4001104
4001103
4001106
4001105
4001108
4001107
4001110
4001109
4001112
4001111
4001114
4001113
4001116
4001115
4001118
4001117
4001120
4001119
4001122
4001121
4001124
4001123
4001126
4001125
4001128
4001127
4001130
4001129
4001132
4001131
4001134
4001133
4001136
4001135
4001138
4001137
4001140
4001139
4001142
4001141
4001144
4001143
4001146
4001145
4001148
4001147
4001150
4001149
4001152
4001151
4001154
4001153
4001156
4001155
4001158
4001157
4001160
4001159
4001162
4001161
4001164
4001163
4001166
4001165
4001168
4001167
4001170
4001169
4001172
4001171
4001174
4001173
4001176
4001175
4001178
4001177
4001180
4001179
4001182
4001181
4001184
4001183
4001186
4001185
4001188
4001187
4001190
4001189
4001192
4001191
4001194
4001193
4001196
4001195
4001198
4001197
4001200
4001199
4001202
4001201
4001204
4001203
4001206
4001205
4001208
4001207
4001210
4001209
4001212
4001211
4001214
4001213
4001216
4001215
4001218
4001217
4001220
4001219
4001222
4001221
4001224
4001223
4001226
4001225
4001228
4001227
4001230
4001229
4001232
4001231
4001234
4001233
4001236
4001235
4001238
4001237
4001240
4001239
4001242
4001241
4001244
4001243
4001246
4001245
4001248
4001247
4001250
4001249
4001252
4001251
4001254
4001253
4001256
4001255
4001258
4001257
4001260
4001259
4001262
4001261
4001264
4001263
4001266
4001265
4001268
4001267
4001270
4001269
4001272
4001271
4001274
4001273
4001276
4001275
4001278
4001277
4001280
4001279
4001282
4001281
4001284
4001283
4001286
4001285
4001288
4001287
4001290
4001289
4001292
4001291
4001294
4001293
4001296
4001295
4001298
4001297
4001300
4001299
4001302
4001301
4001304
4001303
4001306
4001305
4001308
4001307
4001310
4001309
4001312
4001311
4001314
4001313
4001316
4001315
4001318
4001317
4001320
4001319
4001322
4001321
4001324
4001323
4001326
4001325
4001328
4001327
4001330
4001329
4001332
4001331
4001334
4001333
4001336
4001335
4001338
4001337
4001340
4001339
4001342
4001341
4001344
4001343
4001346
4001345
4001348
4001347
4001350
4001349
4001352
4001351
4001354
4001353
4001356
4001355
4001358
4001357
4001360
4001359
4001362
4001361
4001364
4001363
4001366
4001365
4001368
4001367
4001370
4001369
4001372
4001371
4001374
4001373
4001376
4001375
4001378
4001377
4001380
4001379
4001382
4001381
4001384
4001383
4001386
4001385
4001388
4001387
4001390
4001389
4001392
4001391
4001394
4001393
4001396
4001395
4001398
4001397
4001400
4001399
4001402
4001401
4001404
4001403
4001406
4001405
4001408
4001407
4001410
4001409
4001412
4001411
4001414
4001413
4001416
4001415
4001418
4001417
4001420
4001419
4001422
4001421
4001424
4001423
4001426
4001425
4001428
4001427
4001430
4001429
4001432
4001431
4001434
4001433
4001436
4001435
4001438
4001437
4001440
4001439
4001442
4001441
4001444
4001443
4001446
4001445
4001448
4001447
4001450
4001449
4001452
4001451
4001454
4001453
4001456
4001455
4001458
4001457
4001460
4001459
4001462
4001461
4001464
4001463
4001466
4001465
4001468
4001467
4001470
4001469
4001472
4001471
4001474
4001473
4001476
4001475
4001478
4001477
4001480
4001479
4001482
4001481
4001484
4001483
4001486
4001485
4001488
4001487
4001490
4001489
4001492
4001491
4001494
4001493
4001496
4001495
4001498
4001497
4001500
4001499
4001502
4001501
4001504
4001503
4001506
4001505
4001508
4001507
4001510
4001509
4001512
4001511
4001514
4001513
4001516
4001515
4001518
4001517
4001520
4001519
4001522
4001521
4001524
4001523
4001526
4001525
4001528
4001527
4001530
4001529
4001532
4001531
4001534
4001533
4001536
4001535
4001538
4001537
4001540
4001539
4001542
4001541
4001544
4001543
4001546
4001545
4001548
4001547
4001550
4001549
4001552
4001551
4001554
4001553
4001556
4001555
4001558
4001557
4001560
4001559
4001562
4001561
4001564
4001563
4001566
4001565
4001568
4001567
4001570
4001569
4001572
4001571
4001574
4001573
4001576
4001575
4001578
4001577
4001580
4001579
4001582
4001581
4001584
4001583
4001586
4001585
4001588
4001587
4001590
4001589
4001592
4001591
4001594
4001593
4001596
4001595
4001598
4001597
4001600
4001599
4001602
4001601
4001604
4001603
4001606
4001605
4001608
4001607
4001610
4001609
4001612
4001611
4001614
4001613
4001616
4001615
4001618
4001617
4001620
4001619
4001622
4001621
4001624
4001623
4001626
4001625
4001628
4001627
4001630
4001629
4001632
4001631
4001634
4001633
4001636
4001635
4001638
4001637
4001640
4001639
4001642
4001641
4001644
4001643
4001646
4001645
4001648
4001647
4001650
4001649
4001652
4001651
4001654
4001653
4001656
4001655
4001658
4001657
4001660
4001659
4001662
4001661
4001664
4001663
4001666
4001665
4001668
4001667
4001670
4001669
4001672
4001671
4001674
4001673
4001676
4001675
4001678
4001677
4001680
4001679
4001682
4001681
4001684
4001683
4001686
4001685
4001688
4001687
4001690
4001689
4001692
4001691
4001694
4001693
4001696
4001695
4001698
4001697
4001700
4001699
4001702
4001701
4001704
4001703
4001706
4001705
4001708
4001707
4001710
4001709
4001712
4001711
4001714
4001713
4001716
4001715
4001718
4001717
4001720
4001719
4001722
4001721
4001724
4001723
4001726
4001725
4001728
4001727
4001730
4001729
4001732
4001731
4001734
4001733
4001736
4001735
4001738
4001737
4001740
4001739
4001742
4001741
4001744
4001743
4001746
4001745
4001748
4001747
4001750
4001749
4001752
4001751
4001754
4001753
4001756
4001755
4001758
4001757
4001760
4001759
4001762
4001761
4001764
4001763
4001766
4001765
4001768
4001767
4001770
4001769
4001772
4001771
4001774
4001773
4001776
4001775
4001778
4001777
4001780
4001779
4001782
4001781
4001784
4001783
4001786
4001785
4001788
4001787
4001790
4001789
4001792
4001791
4001794
4001793
4001796
4001795
4001798
4001797
4001800
4001799
4001802
4001801
4001804
4001803
4001806
4001805
4001808
4001807
4001810
4001809
4001812
4001811
4001814
4001813
4001816
4001815
4001818
4001817
4001820
4001819
4001822
4001821
4001824
4001823
4001826
4001825
4001828
4001827
4001830
4001829
4001832
4001831
4001834
4001833
4001836
4001835
4001838
4001837
4001840
4001839
4001842
4001841
4001844
4001843
4001846
4001845
4001848
4001847
4001850
4001849
4001852
4001851
4001854
4001853
4001856
4001855
4001858
4001857
4001860
4001859
4001862
4001861
4001864
4001863
4001866
4001865
4001868
4001867
4001870
4001869
4001872
4001871
4001874
4001873
4001876
4001875
4001878
4001877
4001880
4001879
4001882
4001881
4001884
4001883
4001886
4001885
4001888
4001887
4001890
4001889
4001892
4001891
4001894
4001893
4001896
4001895
4001898
4001897
4001900
4001899
4001902
4001901
4001904
4001903
4001906
4001905
4001908
4001907
4001910
4001909
4001912
4001911
4001914
4001913
4001916
4001915
4001918
4001917
4001920
4001919
4001922
4001921
4001924
4001923
4001926
4001925
4001928
4001927
4001930
4001929
4001932
4001931
4001934
4001933
4001936
4001935
4001938
4001937
4001940
4001939
4001942
4001941
4001944
4001943
4001946
4001945
4001948
4001947
4001950
4001949
4001952
4001951
4001954
4001953
4001956
4001955
4001958
4001957
4001960
4001959
4001962
4001961
4001964
4001963
4001966
4001965
4001968
4001967
4001970
4001969
4001972
4001971
4001974
4001973
4001976
4001975
4001978
4001977
4001980
4001979
4001982
4001981
4001984
4001983
4001986
4001985
4001988
4001987
4001990
4001989
4001992
4001991
4001994
4001993
4001996
4001995
4001998
4001997
4002000
4001999
4002002
4002001
4002004
4002003
4002006
4002005
4002008
4002007
4002010
4002009
4002012
4002011
4002014
4002013
4002016
4002015
4002018
4002017
4002020
4002019
4002022
4002021
4002024
4002023
4002026
4002025
4002028
4002027
4002030
4002029
4002032
4002031
4002034
4002033
4002036
4002035
4002038
4002037
4002040
4002039
4002042
4002041
4002044
4002043
4002046
4002045
4002048
4002047
4002050
4002049
4002052
4002051
4002054
4002053
4002056
4002055
4002058
4002057
4002060
4002059
4002062
4002061
4002064
4002063
4002066
4002065
4002068
4002067
4002070
4002069
4002072
4002071
4002074
4002073
4002076
4002075
4002078
4002077
4002080
4002079
4002082
4002081
4002084
4002083
4002086
4002085
4002088
4002087
4002090
4002089
4002092
4002091
4002094
4002093
4002096
4002095
4002098
4002097
4002100
4002099
4002102
4002101
4002104
4002103
4002106
4002105
4002108
4002107
4002110
4002109
4002112
4002111
4002114
4002113
4002116
4002115
4002118
4002117
4002120
4002119
4002122
4002121
4002124
4002123
4002126
4002125
4002128
4002127
4002130
4002129
4002132
4002131
4002134
4002133
4002136
4002135
4002138
4002137
4002140
4002139
4002142
4002141
4002144
4002143
4002146
4002145
4002148
4002147
4002150
4002149
4002152
4002151
4002154
4002153
4002156
4002155
4002158
4002157
4002160
4002159
4002162
4002161
4002164
4002163
4002166
4002165
4002168
4002167
4002170
4002169
4002172
4002171
4002174
4002173
4002176
4002175
4002178
4002177
4002180
4002179
4002182
4002181
4002184
4002183
4002186
4002185
4002188
4002187
4002190
4002189
4002192
4002191
4002194
4002193
4002196
4002195
4002198
4002197
4002200
4002199
4002202
4002201
4002204
4002203
4002206
4002205
4002208
4002207
4002210
4002209
4002212
4002211
4002214
4002213
4002216
4002215
4002218
4002217
4002220
4002219
4002222
4002221
4002224
4002223
4002226
4002225
4002228
4002227
4002230
4002229
4002232
4002231
4002234
4002233
4002236
4002235
4002238
4002237
4002240
4002239
4002242
4002241
4002244
4002243
4002246
4002245
4002248
4002247
4002250
4002249
4002252
4002251
4002254
4002253
4002256
4002255
4002258
4002257
4002260
4002259
4002262
4002261
4002264
4002263
4002266
4002265
4002268
4002267
4002270
4002269
4002272
4002271
4002274
4002273
4002276
4002275
4002278
4002277
4002280
4002279
4002282
4002281
4002284
4002283
4002286
4002285
4002288
4002287
4002290
4002289
4002292
4002291
4002294
4002293
4002296
4002295
4002298
4002297
4002300
4002299
4002302
4002301
4002304
4002303
4002306
4002305
4002308
4002307
4002310
4002309
4002312
4002311
4002314
4002313
4002316
4002315
4002318
4002317
4002320
4002319
4002322
4002321
4002324
4002323
4002326
4002325
4002328
4002327
4002330
4002329
4002332
4002331
4002334
4002333
4002336
4002335
4002338
4002337
4002340
4002339
4002342
4002341
4002344
4002343
4002346
4002345
4002348
4002347
4002350
4002349
4002352
4002351
4002354
4002353
4002356
4002355
4002358
4002357
4002360
4002359
4002362
4002361
4002364
4002363
4002366
4002365
4002368
4002367
4002370
4002369
4002372
4002371
4002374
4002373
4002376
4002375
4002378
4002377
4002380
4002379
4002382
4002381
4002384
4002383
4002386
4002385
4002388
4002387
4002390
4002389
4002392
4002391
4002394
4002393
4002396
4002395
4002398
4002397
4002400
4002399
4002402
4002401
4002404
4002403
4002406
4002405
4002408
4002407
4002410
4002409
4002412
4002411
4002414
4002413
4002416
4002415
4002418
4002417
4002420
4002419
4002422
4002421
4002424
4002423
4002426
4002425
4002428
4002427
4002430
4002429
4002432
4002431
4002434
4002433
4002436
4002435
4002438
4002437
4002440
4002439
4002442
4002441
4002444
4002443
4002446
4002445
4002448
4002447
4002450
4002449
4002452
4002451
4002454
4002453
4002456
4002455
4002458
4002457
4002460
4002459
4002462
4002461
4002464
4002463
4002466
4002465
4002468
4002467
4002470
4002469
4002472
4002471
4002474
4002473
4002476
4002475
4002478
4002477
4002480
4002479
4002482
4002481
4002484
4002483
4002486
4002485
4002488
4002487
4002490
4002489
4002492
4002491
4002494
4002493
4002496
4002495
4002498
4002497
4002500
4002499
4002502
4002501
4002504
4002503
4002506
4002505
4002508
4002507
4002510
4002509
4002512
4002511
4002514
4002513
4002516
4002515
4002518
4002517
4002520
4002519
4002522
4002521
4002524
4002523
4002526
4002525
4002528
4002527
4002530
4002529
4002532
4002531
4002534
4002533
4002536
4002535
4002538
4002537
4002540
4002539
4002542
4002541
4002544
4002543
4002546
4002545
4002548
4002547
4002550
4002549
4002552
4002551
4002554
4002553
4002556
4002555
4002558
4002557
4002560
4002559
4002562
4002561
4002564
4002563
4002566
4002565
4002568
4002567
4002570
4002569
4002572
4002571
4002574
4002573
4002576
4002575
4002578
4002577
4002580
4002579
4002582
4002581
4002584
4002583
4002586
4002585
4002588
4002587
4002590
4002589
4002592
4002591
4002594
4002593
4002596
4002595
4002598
4002597
4002600
4002599
4002602
4002601
4002604
4002603
4002606
4002605
4002608
4002607
4002610
4002609
4002612
4002611
4002614
4002613
4002616
4002615
4002618
4002617
4002620
4002619
4002622
4002621
4002624
4002623
4002626
4002625
4002628
4002627
4002630
4002629
4002632
4002631
4002634
4002633
4002636
4002635
4002638
4002637
4002640
4002639
4002642
4002641
4002644
4002643
4002646
4002645
4002648
4002647
4002650
4002649
4002652
4002651
4002654
4002653
4002656
4002655
4002658
4002657
4002660
4002659
4002662
4002661
4002664
4002663
4002666
4002665
4002668
4002667
4002670
4002669
4002672
4002671
4002674
4002673
4002676
4002675
4002678
4002677
4002680
4002679
4002682
4002681
4002684
4002683
4002686
4002685
4002688
4002687
4002690
4002689
4002692
4002691
4002694
4002693
4002696
4002695
4002698
4002697
4002700
4002699
4002702
4002701
4002704
4002703
4002706
4002705
4002708
4002707
4002710
4002709
4002712
4002711
4002714
4002713
4002716
4002715
4002718
4002717
4002720
4002719
4002722
4002721
4002724
4002723
4002726
4002725
4002728
4002727
4002730
4002729
4002732
4002731
4002734
4002733
4002736
4002735
4002738
4002737
4002740
4002739
4002742
4002741
4002744
4002743
4002746
4002745
4002748
4002747
4002750
4002749
4002752
4002751
4002754
4002753
4002756
4002755
4002758
4002757
4002760
4002759
4002762
4002761
4002764
4002763
4002766
4002765
4002768
4002767
4002770
4002769
4002772
4002771
4002774
4002773
4002776
4002775
4002778
4002777
4002780
4002779
4002782
4002781
4002784
4002783
4002786
4002785
4002788
4002787
4002790
4002789
4002792
4002791
4002794
4002793
4002796
4002795
4002798
4002797
4002800
4002799
4002802
4002801
4002804
4002803
4002806
4002805
4002808
4002807
4002810
4002809
4002812
4002811
4002814
4002813
4002816
4002815
4002818
4002817
4002820
4002819
4002822
4002821
4002824
4002823
4002826
4002825
4002828
4002827
4002830
4002829
4002832
4002831
4002834
4002833
4002836
4002835
4002838
4002837
4002840
4002839
4002842
4002841
4002844
4002843
4002846
4002845
4002848
4002847
4002850
4002849
4002852
4002851
4002854
4002853
4002856
4002855
4002858
4002857
4002860
4002859
4002862
4002861
4002864
4002863
4002866
4002865
4002868
4002867
4002870
4002869
4002872
4002871
4002874
4002873
4002876
4002875
4002878
4002877
4002880
4002879
4002882
4002881
4002884
4002883
4002886
4002885
4002888
4002887
4002890
4002889
4002892
4002891
4002894
4002893
4002896
4002895
4002898
4002897
4002900
4002899
4002902
4002901
4002904
4002903
4002906
4002905
4002908
4002907
4002910
4002909
4002912
4002911
4002914
4002913
4002916
4002915
4002918
4002917
4002920
4002919
4002922
4002921
4002924
4002923
4002926
4002925
4002928
4002927
4002930
4002929
4002932
4002931
4002934
4002933
4002936
4002935
4002938
4002937
4002940
4002939
4002942
4002941
4002944
4002943
4002946
4002945
4002948
4002947
4002950
4002949
4002952
4002951
4002954
4002953
4002956
4002955
4002958
4002957
4002960
4002959
4002962
4002961
4002964
4002963
4002966
4002965
4002968
4002967
4002970
4002969
4002972
4002971
4002974
4002973
4002976
4002975
4002978
4002977
4002980
4002979
4002982
4002981
4002984
4002983
4002986
4002985
4002988
4002987
4002990
4002989
4002992
4002991
4002994
4002993
4002996
4002995
4002998
4002997
4003000
4002999
4003002
4003001
4003004
4003003
4003006
4003005
4003008
4003007
4003010
4003009
4003012
4003011
4003014
4003013
4003016
4003015
4003018
4003017
4003020
4003019
4003022
4003021
4003024
4003023
4003026
4003025
4003028
4003027
4003030
4003029
4003032
4003031
4003034
4003033
4003036
4003035
4003038
4003037
4003040
4003039
4003042
4003041
4003044
4003043
4003046
4003045
4003048
4003047
4003050
4003049
4003052
4003051
4003054
4003053
4003056
4003055
4003058
4003057
4003060
4003059
4003062
4003061
4003064
4003063
4003066
4003065
4003068
4003067
4003070
4003069
4003072
4003071
4003074
4003073
4003076
4003075
4003078
4003077
4003080
4003079
4003082
4003081
4003084
4003083
4003086
4003085
4003088
4003087
4003090
4003089
4003092
4003091
4003094
4003093
4003096
4003095
4003098
4003097
4003100
4003099
4003102
4003101
4003104
4003103
4003106
4003105
4003108
4003107
4003110
4003109
4003112
4003111
4003114
4003113
4003116
4003115
4003118
4003117
4003120
4003119
4003122
4003121
4003124
4003123
4003126
4003125
4003128
4003127
4003130
4003129
4003132
4003131
4003134
4003133
4003136
4003135
4003138
4003137
4003140
4003139
4003142
4003141
4003144
4003143
4003146
4003145
4003148
4003147
4003150
4003149
4003152
4003151
4003154
4003153
4003156
4003155
4003158
4003157
4003160
4003159
4003162
4003161
4003164
4003163
4003166
4003165
4003168
4003167
4003170
4003169
4003172
4003171
4003174
4003173
4003176
4003175
4003178
4003177
4003180
4003179
4003182
4003181
4003184
4003183
4003186
4003185
4003188
4003187
4003190
4003189
4003192
4003191
4003194
4003193
4003196
4003195
4003198
4003197
4003200
4003199
4003202
4003201
4003204
4003203
4003206
4003205
4003208
4003207
4003210
4003209
4003212
4003211
4003214
4003213
4003216
4003215
4003218
4003217
4003220
4003219
4003222
4003221
4003224
4003223
4003226
4003225
4003228
4003227
4003230
4003229
4003232
4003231
4003234
4003233
4003236
4003235
4003238
4003237
4003240
4003239
4003242
4003241
4003244
4003243
4003246
4003245
4003248
4003247
4003250
4003249
4003252
4003251
4003254
4003253
4003256
4003255
4003258
4003257
4003260
4003259
4003262
4003261
4003264
4003263
4003266
4003265
4003268
4003267
4003270
4003269
4003272
4003271
4003274
4003273
4003276
4003275
4003278
4003277
4003280
4003279
4003282
4003281
4003284
4003283
4003286
4003285
4003288
4003287
4003290
4003289
4003292
4003291
4003294
4003293
4003296
4003295
4003298
4003297
4003300
4003299
4003302
4003301
4003304
4003303
4003306
4003305
4003308
4003307
4003310
4003309
4003312
4003311
4003314
4003313
4003316
4003315
4003318
4003317
4003320
4003319
4003322
4003321
4003324
4003323
4003326
4003325
4003328
4003327
4003330
4003329
4003332
4003331
4003334
4003333
4003336
4003335
4003338
4003337
4003340
4003339
4003342
4003341
4003344
4003343
4003346
4003345
4003348
4003347
4003350
4003349
4003352
4003351
4003354
4003353
4003356
4003355
4003358
4003357
4003360
4003359
4003362
4003361
4003364
4003363
4003366
4003365
4003368
4003367
4003370
4003369
4003372
4003371
4003374
4003373
4003376
4003375
4003378
4003377
4003380
4003379
4003382
4003381
4003384
4003383
4003386
4003385
4003388
4003387
4003390
4003389
4003392
4003391
4003394
4003393
4003396
4003395
4003398
4003397
4003400
4003399
4003402
4003401
4003404
4003403
4003406
4003405
4003408
4003407
4003410
4003409
4003412
4003411
4003414
4003413
4003416
4003415
4003418
4003417
4003420
4003419
4003422
4003421
4003424
4003423
4003426
4003425
4003428
4003427
4003430
4003429
4003432
4003431
4003434
4003433
4003436
4003435
4003438
4003437
4003440
4003439
4003442
4003441
4003444
4003443
4003446
4003445
4003448
4003447
4003450
4003449
4003452
4003451
4003454
4003453
4003456
4003455
4003458
4003457
4003460
4003459
4003462
4003461
4003464
4003463
4003466
4003465
4003468
4003467
4003470
4003469
4003472
4003471
4003474
4003473
4003476
4003475
4003478
4003477
4003480
4003479
4003482
4003481
4003484
4003483
4003486
4003485
4003488
4003487
4003490
4003489
4003492
4003491
4003494
4003493
4003496
4003495
4003498
4003497
4003500
4003499
4003502
4003501
4003504
4003503
4003506
4003505
4003508
4003507
4003510
4003509
4003512
4003511
4003514
4003513
4003516
4003515
4003518
4003517
4003520
4003519
4003522
4003521
4003524
4003523
4003526
4003525
4003528
4003527
4003530
4003529
4003532
4003531
4003534
4003533
4003536
4003535
4003538
4003537
4003540
4003539
4003542
4003541
4003544
4003543
4003546
4003545
4003548
4003547
4003550
4003549
4003552
4003551
4003554
4003553
4003556
4003555
4003558
4003557
4003560
4003559
4003562
4003561
4003564
4003563
4003566
4003565
4003568
4003567
4003570
4003569
4003572
4003571
4003574
4003573
4003576
4003575
4003578
4003577
4003580
4003579
4003582
4003581
4003584
4003583
4003586
4003585
4003588
4003587
4003590
4003589
4003592
4003591
4003594
4003593
4003596
4003595
4003598
4003597
4003600
4003599
4003602
4003601
4003604
4003603
4003606
4003605
4003608
4003607
4003610
4003609
4003612
4003611
4003614
4003613
4003616
4003615
4003618
4003617
4003620
4003619
4003622
4003621
4003624
4003623
4003626
4003625
4003628
4003627
4003630
4003629
4003632
4003631
4003634
4003633
4003636
4003635
4003638
4003637
4003640
4003639
4003642
4003641
4003644
4003643
4003646
4003645
4003648
4003647
4003650
4003649
4003652
4003651
4003654
4003653
4003656
4003655
4003658
4003657
4003660
4003659
4003662
4003661
4003664
4003663
4003666
4003665
4003668
4003667
4003670
4003669
4003672
4003671
4003674
4003673
4003676
4003675
4003678
4003677
4003680
4003679
4003682
4003681
4003684
4003683
4003686
4003685
4003688
4003687
4003690
4003689
4003692
4003691
4003694
4003693
4003696
4003695
4003698
4003697
4003700
4003699
4003702
4003701
4003704
4003703
4003706
4003705
4003708
4003707
4003710
4003709
4003712
4003711
4003714
4003713
4003716
4003715
4003718
4003717
4003720
4003719
4003722
4003721
4003724
4003723
4003726
4003725
4003728
4003727
4003730
4003729
4003732
4003731
4003734
4003733
4003736
4003735
4003738
4003737
4003740
4003739
4003742
4003741
4003744
4003743
4003746
4003745
4003748
4003747
4003750
4003749
4003752
4003751
4003754
4003753
4003756
4003755
4003758
4003757
4003760
4003759
4003762
4003761
4003764
4003763
4003766
4003765
4003768
4003767
4003770
4003769
4003772
4003771
4003774
4003773
4003776
4003775
4003778
4003777
4003780
4003779
4003782
4003781
4003784
4003783
4003786
4003785
4003788
4003787
4003790
4003789
4003792
4003791
4003794
4003793
4003796
4003795
4003798
4003797
4003800
4003799
4003802
4003801
4003804
4003803
4003806
4003805
4003808
4003807
4003810
4003809
4003812
4003811
4003814
4003813
4003816
4003815
4003818
4003817
4003820
4003819
4003822
4003821
4003824
4003823
4003826
4003825
4003828
4003827
4003830
4003829
4003832
4003831
4003834
4003833
4003836
4003835
4003838
4003837
4003840
4003839
4003842
4003841
4003844
4003843
4003846
4003845
4003848
4003847
4003850
4003849
4003852
4003851
4003854
4003853
4003856
4003855
4003858
4003857
4003860
4003859
4003862
4003861
4003864
4003863
4003866
4003865
4003868
4003867
4003870
4003869
4003872
4003871
4003874
4003873
4003876
4003875
4003878
4003877
4003880
4003879
4003882
4003881
4003884
4003883
4003886
4003885
4003888
4003887
4003890
4003889
4003892
4003891
4003894
4003893
4003896
4003895
4003898
4003897
4003900
4003899
4003902
4003901
4003904
4003903
4003906
4003905
4003908
4003907
4003910
4003909
4003912
4003911
4003914
4003913
4003916
4003915
4003918
4003917
4003920
4003919
4003922
4003921
4003924
4003923
4003926
4003925
4003928
4003927
4003930
4003929
4003932
4003931
4003934
4003933
4003936
4003935
4003938
4003937
4003940
4003939
4003942
4003941
4003944
4003943
4003946
4003945
4003948
4003947
4003950
4003949
4003952
4003951
4003954
4003953
4003956
4003955
4003958
4003957
4003960
4003959
4003962
4003961
4003964
4003963
4003966
4003965
4003968
4003967
4003970
4003969
4003972
4003971
4003974
4003973
4003976
4003975
4003978
4003977
4003980
4003979
4003982
4003981
4003984
4003983
4003986
4003985
4003988
4003987
4003990
4003989
4003992
4003991
4003994
4003993
4003996
4003995
4003998
4003997
4004000
4003999
4004002
4004001
4004004
4004003
4004006
4004005
4004008
4004007
4004010
4004009
4004012
4004011
4004014
4004013
4004016
4004015
4004018
4004017
4004020
4004019
4004022
4004021
4004024
4004023
4004026
4004025
4004028
4004027
4004030
4004029
4004032
4004031
4004034
4004033
4004036
4004035
4004038
4004037
4004040
4004039
4004042
4004041
4004044
4004043
4004046
4004045
4004048
4004047
4004050
4004049
4004052
4004051
4004054
4004053
4004056
4004055
4004058
4004057
4004060
4004059
4004062
4004061
4004064
4004063
4004066
4004065
4004068
4004067
4004070
4004069
4004072
4004071
4004074
4004073
4004076
4004075
4004078
4004077
4004080
4004079
4004082
4004081
4004084
4004083
4004086
4004085
4004088
4004087
4004090
4004089
4004092
4004091
4004094
4004093
4004096
4004095
4004098
4004097
4004100
4004099
4004102
4004101
4004104
4004103
4004106
4004105
4004108
4004107
4004110
4004109
4004112
4004111
4004114
4004113
4004116
4004115
4004118
4004117
4004120
4004119
4004122
4004121
4004124
4004123
4004126
4004125
4004128
4004127
4004130
4004129
4004132
4004131
4004134
4004133
4004136
4004135
4004138
4004137
4004140
4004139
4004142
4004141
4004144
4004143
4004146
4004145
4004148
4004147
4004150
4004149
4004152
4004151
4004154
4004153
4004156
4004155
4004158
4004157
4004160
4004159
4004162
4004161
4004164
4004163
4004166
4004165
4004168
4004167
4004170
4004169
4004172
4004171
4004174
4004173
4004176
4004175
4004178
4004177
4004180
4004179
4004182
4004181
4004184
4004183
4004186
4004185
4004188
4004187
4004190
4004189
4004192
4004191
4004194
4004193
4004196
4004195
4004198
4004197
4004200
4004199
4004202
4004201
4004204
4004203
4004206
4004205
4004208
4004207
4004210
4004209
4004212
4004211
4004214
4004213
4004216
4004215
4004218
4004217
4004220
4004219
4004222
4004221
4004224
4004223
4004226
4004225
4004228
4004227
4004230
4004229
4004232
4004231
4004234
4004233
4004236
4004235
4004238
4004237
4004240
4004239
4004242
4004241
4004244
4004243
4004246
4004245
4004248
4004247
4004250
4004249
4004252
4004251
4004254
4004253
4004256
4004255
4004258
4004257
4004260
4004259
4004262
4004261
4004264
4004263
4004266
4004265
4004268
4004267
4004270
4004269
4004272
4004271
4004274
4004273
4004276
4004275
4004278
4004277
4004280
4004279
4004282
4004281
4004284
4004283
4004286
4004285
4004288
4004287
4004290
4004289
4004292
4004291
4004294
4004293
4004296
4004295
4004298
4004297
4004300
4004299
4004302
4004301
4004304
4004303
4004306
4004305
4004308
4004307
4004310
4004309
4004312
4004311
4004314
4004313
4004316
4004315
4004318
4004317
4004320
4004319
4004322
4004321
4004324
4004323
4004326
4004325
4004328
4004327
4004330
4004329
4004332
4004331
4004334
4004333
4004336
4004335
4004338
4004337
4004340
4004339
4004342
4004341
4004344
4004343
4004346
4004345
4004348
4004347
4004350
4004349
4004352
4004351
4004354
4004353
4004356
4004355
4004358
4004357
4004360
4004359
4004362
4004361
4004364
4004363
4004366
4004365
4004368
4004367
4004370
4004369
4004372
4004371
4004374
4004373
4004376
4004375
4004378
4004377
4004380
4004379
4004382
4004381
4004384
4004383
4004386
4004385
4004388
4004387
4004390
4004389
4004392
4004391
4004394
4004393
4004396
4004395
4004398
4004397
4004400
4004399
4004402
4004401
4004404
4004403
4004406
4004405
4004408
4004407
4004410
4004409
4004412
4004411
4004414
4004413
4004416
4004415
4004418
4004417
4004420
4004419
4004422
4004421
4004424
4004423
4004426
4004425
4004428
4004427
4004430
4004429
4004432
4004431
4004434
4004433
4004436
4004435
4004438
4004437
4004440
4004439
4004442
4004441
4004444
4004443
4004446
4004445
4004448
4004447
4004450
4004449
4004452
4004451
4004454
4004453
4004456
4004455
4004458
4004457
4004460
4004459
4004462
4004461
4004464
4004463
4004466
4004465
4004468
4004467
4004470
4004469
4004472
4004471
4004474
4004473
4004476
4004475
4004478
4004477
4004480
4004479
4004482
4004481
4004484
4004483
4004486
4004485
4004488
4004487
4004490
4004489
4004492
4004491
4004494
4004493
4004496
4004495
4004498
4004497
4004500
4004499
4004502
4004501
4004504
4004503
4004506
4004505
4004508
4004507
4004510
4004509
4004512
4004511
4004514
4004513
4004516
4004515
4004518
4004517
4004520
4004519
4004522
4004521
4004524
4004523
4004526
4004525
4004528
4004527
4004530
4004529
4004532
4004531
4004534
4004533
4004536
4004535
4004538
4004537
4004540
4004539
4004542
4004541
4004544
4004543
4004546
4004545
4004548
4004547
4004550
4004549
4004552
4004551
4004554
4004553
4004556
4004555
4004558
4004557
4004560
4004559
4004562
4004561
4004564
4004563
4004566
4004565
4004568
4004567
4004570
4004569
4004572
4004571
4004574
4004573
4004576
4004575
4004578
4004577
4004580
4004579
4004582
4004581
4004584
4004583
4004586
4004585
4004588
4004587
4004590
4004589
4004592
4004591
4004594
4004593
4004596
4004595
4004598
4004597
4004600
4004599
4004602
4004601
4004604
4004603
4004606
4004605
4004608
4004607
4004610
4004609
4004612
4004611
4004614
4004613
4004616
4004615
4004618
4004617
4004620
4004619
4004622
4004621
4004624
4004623
4004626
4004625
4004628
4004627
4004630
4004629
4004632
4004631
4004634
4004633
4004636
4004635
4004638
4004637
4004640
4004639
4004642
4004641
4004644
4004643
4004646
4004645
4004648
4004647
4004650
4004649
4004652
4004651
4004654
4004653
4004656
4004655
4004658
4004657
4004660
4004659
4004662
4004661
4004664
4004663
4004666
4004665
4004668
4004667
4004670
4004669
4004672
4004671
4004674
4004673
4004676
4004675
4004678
4004677
4004680
4004679
4004682
4004681
4004684
4004683
4004686
4004685
4004688
4004687
4004690
4004689
4004692
4004691
4004694
4004693
4004696
4004695
4004698
4004697
4004700
4004699
4004702
4004701
4004704
4004703
4004706
4004705
4004708
4004707
4004710
4004709
4004712
4004711
4004714
4004713
4004716
4004715
4004718
4004717
4004720
4004719
4004722
4004721
4004724
4004723
4004726
4004725
4004728
4004727
4004730
4004729
4004732
4004731
4004734
4004733
4004736
4004735
4004738
4004737
4004740
4004739
4004742
4004741
4004744
4004743
4004746
4004745
4004748
4004747
4004750
4004749
4004752
4004751
4004754
4004753
4004756
4004755
4004758
4004757
4004760
4004759
4004762
4004761
4004764
4004763
4004766
4004765
4004768
4004767
4004770
4004769
4004772
4004771
4004774
4004773
4004776
4004775
4004778
4004777
4004780
4004779
4004782
4004781
4004784
4004783
4004786
4004785
4004788
4004787
4004790
4004789
4004792
4004791
4004794
4004793
4004796
4004795
4004798
4004797
4004800
4004799
4004802
4004801
4004804
4004803
4004806
4004805
4004808
4004807
4004810
4004809
4004812
4004811
4004814
4004813
4004816
4004815
4004818
4004817
4004820
4004819
4004822
4004821
4004824
4004823
4004826
4004825
4004828
4004827
4004830
4004829
4004832
4004831
4004834
4004833
4004836
4004835
4004838
4004837
4004840
4004839
4004842
4004841
4004844
4004843
4004846
4004845
4004848
4004847
4004850
4004849
4004852
4004851
4004854
4004853
4004856
4004855
4004858
4004857
4004860
4004859
4004862
4004861
4004864
4004863
4004866
4004865
4004868
4004867
4004870
4004869
4004872
4004871
4004874
4004873
4004876
4004875
4004878
4004877
4004880
4004879
4004882
4004881
4004884
4004883
4004886
4004885
4004888
4004887
4004890
4004889
4004892
4004891
4004894
4004893
4004896
4004895
4004898
4004897
4004900
4004899
4004902
4004901
4004904
4004903
4004906
4004905
4004908
4004907
4004910
4004909
4004912
4004911
4004914
4004913
4004916
4004915
4004918
4004917
4004920
4004919
4004922
4004921
4004924
4004923
4004926
4004925
4004928
4004927
4004930
4004929
4004932
4004931
4004934
4004933
4004936
4004935
4004938
4004937
4004940
4004939
4004942
4004941
4004944
4004943
4004946
4004945
4004948
4004947
4004950
4004949
4004952
4004951
4004954
4004953
4004956
4004955
4004958
4004957
4004960
4004959
4004962
4004961
4004964
4004963
4004966
4004965
4004968
4004967
4004970
4004969
4004972
4004971
4004974
4004973
4004976
4004975
4004978
4004977
4004980
4004979
4004982
4004981
4004984
4004983
4004986
4004985
4004988
4004987
4004990
4004989
4004992
4004991
4004994
4004993
4004996
4004995
4004998
4004997
4000000
4005000
4005002
4005001
4005004
4005003
4005006
4005005
4005008
4005007
4005010
4005009
4005012
4005011
4005014
4005013
4005016
4005015
4005018
4005017
4005020
4005019
4005022
4005021
4005024
4005023
4005026
4005025
4005028
4005027
4005030
4005029
4005032
4005031
4005034
4005033
4005036
4005035
4005038
4005037
4005040
4005039
4005042
4005041
4005044
4005043
4005046
4005045
4005048
4005047
4005050
4005049
4005052
4005051
4005054
4005053
4005056
4005055
4005058
4005057
4005060
4005059
4005062
4005061
4005064
4005063
4005066
4005065
4005068
4005067
4005070
4005069
4005072
4005071
4005074
4005073
4005076
4005075
4005078
4005077
4005080
4005079
4005082
4005081
4005084
4005083
4005086
4005085
4005088
4005087
4005090
4005089
4005092
4005091
4005094
4005093
4005096
4005095
4005098
4005097
4005100
4005099
4005102
4005101
4005104
4005103
4005106
4005105
4005108
4005107
4005110
4005109
4005112
4005111
4005114
4005113
4005116
4005115
4005118
4005117
4005120
4005119
4005122
4005121
4005124
4005123
4005126
4005125
4005128
4005127
4005130
4005129
4005132
4005131
4005134
4005133
4005136
4005135
4005138
4005137
4005140
4005139
4005142
4005141
4005144
4005143
4005146
4005145
4005148
4005147
4005150
4005149
4005152
4005151
4005154
4005153
4005156
4005155
4005158
4005157
4005160
4005159
4005162
4005161
4005164
4005163
4005166
4005165
4005168
4005167
4005170
4005169
4005172
4005171
4005174
4005173
4005176
4005175
4005178
4005177
4005180
4005179
4005182
4005181
4005184
4005183
4005186
4005185
4005188
4005187
4005190
4005189
4005192
4005191
4005194
4005193
4005196
4005195
4005198
4005197
4005200
4005199
4005202
4005201
4005204
4005203
4005206
4005205
4005208
4005207
4005210
4005209
4005212
4005211
4005214
4005213
4005216
4005215
4005218
4005217
4005220
4005219
4005222
4005221
4005224
4005223
4005226
4005225
4005228
4005227
4005230
4005229
4005232
4005231
4005234
4005233
4005236
4005235
4005238
4005237
4005240
4005239
4005242
4005241
4005244
4005243
4005246
4005245
4005248
4005247
4005250
4005249
4005252
4005251
4005254
4005253
4005256
4005255
4005258
4005257
4005260
4005259
4005262
4005261
4005264
4005263
4005266
4005265
4005268
4005267
4005270
4005269
4005272
4005271
4005274
4005273
4005276
4005275
4005278
4005277
4005280
4005279
4005282
4005281
4005284
4005283
4005286
4005285
4005288
4005287
4005290
4005289
4005292
4005291
4005294
4005293
4005296
4005295
4005298
4005297
4005300
4005299
4005302
4005301
4005304
4005303
4005306
4005305
4005308
4005307
4005310
4005309
4005312
4005311
4005314
4005313
4005316
4005315
4005318
4005317
4005320
4005319
4005322
4005321
4005324
4005323
4005326
4005325
4005328
4005327
4005330
4005329
4005332
4005331
4005334
4005333
4005336
4005335
4005338
4005337
4005340
4005339
4005342
4005341
4005344
4005343
4005346
4005345
4005348
4005347
4005350
4005349
4005352
4005351
4005354
4005353
4005356
4005355
4005358
4005357
4005360
4005359
4005362
4005361
4005364
4005363
4005366
4005365
4005368
4005367
4005370
4005369
4005372
4005371
4005374
4005373
4005376
4005375
4005378
4005377
4005380
4005379
4005382
4005381
4005384
4005383
4005386
4005385
4005388
4005387
4005390
4005389
4005392
4005391
4005394
4005393
4005396
4005395
4005398
4005397
4005400
4005399
4005402
4005401
4005404
4005403
4005406
4005405
4005408
4005407
4005410
4005409
4005412
4005411
4005414
4005413
4005416
4005415
4005418
4005417
4005420
4005419
4005422
4005421
4005424
4005423
4005426
4005425
4005428
4005427
4005430
4005429
4005432
4005431
4005434
4005433
4005436
4005435
4005438
4005437
4005440
4005439
4005442
4005441
4005444
4005443
4005446
4005445
4005448
4005447
4005450
4005449
4005452
4005451
4005454
4005453
4005456
4005455
4005458
4005457
4005460
4005459
4005462
4005461
4005464
4005463
4005466
4005465
4005468
4005467
4005470
4005469
4005472
4005471
4005474
4005473
4005476
4005475
4005478
4005477
4005480
4005479
4005482
4005481
4005484
4005483
4005486
4005485
4005488
4005487
4005490
4005489
4005492
4005491
4005494
4005493
4005496
4005495
4005498
4005497
4005500
4005499
4005502
4005501
4005504
4005503
4005506
4005505
4005508
4005507
4005510
4005509
4005512
4005511
4005514
4005513
4005516
4005515
4005518
4005517
4005520
4005519
4005522
4005521
4005524
4005523
4005526
4005525
4005528
4005527
4005530
4005529
4005532
4005531
4005534
4005533
4005536
4005535
4005538
4005537
4005540
4005539
4005542
4005541
4005544
4005543
4005546
4005545
4005548
4005547
4005550
4005549
4005552
4005551
4005554
4005553
4005556
4005555
4005558
4005557
4005560
4005559
4005562
4005561
4005564
4005563
4005566
4005565
4005568
4005567
4005570
4005569
4005572
4005571
4005574
4005573
4005576
4005575
4005578
4005577
4005580
4005579
4005582
4005581
4005584
4005583
4005586
4005585
4005588
4005587
4005590
4005589
4005592
4005591
4005594
4005593
4005596
4005595
4005598
4005597
4005600
4005599
4005602
4005601
4005604
4005603
4005606
4005605
4005608
4005607
4005610
4005609
4005612
4005611
4005614
4005613
4005616
4005615
4005618
4005617
4005620
4005619
4005622
4005621
4005624
4005623
4005626
4005625
4005628
4005627
4005630
4005629
4005632
4005631
4005634
4005633
4005636
4005635
4005638
4005637
4005640
4005639
4005642
4005641
4005644
4005643
4005646
4005645
4005648
4005647
4005650
4005649
4005652
4005651
4005654
4005653
4005656
4005655
4005658
4005657
4005660
4005659
4005662
4005661
4005664
4005663
4005666
4005665
4005668
4005667
4005670
4005669
4005672
4005671
4005674
4005673
4005676
4005675
4005678
4005677
4005680
4005679
4005682
4005681
4005684
4005683
4005686
4005685
4005688
4005687
4005690
4005689
4005692
4005691
4005694
4005693
4005696
4005695
4005698
4005697
4005700
4005699
4005702
4005701
4005704
4005703
4005706
4005705
4005708
4005707
4005710
4005709
4005712
4005711
4005714
4005713
4005716
4005715
4005718
4005717
4005720
4005719
4005722
4005721
4005724
4005723
4005726
4005725
4005728
4005727
4005730
4005729
4005732
4005731
4005734
4005733
4005736
4005735
4005738
4005737
4005740
4005739
4005742
4005741
4005744
4005743
4005746
4005745
4005748
4005747
4005750
4005749
4005752
4005751
4005754
4005753
4005756
4005755
4005758
4005757
4005760
4005759
4005762
4005761
4005764
4005763
4005766
4005765
4005768
4005767
4005770
4005769
4005772
4005771
4005774
4005773
4005776
4005775
4005778
4005777
4005780
4005779
4005782
4005781
4005784
4005783
4005786
4005785
4005788
4005787
4005790
4005789
4005792
4005791
4005794
4005793
4005796
4005795
4005798
4005797
4005800
4005799
4005802
4005801
4005804
4005803
4005806
4005805
4005808
4005807
4005810
4005809
4005812
4005811
4005814
4005813
4005816
4005815
4005818
4005817
4005820
4005819
4005822
4005821
4005824
4005823
4005826
4005825
4005828
4005827
4005830
4005829
4005832
4005831
4005834
4005833
4005836
4005835
4005838
4005837
4005840
4005839
4005842
4005841
4005844
4005843
4005846
4005845
4005848
4005847
4005850
4005849
4005852
4005851
4005854
4005853
4005856
4005855
4005858
4005857
4005860
4005859
4005862
4005861
4005864
4005863
4005866
4005865
4005868
4005867
4005870
4005869
4005872
4005871
4005874
4005873
4005876
4005875
4005878
4005877
4005880
4005879
4005882
4005881
4005884
4005883
4005886
4005885
4005888
4005887
4005890
4005889
4005892
4005891
4005894
4005893
4005896
4005895
4005898
4005897
4005900
4005899
4005902
4005901
4005904
4005903
4005906
4005905
4005908
4005907
4005910
4005909
4005912
4005911
4005914
4005913
4005916
4005915
4005918
4005917
4005920
4005919
4005922
4005921
4005924
4005923
4005926
4005925
4005928
4005927
4005930
4005929
4005932
4005931
4005934
4005933
4005936
4005935
4005938
4005937
4005940
4005939
4005942
4005941
4005944
4005943
4005946
4005945
4005948
4005947
4005950
4005949
4005952
4005951
4005954
4005953
4005956
4005955
4005958
4005957
4005960
4005959
4005962
4005961
4005964
4005963
4005966
4005965
4005968
4005967
4005970
4005969
4005972
4005971
4005974
4005973
4005976
4005975
4005978
4005977
4005980
4005979
4005982
4005981
4005984
4005983
4005986
4005985
4005988
4005987
4005990
4005989
4005992
4005991
4005994
4005993
4005996
4005995
4005998
4005997
4006000
4005999
4006002
4006001
4006004
4006003
4006006
4006005
4006008
4006007
4006010
4006009
4006012
4006011
4006014
4006013
4006016
4006015
4006018
4006017
4006020
4006019
4006022
4006021
4006024
4006023
4006026
4006025
4006028
4006027
4006030
4006029
4006032
4006031
4006034
4006033
4006036
4006035
4006038
4006037
4006040
4006039
4006042
4006041
4006044
4006043
4006046
4006045
4006048
4006047
4006050
4006049
4006052
4006051
4006054
4006053
4006056
4006055
4006058
4006057
4006060
4006059
4006062
4006061
4006064
4006063
4006066
4006065
4006068
4006067
4006070
4006069
4006072
4006071
4006074
4006073
4006076
4006075
4006078
4006077
4006080
4006079
4006082
4006081
4006084
4006083
4006086
4006085
4006088
4006087
4006090
4006089
4006092
4006091
4006094
4006093
4006096
4006095
4006098
4006097
4006100
4006099
4006102
4006101
4006104
4006103
4006106
4006105
4006108
4006107
4006110
4006109
4006112
4006111
4006114
4006113
4006116
4006115
4006118
4006117
4006120
4006119
4006122
4006121
4006124
4006123
4006126
4006125
4006128
4006127
4006130
4006129
4006132
4006131
4006134
4006133
4006136
4006135
4006138
4006137
4006140
4006139
4006142
4006141
4006144
4006143
4006146
4006145
4006148
4006147
4006150
4006149
4006152
4006151
4006154
4006153
4006156
4006155
4006158
4006157
4006160
4006159
4006162
4006161
4006164
4006163
4006166
4006165
4006168
4006167
4006170
4006169
4006172
4006171
4006174
4006173
4006176
4006175
4006178
4006177
4006180
4006179
4006182
4006181
4006184
4006183
4006186
4006185
4006188
4006187
4006190
4006189
4006192
4006191
4006194
4006193
4006196
4006195
4006198
4006197
4006200
4006199
4006202
4006201
4006204
4006203
4006206
4006205
4006208
4006207
4006210
4006209
4006212
4006211
4006214
4006213
4006216
4006215
4006218
4006217
4006220
4006219
4006222
4006221
4006224
4006223
4006226
4006225
4006228
4006227
4006230
4006229
4006232
4006231
4006234
4006233
4006236
4006235
4006238
4006237
4006240
4006239
4006242
4006241
4006244
4006243
4006246
4006245
4006248
4006247
4006250
4006249
4006252
4006251
4006254
4006253
4006256
4006255
4006258
4006257
4006260
4006259
4006262
4006261
4006264
4006263
4006266
4006265
4006268
4006267
4006270
4006269
4006272
4006271
4006274
4006273
4006276
4006275
4006278
4006277
4006280
4006279
4006282
4006281
4006284
4006283
4006286
4006285
4006288
4006287
4006290
4006289
4006292
4006291
4006294
4006293
4006296
4006295
4006298
4006297
4006300
4006299
4006302
4006301
4006304
4006303
4006306
4006305
4006308
4006307
4006310
4006309
4006312
4006311
4006314
4006313
4006316
4006315
4006318
4006317
4006320
4006319
4006322
4006321
4006324
4006323
4006326
4006325
4006328
4006327
4006330
4006329
4006332
4006331
4006334
4006333
4006336
4006335
4006338
4006337
4006340
4006339
4006342
4006341
4006344
4006343
4006346
4006345
4006348
4006347
4006350
4006349
4006352
4006351
4006354
4006353
4006356
4006355
4006358
4006357
4006360
4006359
4006362
4006361
4006364
4006363
4006366
4006365
4006368
4006367
4006370
4006369
4006372
4006371
4006374
4006373
4006376
4006375
4006378
4006377
4006380
4006379
4006382
4006381
4006384
4006383
4006386
4006385
4006388
4006387
4006390
4006389
4006392
4006391
4006394
4006393
4006396
4006395
4006398
4006397
4006400
4006399
4006402
4006401
4006404
4006403
4006406
4006405
4006408
4006407
4006410
4006409
4006412
4006411
4006414
4006413
4006416
4006415
4006418
4006417
4006420
4006419
4006422
4006421
4006424
4006423
4006426
4006425
4006428
4006427
4006430
4006429
4006432
4006431
4006434
4006433
4006436
4006435
4006438
4006437
4006440
4006439
4006442
4006441
4006444
4006443
4006446
4006445
4006448
4006447
4006450
4006449
4006452
4006451
4006454
4006453
4006456
4006455
4006458
4006457
4006460
4006459
4006462
4006461
4006464
4006463
4006466
4006465
4006468
4006467
4006470
4006469
4006472
4006471
4006474
4006473
4006476
4006475
4006478
4006477
4006480
4006479
4006482
4006481
4006484
4006483
4006486
4006485
4006488
4006487
4006490
4006489
4006492
4006491
4006494
4006493
4006496
4006495
4006498
4006497
4006500
4006499
4006502
4006501
4006504
4006503
4006506
4006505
4006508
4006507
4006510
4006509
4006512
4006511
4006514
4006513
4006516
4006515
4006518
4006517
4006520
4006519
4006522
4006521
4006524
4006523
4006526
4006525
4006528
4006527
4006530
4006529
4006532
4006531
4006534
4006533
4006536
4006535
4006538
4006537
4006540
4006539
4006542
4006541
4006544
4006543
4006546
4006545
4006548
4006547
4006550
4006549
4006552
4006551
4006554
4006553
4006556
4006555
4006558
4006557
4006560
4006559
4006562
4006561
4006564
4006563
4006566
4006565
4006568
4006567
4006570
4006569
4006572
4006571
4006574
4006573
4006576
4006575
4006578
4006577
4006580
4006579
4006582
4006581
4006584
4006583
4006586
4006585
4006588
4006587
4006590
4006589
4006592
4006591
4006594
4006593
4006596
4006595
4006598
4006597
4006600
4006599
4006602
4006601
4006604
4006603
4006606
4006605
4006608
4006607
4006610
4006609
4006612
4006611
4006614
4006613
4006616
4006615
4006618
4006617
4006620
4006619
4006622
4006621
4006624
4006623
4006626
4006625
4006628
4006627
4006630
4006629
4006632
4006631
4006634
4006633
4006636
4006635
4006638
4006637
4006640
4006639
4006642
4006641
4006644
4006643
4006646
4006645
4006648
4006647
4006650
4006649
4006652
4006651
4006654
4006653
4006656
4006655
4006658
4006657
4006660
4006659
4006662
4006661
4006664
4006663
4006666
4006665
4006668
4006667
4006670
4006669
4006672
4006671
4006674
4006673
4006676
4006675
4006678
4006677
4006680
4006679
4006682
4006681
4006684
4006683
4006686
4006685
4006688
4006687
4006690
4006689
4006692
4006691
4006694
4006693
4006696
4006695
4006698
4006697
4006700
4006699
4006702
4006701
4006704
4006703
4006706
4006705
4006708
4006707
4006710
4006709
4006712
4006711
4006714
4006713
4006716
4006715
4006718
4006717
4006720
4006719
4006722
4006721
4006724
4006723
4006726
4006725
4006728
4006727
4006730
4006729
4006732
4006731
4006734
4006733
4006736
4006735
4006738
4006737
4006740
4006739
4006742
4006741
4006744
4006743
4006746
4006745
4006748
4006747
4006750
4006749
4006752
4006751
4006754
4006753
4006756
4006755
4006758
4006757
4006760
4006759
4006762
4006761
4006764
4006763
4006766
4006765
4006768
4006767
4006770
4006769
4006772
4006771
4006774
4006773
4006776
4006775
4006778
4006777
4006780
4006779
4006782
4006781
4006784
4006783
4006786
4006785
4006788
4006787
4006790
4006789
4006792
4006791
4006794
4006793
4006796
4006795
4006798
4006797
4006800
4006799
4006802
4006801
4006804
4006803
4006806
4006805
4006808
4006807
4006810
4006809
4006812
4006811
4006814
4006813
4006816
4006815
4006818
4006817
4006820
4006819
4006822
4006821
4006824
4006823
4006826
4006825
4006828
4006827
4006830
4006829
4006832
4006831
4006834
4006833
4006836
4006835
4006838
4006837
4006840
4006839
4006842
4006841
4006844
4006843
4006846
4006845
4006848
4006847
4006850
4006849
4006852
4006851
4006854
4006853
4006856
4006855
4006858
4006857
4006860
4006859
4006862
4006861
4006864
4006863
4006866
4006865
4006868
4006867
4006870
4006869
4006872
4006871
4006874
4006873
4006876
4006875
4006878
4006877
4006880
4006879
4006882
4006881
4006884
4006883
4006886
4006885
4006888
4006887
4006890
4006889
4006892
4006891
4006894
4006893
4006896
4006895
4006898
4006897
4006900
4006899
4006902
4006901
4006904
4006903
4006906
4006905
4006908
4006907
4006910
4006909
4006912
4006911
4006914
4006913
4006916
4006915
4006918
4006917
4006920
4006919
4006922
4006921
4006924
4006923
4006926
4006925
4006928
4006927
4006930
4006929
4006932
4006931
4006934
4006933
4006936
4006935
4006938
4006937
4006940
4006939
4006942
4006941
4006944
4006943
4006946
4006945
4006948
4006947
4006950
4006949
4006952
4006951
4006954
4006953
4006956
4006955
4006958
4006957
4006960
4006959
4006962
4006961
4006964
4006963
4006966
4006965
4006968
4006967
4006970
4006969
4006972
4006971
4006974
4006973
4006976
4006975
4006978
4006977
4006980
4006979
4006982
4006981
4006984
4006983
4006986
4006985
4006988
4006987
4006990
4006989
4006992
4006991
4006994
4006993
4006996
4006995
4006998
4006997
4007000
4006999
4007002
4007001
4007004
4007003
4007006
4007005
4007008
4007007
4007010
4007009
4007012
4007011
4007014
4007013
4007016
4007015
4007018
4007017
4007020
4007019
4007022
4007021
4007024
4007023
4007026
4007025
4007028
4007027
4007030
4007029
4007032
4007031
4007034
4007033
4007036
4007035
4007038
4007037
4007040
4007039
4007042
4007041
4007044
4007043
4007046
4007045
4007048
4007047
4007050
4007049
4007052
4007051
4007054
4007053
4007056
4007055
4007058
4007057
4007060
4007059
4007062
4007061
4007064
4007063
4007066
4007065
4007068
4007067
4007070
4007069
4007072
4007071
4007074
4007073
4007076
4007075
4007078
4007077
4007080
4007079
4007082
4007081
4007084
4007083
4007086
4007085
4007088
4007087
4007090
4007089
4007092
4007091
4007094
4007093
4007096
4007095
4007098
4007097
4007100
4007099
4007102
4007101
4007104
4007103
4007106
4007105
4007108
4007107
4007110
4007109
4007112
4007111
4007114
4007113
4007116
4007115
4007118
4007117
4007120
4007119
4007122
4007121
4007124
4007123
4007126
4007125
4007128
4007127
4007130
4007129
4007132
4007131
4007134
4007133
4007136
4007135
4007138
4007137
4007140
4007139
4007142
4007141
4007144
4007143
4007146
4007145
4007148
4007147
4007150
4007149
4007152
4007151
4007154
4007153
4007156
4007155
4007158
4007157
4007160
4007159
4007162
4007161
4007164
4007163
4007166
4007165
4007168
4007167
4007170
4007169
4007172
4007171
4007174
4007173
4007176
4007175
4007178
4007177
4007180
4007179
4007182
4007181
4007184
4007183
4007186
4007185
4007188
4007187
4007190
4007189
4007192
4007191
4007194
4007193
4007196
4007195
4007198
4007197
4007200
4007199
4007202
4007201
4007204
4007203
4007206
4007205
4007208
4007207
4007210
4007209
4007212
4007211
4007214
4007213
4007216
4007215
4007218
4007217
4007220
4007219
4007222
4007221
4007224
4007223
4007226
4007225
4007228
4007227
4007230
4007229
4007232
4007231
4007234
4007233
4007236
4007235
4007238
4007237
4007240
4007239
4007242
4007241
4007244
4007243
4007246
4007245
4007248
4007247
4007250
4007249
4007252
4007251
4007254
4007253
4007256
4007255
4007258
4007257
4007260
4007259
4007262
4007261
4007264
4007263
4007266
4007265
4007268
4007267
4007270
4007269
4007272
4007271
4007274
4007273
4007276
4007275
4007278
4007277
4007280
4007279
4007282
4007281
4007284
4007283
4007286
4007285
4007288
4007287
4007290
4007289
4007292
4007291
4007294
4007293
4007296
4007295
4007298
4007297
4007300
4007299
4007302
4007301
4007304
4007303
4007306
4007305
4007308
4007307
4007310
4007309
4007312
4007311
4007314
4007313
4007316
4007315
4007318
4007317
4007320
4007319
4007322
4007321
4007324
4007323
4007326
4007325
4007328
4007327
4007330
4007329
4007332
4007331
4007334
4007333
4007336
4007335
4007338
4007337
4007340
4007339
4007342
4007341
4007344
4007343
4007346
4007345
4007348
4007347
4007350
4007349
4007352
4007351
4007354
4007353
4007356
4007355
4007358
4007357
4007360
4007359
4007362
4007361
4007364
4007363
4007366
4007365
4007368
4007367
4007370
4007369
4007372
4007371
4007374
4007373
4007376
4007375
4007378
4007377
4007380
4007379
4007382
4007381
4007384
4007383
4007386
4007385
4007388
4007387
4007390
4007389
4007392
4007391
4007394
4007393
4007396
4007395
4007398
4007397
4007400
4007399
4007402
4007401
4007404
4007403
4007406
4007405
4007408
4007407
4007410
4007409
4007412
4007411
4007414
4007413
4007416
4007415
4007418
4007417
4007420
4007419
4007422
4007421
4007424
4007423
4007426
4007425
4007428
4007427
4007430
4007429
4007432
4007431
4007434
4007433
4007436
4007435
4007438
4007437
4007440
4007439
4007442
4007441
4007444
4007443
4007446
4007445
4007448
4007447
4007450
4007449
4007452
4007451
4007454
4007453
4007456
4007455
4007458
4007457
4007460
4007459
4007462
4007461
4007464
4007463
4007466
4007465
4007468
4007467
4007470
4007469
4007472
4007471
4007474
4007473
4007476
4007475
4007478
4007477
4007480
4007479
4007482
4007481
4007484
4007483
4007486
4007485
4007488
4007487
4007490
4007489
4007492
4007491
4007494
4007493
4007496
4007495
4007498
4007497
4004999
4007500
4007502
4007501
4007504
4007503
4007506
4007505
4007508
4007507
4007510
4007509
4007512
4007511
4007514
4007513
4007516
4007515
4007518
4007517
4007520
4007519
4007522
4007521
4007524
4007523
4007526
4007525
4007528
4007527
4007530
4007529
4007532
4007531
4007534
4007533
4007536
4007535
4007538
4007537
4007540
4007539
4007542
4007541
4007544
4007543
4007546
4007545
4007548
4007547
4007550
4007549
4007552
4007551
4007554
4007553
4007556
4007555
4007558
4007557
4007560
4007559
4007562
4007561
4007564
4007563
4007566
4007565
4007568
4007567
4007570
4007569
4007572
4007571
4007574
4007573
4007576
4007575
4007578
4007577
4007580
4007579
4007582
4007581
4007584
4007583
4007586
4007585
4007588
4007587
4007590
4007589
4007592
4007591
4007594
4007593
4007596
4007595
4007598
4007597
4007600
4007599
4007602
4007601
4007604
4007603
4007606
4007605
4007608
4007607
4007610
4007609
4007612
4007611
4007614
4007613
4007616
4007615
4007618
4007617
4007620
4007619
4007622
4007621
4007624
4007623
4007626
4007625
4007628
4007627
4007630
4007629
4007632
4007631
4007634
4007633
4007636
4007635
4007638
4007637
4007640
4007639
4007642
4007641
4007644
4007643
4007646
4007645
4007648
4007647
4007650
4007649
4007652
4007651
4007654
4007653
4007656
4007655
4007658
4007657
4007660
4007659
4007662
4007661
4007664
4007663
4007666
4007665
4007668
4007667
4007670
4007669
4007672
4007671
4007674
4007673
4007676
4007675
4007678
4007677
4007680
4007679
4007682
4007681
4007684
4007683
4007686
4007685
4007688
4007687
4007690
4007689
4007692
4007691
4007694
4007693
4007696
4007695
4007698
4007697
4007700
4007699
4007702
4007701
4007704
4007703
4007706
4007705
4007708
4007707
4007710
4007709
4007712
4007711
4007714
4007713
4007716
4007715
4007718
4007717
4007720
4007719
4007722
4007721
4007724
4007723
4007726
4007725
4007728
4007727
4007730
4007729
4007732
4007731
4007734
4007733
4007736
4007735
4007738
4007737
4007740
4007739
4007742
4007741
4007744
4007743
4007746
4007745
4007748
4007747
4007750
4007749
4007752
4007751
4007754
4007753
4007756
4007755
4007758
4007757
4007760
4007759
4007762
4007761
4007764
4007763
4007766
4007765
4007768
4007767
4007770
4007769
4007772
4007771
4007774
4007773
4007776
4007775
4007778
4007777
4007780
4007779
4007782
4007781
4007784
4007783
4007786
4007785
4007788
4007787
4007790
4007789
4007792
4007791
4007794
4007793
4007796
4007795
4007798
4007797
4007800
4007799
4007802
4007801
4007804
4007803
4007806
4007805
4007808
4007807
4007810
4007809
4007812
4007811
4007814
4007813
4007816
4007815
4007818
4007817
4007820
4007819
4007822
4007821
4007824
4007823
4007826
4007825
4007828
4007827
4007830
4007829
4007832
4007831
4007834
4007833
4007836
4007835
4007838
4007837
4007840
4007839
4007842
4007841
4007844
4007843
4007846
4007845
4007848
4007847
4007850
4007849
4007852
4007851
4007854
4007853
4007856
4007855
4007858
4007857
4007860
4007859
4007862
4007861
4007864
4007863
4007866
4007865
4007868
4007867
4007870
4007869
4007872
4007871
4007874
4007873
4007876
4007875
4007878
4007877
4007880
4007879
4007882
4007881
4007884
4007883
4007886
4007885
4007888
4007887
4007890
4007889
4007892
4007891
4007894
4007893
4007896
4007895
4007898
4007897
4007900
4007899
4007902
4007901
4007904
4007903
4007906
4007905
4007908
4007907
4007910
4007909
4007912
4007911
4007914
4007913
4007916
4007915
4007918
4007917
4007920
4007919
4007922
4007921
4007924
4007923
4007926
4007925
4007928
4007927
4007930
4007929
4007932
4007931
4007934
4007933
4007936
4007935
4007938
4007937
4007940
4007939
4007942
4007941
4007944
4007943
4007946
4007945
4007948
4007947
4007950
4007949
4007952
4007951
4007954
4007953
4007956
4007955
4007958
4007957
4007960
4007959
4007962
4007961
4007964
4007963
4007966
4007965
4007968
4007967
4007970
4007969
4007972
4007971
4007974
4007973
4007976
4007975
4007978
4007977
4007980
4007979
4007982
4007981
4007984
4007983
4007986
4007985
4007988
4007987
4007990
4007989
4007992
4007991
4007994
4007993
4007996
4007995
4007998
4007997
4008000
4007999
4008002
4008001
4008004
4008003
4008006
4008005
4008008
4008007
4008010
4008009
4008012
4008011
4008014
4008013
4008016
4008015
4008018
4008017
4008020
4008019
4008022
4008021
4008024
4008023
4008026
4008025
4008028
4008027
4008030
4008029
4008032
4008031
4008034
4008033
4008036
4008035
4008038
4008037
4008040
4008039
4008042
4008041
4008044
4008043
4008046
4008045
4008048
4008047
4008050
4008049
4008052
4008051
4008054
4008053
4008056
4008055
4008058
4008057
4008060
4008059
4008062
4008061
4008064
4008063
4008066
4008065
4008068
4008067
4008070
4008069
4008072
4008071
4008074
4008073
4008076
4008075
4008078
4008077
4008080
4008079
4008082
4008081
4008084
4008083
4008086
4008085
4008088
4008087
4008090
4008089
4008092
4008091
4008094
4008093
4008096
4008095
4008098
4008097
4008100
4008099
4008102
4008101
4008104
4008103
4008106
4008105
4008108
4008107
4008110
4008109
4008112
4008111
4008114
4008113
4008116
4008115
4008118
4008117
4008120
4008119
4008122
4008121
4008124
4008123
4008126
4008125
4008128
4008127
4008130
4008129
4008132
4008131
4008134
4008133
4008136
4008135
4008138
4008137
4008140
4008139
4008142
4008141
4008144
4008143
4008146
4008145
4008148
4008147
4008150
4008149
4008152
4008151
4008154
4008153
4008156
4008155
4008158
4008157
4008160
4008159
4008162
4008161
4008164
4008163
4008166
4008165
4008168
4008167
4008170
4008169
4008172
4008171
4008174
4008173
4008176
4008175
4008178
4008177
4008180
4008179
4008182
4008181
4008184
4008183
4008186
4008185
4008188
4008187
4008190
4008189
4008192
4008191
4008194
4008193
4008196
4008195
4008198
4008197
4008200
4008199
4008202
4008201
4008204
4008203
4008206
4008205
4008208
4008207
4008210
4008209
4008212
4008211
4008214
4008213
4008216
4008215
4008218
4008217
4008220
4008219
4008222
4008221
4008224
4008223
4008226
4008225
4008228
4008227
4008230
4008229
4008232
4008231
4008234
4008233
4008236
4008235
4008238
4008237
4008240
4008239
4008242
4008241
4008244
4008243
4008246
4008245
4008248
4008247
4008250
4008249
4008252
4008251
4008254
4008253
4008256
4008255
4008258
4008257
4008260
4008259
4008262
4008261
4008264
4008263
4008266
4008265
4008268
4008267
4008270
4008269
4008272
4008271
4008274
4008273
4008276
4008275
4008278
4008277
4008280
4008279
4008282
4008281
4008284
4008283
4008286
4008285
4008288
4008287
4008290
4008289
4008292
4008291
4008294
4008293
4008296
4008295
4008298
4008297
4008300
4008299
4008302
4008301
4008304
4008303
4008306
4008305
4008308
4008307
4008310
4008309
4008312
4008311
4008314
4008313
4008316
4008315
4008318
4008317
4008320
4008319
4008322
4008321
4008324
4008323
4008326
4008325
4008328
4008327
4008330
4008329
4008332
4008331
4008334
4008333
4008336
4008335
4008338
4008337
4008340
4008339
4008342
4008341
4008344
4008343
4008346
4008345
4008348
4008347
4008350
4008349
4008352
4008351
4008354
4008353
4008356
4008355
4008358
4008357
4008360
4008359
4008362
4008361
4008364
4008363
4008366
4008365
4008368
4008367
4008370
4008369
4008372
4008371
4008374
4008373
4008376
4008375
4008378
4008377
4008380
4008379
4008382
4008381
4008384
4008383
4008386
4008385
4008388
4008387
4008390
4008389
4008392
4008391
4008394
4008393
4008396
4008395
4008398
4008397
4008400
4008399
4008402
4008401
4008404
4008403
4008406
4008405
4008408
4008407
4008410
4008409
4008412
4008411
4008414
4008413
4008416
4008415
4008418
4008417
4008420
4008419
4008422
4008421
4008424
4008423
4008426
4008425
4008428
4008427
4008430
4008429
4008432
4008431
4008434
4008433
4008436
4008435
4008438
4008437
4008440
4008439
4008442
4008441
4008444
4008443
4008446
4008445
4008448
4008447
4008450
4008449
4008452
4008451
4008454
4008453
4008456
4008455
4008458
4008457
4008460
4008459
4008462
4008461
4008464
4008463
4008466
4008465
4008468
4008467
4008470
4008469
4008472
4008471
4008474
4008473
4008476
4008475
4008478
4008477
4008480
4008479
4008482
4008481
4008484
4008483
4008486
4008485
4008488
4008487
4008490
4008489
4008492
4008491
4008494
4008493
4008496
4008495
4008498
4008497
4008500
4008499
4008502
4008501
4008504
4008503
4008506
4008505
4008508
4008507
4008510
4008509
4008512
4008511
4008514
4008513
4008516
4008515
4008518
4008517
4008520
4008519
4008522
4008521
4008524
4008523
4008526
4008525
4008528
4008527
4008530
4008529
4008532
4008531
4008534
4008533
4008536
4008535
4008538
4008537
4008540
4008539
4008542
4008541
4008544
4008543
4008546
4008545
4008548
4008547
4008550
4008549
4008552
4008551
4008554
4008553
4008556
4008555
4008558
4008557
4008560
4008559
4008562
4008561
4008564
4008563
4008566
4008565
4008568
4008567
4008570
4008569
4008572
4008571
4008574
4008573
4008576
4008575
4008578
4008577
4008580
4008579
4008582
4008581
4008584
4008583
4008586
4008585
4008588
4008587
4008590
4008589
4008592
4008591
4008594
4008593
4008596
4008595
4008598
4008597
4008600
4008599
4008602
4008601
4008604
4008603
4008606
4008605
4008608
4008607
4008610
4008609
4008612
4008611
4008614
4008613
4008616
4008615
4008618
4008617
4008620
4008619
4008622
4008621
4008624
4008623
4008626
4008625
4008628
4008627
4008630
4008629
4008632
4008631
4008634
4008633
4008636
4008635
4008638
4008637
4008640
4008639
4008642
4008641
4008644
4008643
4008646
4008645
4008648
4008647
4008650
4008649
4008652
4008651
4008654
4008653
4008656
4008655
4008658
4008657
4008660
4008659
4008662
4008661
4008664
4008663
4008666
4008665
4008668
4008667
4008670
4008669
4008672
4008671
4008674
4008673
4008676
4008675
4008678
4008677
4008680
4008679
4008682
4008681
4008684
4008683
4008686
4008685
4008688
4008687
4008690
4008689
4008692
4008691
4008694
4008693
4008696
4008695
4008698
4008697
4008700
4008699
4008702
4008701
4008704
4008703
4008706
4008705
4008708
4008707
4008710
4008709
4008712
4008711
4008714
4008713
4008716
4008715
4008718
4008717
4008720
4008719
4008722
4008721
4008724
4008723
4008726
4008725
4008728
4008727
4008730
4008729
4008732
4008731
4008734
4008733
4008736
4008735
4008738
4008737
4008740
4008739
4008742
4008741
4008744
4008743
4008746
4008745
4008748
4008747
4007499
4008751
4008750
4008753
4008752
4008755
4008754
4008757
4008756
4008759
4008758
4008761
4008760
4008763
4008762
4008765
4008764
4008767
4008766
4008769
4008768
4008771
4008770
4008773
4008772
4008775
4008774
4008777
4008776
4008779
4008778
4008781
4008780
4008783
4008782
4008785
4008784
4008787
4008786
4008789
4008788
4008791
4008790
4008793
4008792
4008795
4008794
4008797
4008796
4008799
4008798
4008801
4008800
4008803
4008802
4008805
4008804
4008807
4008806
4008809
4008808
4008811
4008810
4008813
4008812
4008815
4008814
4008817
4008816
4008819
4008818
4008821
4008820
4008823
4008822
4008825
4008824
4008827
4008826
4008829
4008828
4008831
4008830
4008833
4008832
4008835
4008834
4008837
4008836
4008839
4008838
4008841
4008840
4008843
4008842
4008845
4008844
4008847
4008846
4008849
4008848
4008851
4008850
4008853
4008852
4008855
4008854
4008857
4008856
4008859
4008858
4008861
4008860
4008863
4008862
4008865
4008864
4008867
4008866
4008869
4008868
4008871
4008870
4008873
4008872
4008875
4008874
4008877
4008876
4008879
4008878
4008881
4008880
4008883
4008882
4008885
4008884
4008887
4008886
4008889
4008888
4008891
4008890
4008893
4008892
4008895
4008894
4008897
4008896
4008899
4008898
4008901
4008900
4008903
4008902
4008905
4008904
4008907
4008906
4008909
4008908
4008911
4008910
4008913
4008912
4008915
4008914
4008917
4008916
4008919
4008918
4008921
4008920
4008923
4008922
4008925
4008924
4008927
4008926
4008929
4008928
4008931
4008930
4008933
4008932
4008935
4008934
4008937
4008936
4008939
4008938
4008941
4008940
4008943
4008942
4008945
4008944
4008947
4008946
4008949
4008948
4008951
4008950
4008953
4008952
4008955
4008954
4008957
4008956
4008959
4008958
4008961
4008960
4008963
4008962
4008965
4008964
4008967
4008966
4008969
4008968
4008971
4008970
4008973
4008972
4008975
4008974
4008977
4008976
4008979
4008978
4008981
4008980
4008983
4008982
4008985
4008984
4008987
4008986
4008989
4008988
4008991
4008990
4008993
4008992
4008995
4008994
4008997
4008996
4008999
4008998
4009001
4009000
4009003
4009002
4009005
4009004
4009007
4009006
4009009
4009008
4009011
4009010
4009013
4009012
4009015
4009014
4009017
4009016
4009019
4009018
4009021
4009020
4009023
4009022
4009025
4009024
4009027
4009026
4009029
4009028
4009031
4009030
4009033
4009032
4009035
4009034
4009037
4009036
4009039
4009038
4009041
4009040
4009043
4009042
4009045
4009044
4009047
4009046
4009049
4009048
4009051
4009050
4009053
4009052
4009055
4009054
4009057
4009056
4009059
4009058
4009061
4009060
4009063
4009062
4009065
4009064
4009067
4009066
4009069
4009068
4009071
4009070
4009073
4009072
4009075
4009074
4009077
4009076
4009079
4009078
4009081
4009080
4009083
4009082
4009085
4009084
4009087
4009086
4009089
4009088
4009091
4009090
4009093
4009092
4009095
4009094
4009097
4009096
4009099
4009098
4009101
4009100
4009103
4009102
4009105
4009104
4009107
4009106
4009109
4009108
4009111
4009110
4009113
4009112
4009115
4009114
4009117
4009116
4009119
4009118
4009121
4009120
4009123
4009122
4009125
4009124
4009127
4009126
4009129
4009128
4009131
4009130
4009133
4009132
4009135
4009134
4009137
4009136
4009139
4009138
4009141
4009140
4009143
4009142
4009145
4009144
4009147
4009146
4009149
4009148
4009151
4009150
4009153
4009152
4009155
4009154
4009157
4009156
4009159
4009158
4009161
4009160
4009163
4009162
4009165
4009164
4009167
4009166
4009169
4009168
4009171
4009170
4009173
4009172
4009175
4009174
4009177
4009176
4009179
4009178
4009181
4009180
4009183
4009182
4009185
4009184
4009187
4009186
4009189
4009188
4009191
4009190
4009193
4009192
4009195
4009194
4009197
4009196
4009199
4009198
4009201
4009200
4009203
4009202
4009205
4009204
4009207
4009206
4009209
4009208
4009211
4009210
4009213
4009212
4009215
4009214
4009217
4009216
4009219
4009218
4009221
4009220
4009223
4009222
4009225
4009224
4009227
4009226
4009229
4009228
4009231
4009230
4009233
4009232
4009235
4009234
4009237
4009236
4009239
4009238
4009241
4009240
4009243
4009242
4009245
4009244
4009247
4009246
4009249
4009248
4009251
4009250
4009253
4009252
4009255
4009254
4009257
4009256
4009259
4009258
4009261
4009260
4009263
4009262
4009265
4009264
4009267
4009266
4009269
4009268
4009271
4009270
4009273
4009272
4009275
4009274
4009277
4009276
4009279
4009278
4009281
4009280
4009283
4009282
4009285
4009284
4009287
4009286
4009289
4009288
4009291
4009290
4009293
4009292
4009295
4009294
4009297
4009296
4009299
4009298
4009301
4009300
4009303
4009302
4009305
4009304
4009307
4009306
4009309
4009308
4009311
4009310
4009313
4009312
4009315
4009314
4009317
4009316
4009319
4009318
4009321
4009320
4009323
4009322
4009325
4009324
4009327
4009326
4009329
4009328
4009331
4009330
4009333
4009332
4009335
4009334
4009337
4009336
4009339
4009338
4009341
4009340
4009343
4009342
4009345
4009344
4009347
4009346
4009349
4009348
4009351
4009350
4009353
4009352
4009355
4009354
4009357
4009356
4009359
4009358
4009361
4009360
4009363
4009362
4009365
4009364
4009367
4009366
4009369
4009368
4009371
4009370
4009373
4009372
4008749
4009375
4009377
4009376
4009379
4009378
4009381
4009380
4009383
4009382
4009385
4009384
4009387
4009386
4009389
4009388
4009391
4009390
4009393
4009392
4009395
4009394
4009397
4009396
4009399
4009398
4009401
4009400
4009403
4009402
4009405
4009404
4009407
4009406
4009409
4009408
4009411
4009410
4009413
4009412
4009415
4009414
4009417
4009416
4009419
4009418
4009421
4009420
4009423
4009422
4009425
4009424
4009427
4009426
4009429
4009428
4009431
4009430
4009433
4009432
4009435
4009434
4009437
4009436
4009439
4009438
4009441
4009440
4009443
4009442
4009445
4009444
4009447
4009446
4009449
4009448
4009451
4009450
4009453
4009452
4009455
4009454
4009457
4009456
4009459
4009458
4009461
4009460
4009463
4009462
4009465
4009464
4009467
4009466
4009469
4009468
4009471
4009470
4009473
4009472
4009475
4009474
4009477
4009476
4009479
4009478
4009481
4009480
4009483
4009482
4009485
4009484
4009487
4009486
4009489
4009488
4009491
4009490
4009493
4009492
4009495
4009494
4009497
4009496
4009499
4009498
4009501
4009500
4009503
4009502
4009505
4009504
4009507
4009506
4009509
4009508
4009511
4009510
4009513
4009512
4009515
4009514
4009517
4009516
4009519
4009518
4009521
4009520
4009523
4009522
4009525
4009524
4009527
4009526
4009529
4009528
4009531
4009530
4009533
4009532
4009535
4009534
4009537
4009536
4009539
4009538
4009541
4009540
4009543
4009542
4009545
4009544
4009547
4009546
4009549
4009548
4009551
4009550
4009553
4009552
4009555
4009554
4009557
4009556
4009559
4009558
4009561
4009560
4009563
4009562
4009565
4009564
4009567
4009566
4009569
4009568
4009571
4009570
4009573
4009572
4009575
4009574
4009577
4009576
4009579
4009578
4009581
4009580
4009583
4009582
4009585
4009584
4009587
4009586
4009589
4009588
4009591
4009590
4009593
4009592
4009595
4009594
4009597
4009596
4009599
4009598
4009601
4009600
4009603
4009602
4009605
4009604
4009607
4009606
4009609
4009608
4009611
4009610
4009613
4009612
4009615
4009614
4009617
4009616
4009619
4009618
4009621
4009620
4009623
4009622
4009625
4009624
4009627
4009626
4009629
4009628
4009631
4009630
4009633
4009632
4009635
4009634
4009637
4009636
4009639
4009638
4009641
4009640
4009643
4009642
4009645
4009644
4009647
4009646
4009649
4009648
4009651
4009650
4009653
4009652
4009655
4009654
4009657
4009656
4009659
4009658
4009661
4009660
4009663
4009662
4009665
4009664
4009667
4009666
4009669
4009668
4009671
4009670
4009673
4009672
4009675
4009674
4009677
4009676
4009679
4009678
4009681
4009680
4009683
4009682
4009685
4009684
4009374
4009687
4009689
4009688
4009691
4009690
4009693
4009692
4009695
4009694
4009697
4009696
4009699
4009698
4009701
4009700
4009703
4009702
4009705
4009704
4009707
4009706
4009709
4009708
4009711
4009710
4009713
4009712
4009715
4009714
4009717
4009716
4009719
4009718
4009721
4009720
4009723
4009722
4009725
4009724
4009727
4009726
4009729
4009728
4009731
4009730
4009733
4009732
4009735
4009734
4009737
4009736
4009739
4009738
4009741
4009740
4009743
4009742
4009745
4009744
4009747
4009746
4009749
4009748
4009751
4009750
4009753
4009752
4009755
4009754
4009757
4009756
4009759
4009758
4009761
4009760
4009763
4009762
4009765
4009764
4009767
4009766
4009769
4009768
4009771
4009770
4009773
4009772
4009775
4009774
4009777
4009776
4009779
4009778
4009781
4009780
4009783
4009782
4009785
4009784
4009787
4009786
4009789
4009788
4009791
4009790
4009793
4009792
4009795
4009794
4009797
4009796
4009799
4009798
4009801
4009800
4009803
4009802
4009805
4009804
4009807
4009806
4009809
4009808
4009811
4009810
4009813
4009812
4009815
4009814
4009817
4009816
4009819
4009818
4009821
4009820
4009823
4009822
4009825
4009824
4009827
4009826
4009829
4009828
4009831
4009830
4009833
4009832
4009835
4009834
4009837
4009836
4009839
4009838
4009841
4009840
4009686
4009843
4009845
4009844
4009847
4009846
4009849
4009848
4009851
4009850
4009853
4009852
4009855
4009854
4009857
4009856
4009859
4009858
4009861
4009860
4009863
4009862
4009865
4009864
4009867
4009866
4009869
4009868
4009871
4009870
4009873
4009872
4009875
4009874
4009877
4009876
4009879
4009878
4009881
4009880
4009883
4009882
4009885
4009884
4009887
4009886
4009889
4009888
4009891
4009890
4009893
4009892
4009895
4009894
4009897
4009896
4009899
4009898
4009901
4009900
4009903
4009902
4009905
4009904
4009907
4009906
4009909
4009908
4009911
4009910
4009913
4009912
4009915
4009914
4009917
4009916
4009919
4009918
4009842
4009922
4009921
4009924
4009923
4009926
4009925
4009928
4009927
4009930
4009929
4009932
4009931
4009934
4009933
4009936
4009935
4009938
4009937
4009940
4009939
4009942
4009941
4009944
4009943
4009946
4009945
4009948
4009947
4009950
4009949
4009952
4009951
4009954
4009953
4009956
4009955
4009958
4009957
4009920
4009960
4009962
4009961
4009964
4009963
4009966
4009965
4009968
4009967
4009970
4009969
4009972
4009971
4009974
4009973
4009976
4009975
4009978
4009977
4009959
4009980
4009982
4009981
4009984
4009983
4009986
4009985
4009988
4009987
4009979
4009991
4009990
4009993
4009992
4009989
4009995
4009994
4009996
4009997
4009998
4009999
