10000
2000000
1999999
1999998
1999997
1999996
1999995
1999994
1999993
1999992
1999991
1999990
1999989
1999988
1999987
1999986
1999985
1999984
1999983
1999982
1999981
1999980
1999979
1999978
1999977
1999976
1999975
1999974
1999973
1999972
1999971
1999970
1999969
1999968
1999967
1999966
1999965
1999964
1999963
1999962
1999961
1999960
1999959
1999958
1999957
1999956
1999955
1999954
1999953
1999952
1999951
1999950
1999949
1999948
1999947
1999946
1999945
1999944
1999943
1999942
1999941
1999940
1999939
1999938
1999937
1999936
1999935
1999934
1999933
1999932
1999931
1999930
1999929
1999928
1999927
1999926
1999925
1999924
1999923
1999922
1999921
1999920
1999919
1999918
1999917
1999916
1999915
1999914
1999913
1999912
1999911
1999910
1999909
1999908
1999907
1999906
1999905
1999904
1999903
1999902
1999901
1999900
1999899
1999898
1999897
1999896
1999895
1999894
1999893
1999892
1999891
1999890
1999889
1999888
1999887
1999886
1999885
1999884
1999883
1999882
1999881
1999880
1999879
1999878
1999877
1999876
1999875
1999874
1999873
1999872
1999871
1999870
1999869
1999868
1999867
1999866
1999865
1999864
1999863
1999862
1999861
1999860
1999859
1999858
1999857
1999856
1999855
1999854
1999853
1999852
1999851
1999850
1999849
1999848
1999847
1999846
1999845
1999844
1999843
1999842
1999841
1999840
1999839
1999838
1999837
1999836
1999835
1999834
1999833
1999832
1999831
1999830
1999829
1999828
1999827
1999826
1999825
1999824
1999823
1999822
1999821
1999820
1999819
1999818
1999817
1999816
1999815
1999814
1999813
1999812
1999811
1999810
1999809
1999808
1999807
1999806
1999805
1999804
1999803
1999802
1999801
1999800
1999799
1999798
1999797
1999796
1999795
1999794
1999793
1999792
1999791
1999790
1999789
1999788
1999787
1999786
1999785
1999784
1999783
1999782
1999781
1999780
1999779
1999778
1999777
1999776
1999775
1999774
1999773
1999772
1999771
1999770
1999769
1999768
1999767
1999766
1999765
1999764
1999763
1999762
1999761
1999760
1999759
1999758
1999757
1999756
1999755
1999754
1999753
1999752
1999751
1999750
1999749
1999748
1999747
1999746
1999745
1999744
1999743
1999742
1999741
1999740
1999739
1999738
1999737
1999736
1999735
1999734
1999733
1999732
1999731
1999730
1999729
1999728
1999727
1999726
1999725
1999724
1999723
1999722
1999721
1999720
1999719
1999718
1999717
1999716
1999715
1999714
1999713
1999712
1999711
1999710
1999709
1999708
1999707
1999706
1999705
1999704
1999703
1999702
1999701
1999700
1999699
1999698
1999697
1999696
1999695
1999694
1999693
1999692
1999691
1999690
1999689
1999688
1999687
1999686
1999685
1999684
1999683
1999682
1999681
1999680
1999679
1999678
1999677
1999676
1999675
1999674
1999673
1999672
1999671
1999670
1999669
1999668
1999667
1999666
1999665
1999664
1999663
1999662
1999661
1999660
1999659
1999658
1999657
1999656
1999655
1999654
1999653
1999652
1999651
1999650
1999649
1999648
1999647
1999646
1999645
1999644
1999643
1999642
1999641
1999640
1999639
1999638
1999637
1999636
1999635
1999634
1999633
1999632
1999631
1999630
1999629
1999628
1999627
1999626
1999625
1999624
1999623
1999622
1999621
1999620
1999619
1999618
1999617
1999616
1999615
1999614
1999613
1999612
1999611
1999610
1999609
1999608
1999607
1999606
1999605
1999604
1999603
1999602
1999601
1999600
1999599
1999598
1999597
1999596
1999595
1999594
1999593
1999592
1999591
1999590
1999589
1999588
1999587
1999586
1999585
1999584
1999583
1999582
1999581
1999580
1999579
1999578
1999577
1999576
1999575
1999574
1999573
1999572
1999571
1999570
1999569
1999568
1999567
1999566
1999565
1999564
1999563
1999562
1999561
1999560
1999559
1999558
1999557
1999556
1999555
1999554
1999553
1999552
1999551
1999550
1999549
1999548
1999547
1999546
1999545
1999544
1999543
1999542
1999541
1999540
1999539
1999538
1999537
1999536
1999535
1999534
1999533
1999532
1999531
1999530
1999529
1999528
1999527
1999526
1999525
1999524
1999523
1999522
1999521
1999520
1999519
1999518
1999517
1999516
1999515
1999514
1999513
1999512
1999511
1999510
1999509
1999508
1999507
1999506
1999505
1999504
1999503
1999502
1999501
1999500
1999499
1999498
1999497
1999496
1999495
1999494
1999493
1999492
1999491
1999490
1999489
1999488
1999487
1999486
1999485
1999484
1999483
1999482
1999481
1999480
1999479
1999478
1999477
1999476
1999475
1999474
1999473
1999472
1999471
1999470
1999469
1999468
1999467
1999466
1999465
1999464
1999463
1999462
1999461
1999460
1999459
1999458
1999457
1999456
1999455
1999454
1999453
1999452
1999451
1999450
1999449
1999448
1999447
1999446
1999445
1999444
1999443
1999442
1999441
1999440
1999439
1999438
1999437
1999436
1999435
1999434
1999433
1999432
1999431
1999430
1999429
1999428
1999427
1999426
1999425
1999424
1999423
1999422
1999421
1999420
1999419
1999418
1999417
1999416
1999415
1999414
1999413
1999412
1999411
1999410
1999409
1999408
1999407
1999406
1999405
1999404
1999403
1999402
1999401
1999400
1999399
1999398
1999397
1999396
1999395
1999394
1999393
1999392
1999391
1999390
1999389
1999388
1999387
1999386
1999385
1999384
1999383
1999382
1999381
1999380
1999379
1999378
1999377
1999376
1999375
1999374
1999373
1999372
1999371
1999370
1999369
1999368
1999367
1999366
1999365
1999364
1999363
1999362
1999361
1999360
1999359
1999358
1999357
1999356
1999355
1999354
1999353
1999352
1999351
1999350
1999349
1999348
1999347
1999346
1999345
1999344
1999343
1999342
1999341
1999340
1999339
1999338
1999337
1999336
1999335
1999334
1999333
1999332
1999331
1999330
1999329
1999328
1999327
1999326
1999325
1999324
1999323
1999322
1999321
1999320
1999319
1999318
1999317
1999316
1999315
1999314
1999313
1999312
1999311
1999310
1999309
1999308
1999307
1999306
1999305
1999304
1999303
1999302
1999301
1999300
1999299
1999298
1999297
1999296
1999295
1999294
1999293
1999292
1999291
1999290
1999289
1999288
1999287
1999286
1999285
1999284
1999283
1999282
1999281
1999280
1999279
1999278
1999277
1999276
1999275
1999274
1999273
1999272
1999271
1999270
1999269
1999268
1999267
1999266
1999265
1999264
1999263
1999262
1999261
1999260
1999259
1999258
1999257
1999256
1999255
1999254
1999253
1999252
1999251
1999250
1999249
1999248
1999247
1999246
1999245
1999244
1999243
1999242
1999241
1999240
1999239
1999238
1999237
1999236
1999235
1999234
1999233
1999232
1999231
1999230
1999229
1999228
1999227
1999226
1999225
1999224
1999223
1999222
1999221
1999220
1999219
1999218
1999217
1999216
1999215
1999214
1999213
1999212
1999211
1999210
1999209
1999208
1999207
1999206
1999205
1999204
1999203
1999202
1999201
1999200
1999199
1999198
1999197
1999196
1999195
1999194
1999193
1999192
1999191
1999190
1999189
1999188
1999187
1999186
1999185
1999184
1999183
1999182
1999181
1999180
1999179
1999178
1999177
1999176
1999175
1999174
1999173
1999172
1999171
1999170
1999169
1999168
1999167
1999166
1999165
1999164
1999163
1999162
1999161
1999160
1999159
1999158
1999157
1999156
1999155
1999154
1999153
1999152
1999151
1999150
1999149
1999148
1999147
1999146
1999145
1999144
1999143
1999142
1999141
1999140
1999139
1999138
1999137
1999136
1999135
1999134
1999133
1999132
1999131
1999130
1999129
1999128
1999127
1999126
1999125
1999124
1999123
1999122
1999121
1999120
1999119
1999118
1999117
1999116
1999115
1999114
1999113
1999112
1999111
1999110
1999109
1999108
1999107
1999106
1999105
1999104
1999103
1999102
1999101
1999100
1999099
1999098
1999097
1999096
1999095
1999094
1999093
1999092
1999091
1999090
1999089
1999088
1999087
1999086
1999085
1999084
1999083
1999082
1999081
1999080
1999079
1999078
1999077
1999076
1999075
1999074
1999073
1999072
1999071
1999070
1999069
1999068
1999067
1999066
1999065
1999064
1999063
1999062
1999061
1999060
1999059
1999058
1999057
1999056
1999055
1999054
1999053
1999052
1999051
1999050
1999049
1999048
1999047
1999046
1999045
1999044
1999043
1999042
1999041
1999040
1999039
1999038
1999037
1999036
1999035
1999034
1999033
1999032
1999031
1999030
1999029
1999028
1999027
1999026
1999025
1999024
1999023
1999022
1999021
1999020
1999019
1999018
1999017
1999016
1999015
1999014
1999013
1999012
1999011
1999010
1999009
1999008
1999007
1999006
1999005
1999004
1999003
1999002
1999001
1999000
1998999
1998998
1998997
1998996
1998995
1998994
1998993
1998992
1998991
1998990
1998989
1998988
1998987
1998986
1998985
1998984
1998983
1998982
1998981
1998980
1998979
1998978
1998977
1998976
1998975
1998974
1998973
1998972
1998971
1998970
1998969
1998968
1998967
1998966
1998965
1998964
1998963
1998962
1998961
1998960
1998959
1998958
1998957
1998956
1998955
1998954
1998953
1998952
1998951
1998950
1998949
1998948
1998947
1998946
1998945
1998944
1998943
1998942
1998941
1998940
1998939
1998938
1998937
1998936
1998935
1998934
1998933
1998932
1998931
1998930
1998929
1998928
1998927
1998926
1998925
1998924
1998923
1998922
1998921
1998920
1998919
1998918
1998917
1998916
1998915
1998914
1998913
1998912
1998911
1998910
1998909
1998908
1998907
1998906
1998905
1998904
1998903
1998902
1998901
1998900
1998899
1998898
1998897
1998896
1998895
1998894
1998893
1998892
1998891
1998890
1998889
1998888
1998887
1998886
1998885
1998884
1998883
1998882
1998881
1998880
1998879
1998878
1998877
1998876
1998875
1998874
1998873
1998872
1998871
1998870
1998869
1998868
1998867
1998866
1998865
1998864
1998863
1998862
1998861
1998860
1998859
1998858
1998857
1998856
1998855
1998854
1998853
1998852
1998851
1998850
1998849
1998848
1998847
1998846
1998845
1998844
1998843
1998842
1998841
1998840
1998839
1998838
1998837
1998836
1998835
1998834
1998833
1998832
1998831
1998830
1998829
1998828
1998827
1998826
1998825
1998824
1998823
1998822
1998821
1998820
1998819
1998818
1998817
1998816
1998815
1998814
1998813
1998812
1998811
1998810
1998809
1998808
1998807
1998806
1998805
1998804
1998803
1998802
1998801
1998800
1998799
1998798
1998797
1998796
1998795
1998794
1998793
1998792
1998791
1998790
1998789
1998788
1998787
1998786
1998785
1998784
1998783
1998782
1998781
1998780
1998779
1998778
1998777
1998776
1998775
1998774
1998773
1998772
1998771
1998770
1998769
1998768
1998767
1998766
1998765
1998764
1998763
1998762
1998761
1998760
1998759
1998758
1998757
1998756
1998755
1998754
1998753
1998752
1998751
1998750
1998749
1998748
1998747
1998746
1998745
1998744
1998743
1998742
1998741
1998740
1998739
1998738
1998737
1998736
1998735
1998734
1998733
1998732
1998731
1998730
1998729
1998728
1998727
1998726
1998725
1998724
1998723
1998722
1998721
1998720
1998719
1998718
1998717
1998716
1998715
1998714
1998713
1998712
1998711
1998710
1998709
1998708
1998707
1998706
1998705
1998704
1998703
1998702
1998701
1998700
1998699
1998698
1998697
1998696
1998695
1998694
1998693
1998692
1998691
1998690
1998689
1998688
1998687
1998686
1998685
1998684
1998683
1998682
1998681
1998680
1998679
1998678
1998677
1998676
1998675
1998674
1998673
1998672
1998671
1998670
1998669
1998668
1998667
1998666
1998665
1998664
1998663
1998662
1998661
1998660
1998659
1998658
1998657
1998656
1998655
1998654
1998653
1998652
1998651
1998650
1998649
1998648
1998647
1998646
1998645
1998644
1998643
1998642
1998641
1998640
1998639
1998638
1998637
1998636
1998635
1998634
1998633
1998632
1998631
1998630
1998629
1998628
1998627
1998626
1998625
1998624
1998623
1998622
1998621
1998620
1998619
1998618
1998617
1998616
1998615
1998614
1998613
1998612
1998611
1998610
1998609
1998608
1998607
1998606
1998605
1998604
1998603
1998602
1998601
1998600
1998599
1998598
1998597
1998596
1998595
1998594
1998593
1998592
1998591
1998590
1998589
1998588
1998587
1998586
1998585
1998584
1998583
1998582
1998581
1998580
1998579
1998578
1998577
1998576
1998575
1998574
1998573
1998572
1998571
1998570
1998569
1998568
1998567
1998566
1998565
1998564
1998563
1998562
1998561
1998560
1998559
1998558
1998557
1998556
1998555
1998554
1998553
1998552
1998551
1998550
1998549
1998548
1998547
1998546
1998545
1998544
1998543
1998542
1998541
1998540
1998539
1998538
1998537
1998536
1998535
1998534
1998533
1998532
1998531
1998530
1998529
1998528
1998527
1998526
1998525
1998524
1998523
1998522
1998521
1998520
1998519
1998518
1998517
1998516
1998515
1998514
1998513
1998512
1998511
1998510
1998509
1998508
1998507
1998506
1998505
1998504
1998503
1998502
1998501
1998500
1998499
1998498
1998497
1998496
1998495
1998494
1998493
1998492
1998491
1998490
1998489
1998488
1998487
1998486
1998485
1998484
1998483
1998482
1998481
1998480
1998479
1998478
1998477
1998476
1998475
1998474
1998473
1998472
1998471
1998470
1998469
1998468
1998467
1998466
1998465
1998464
1998463
1998462
1998461
1998460
1998459
1998458
1998457
1998456
1998455
1998454
1998453
1998452
1998451
1998450
1998449
1998448
1998447
1998446
1998445
1998444
1998443
1998442
1998441
1998440
1998439
1998438
1998437
1998436
1998435
1998434
1998433
1998432
1998431
1998430
1998429
1998428
1998427
1998426
1998425
1998424
1998423
1998422
1998421
1998420
1998419
1998418
1998417
1998416
1998415
1998414
1998413
1998412
1998411
1998410
1998409
1998408
1998407
1998406
1998405
1998404
1998403
1998402
1998401
1998400
1998399
1998398
1998397
1998396
1998395
1998394
1998393
1998392
1998391
1998390
1998389
1998388
1998387
1998386
1998385
1998384
1998383
1998382
1998381
1998380
1998379
1998378
1998377
1998376
1998375
1998374
1998373
1998372
1998371
1998370
1998369
1998368
1998367
1998366
1998365
1998364
1998363
1998362
1998361
1998360
1998359
1998358
1998357
1998356
1998355
1998354
1998353
1998352
1998351
1998350
1998349
1998348
1998347
1998346
1998345
1998344
1998343
1998342
1998341
1998340
1998339
1998338
1998337
1998336
1998335
1998334
1998333
1998332
1998331
1998330
1998329
1998328
1998327
1998326
1998325
1998324
1998323
1998322
1998321
1998320
1998319
1998318
1998317
1998316
1998315
1998314
1998313
1998312
1998311
1998310
1998309
1998308
1998307
1998306
1998305
1998304
1998303
1998302
1998301
1998300
1998299
1998298
1998297
1998296
1998295
1998294
1998293
1998292
1998291
1998290
1998289
1998288
1998287
1998286
1998285
1998284
1998283
1998282
1998281
1998280
1998279
1998278
1998277
1998276
1998275
1998274
1998273
1998272
1998271
1998270
1998269
1998268
1998267
1998266
1998265
1998264
1998263
1998262
1998261
1998260
1998259
1998258
1998257
1998256
1998255
1998254
1998253
1998252
1998251
1998250
1998249
1998248
1998247
1998246
1998245
1998244
1998243
1998242
1998241
1998240
1998239
1998238
1998237
1998236
1998235
1998234
1998233
1998232
1998231
1998230
1998229
1998228
1998227
1998226
1998225
1998224
1998223
1998222
1998221
1998220
1998219
1998218
1998217
1998216
1998215
1998214
1998213
1998212
1998211
1998210
1998209
1998208
1998207
1998206
1998205
1998204
1998203
1998202
1998201
1998200
1998199
1998198
1998197
1998196
1998195
1998194
1998193
1998192
1998191
1998190
1998189
1998188
1998187
1998186
1998185
1998184
1998183
1998182
1998181
1998180
1998179
1998178
1998177
1998176
1998175
1998174
1998173
1998172
1998171
1998170
1998169
1998168
1998167
1998166
1998165
1998164
1998163
1998162
1998161
1998160
1998159
1998158
1998157
1998156
1998155
1998154
1998153
1998152
1998151
1998150
1998149
1998148
1998147
1998146
1998145
1998144
1998143
1998142
1998141
1998140
1998139
1998138
1998137
1998136
1998135
1998134
1998133
1998132
1998131
1998130
1998129
1998128
1998127
1998126
1998125
1998124
1998123
1998122
1998121
1998120
1998119
1998118
1998117
1998116
1998115
1998114
1998113
1998112
1998111
1998110
1998109
1998108
1998107
1998106
1998105
1998104
1998103
1998102
1998101
1998100
1998099
1998098
1998097
1998096
1998095
1998094
1998093
1998092
1998091
1998090
1998089
1998088
1998087
1998086
1998085
1998084
1998083
1998082
1998081
1998080
1998079
1998078
1998077
1998076
1998075
1998074
1998073
1998072
1998071
1998070
1998069
1998068
1998067
1998066
1998065
1998064
1998063
1998062
1998061
1998060
1998059
1998058
1998057
1998056
1998055
1998054
1998053
1998052
1998051
1998050
1998049
1998048
1998047
1998046
1998045
1998044
1998043
1998042
1998041
1998040
1998039
1998038
1998037
1998036
1998035
1998034
1998033
1998032
1998031
1998030
1998029
1998028
1998027
1998026
1998025
1998024
1998023
1998022
1998021
1998020
1998019
1998018
1998017
1998016
1998015
1998014
1998013
1998012
1998011
1998010
1998009
1998008
1998007
1998006
1998005
1998004
1998003
1998002
1998001
1998000
1997999
1997998
1997997
1997996
1997995
1997994
1997993
1997992
1997991
1997990
1997989
1997988
1997987
1997986
1997985
1997984
1997983
1997982
1997981
1997980
1997979
1997978
1997977
1997976
1997975
1997974
1997973
1997972
1997971
1997970
1997969
1997968
1997967
1997966
1997965
1997964
1997963
1997962
1997961
1997960
1997959
1997958
1997957
1997956
1997955
1997954
1997953
1997952
1997951
1997950
1997949
1997948
1997947
1997946
1997945
1997944
1997943
1997942
1997941
1997940
1997939
1997938
1997937
1997936
1997935
1997934
1997933
1997932
1997931
1997930
1997929
1997928
1997927
1997926
1997925
1997924
1997923
1997922
1997921
1997920
1997919
1997918
1997917
1997916
1997915
1997914
1997913
1997912
1997911
1997910
1997909
1997908
1997907
1997906
1997905
1997904
1997903
1997902
1997901
1997900
1997899
1997898
1997897
1997896
1997895
1997894
1997893
1997892
1997891
1997890
1997889
1997888
1997887
1997886
1997885
1997884
1997883
1997882
1997881
1997880
1997879
1997878
1997877
1997876
1997875
1997874
1997873
1997872
1997871
1997870
1997869
1997868
1997867
1997866
1997865
1997864
1997863
1997862
1997861
1997860
1997859
1997858
1997857
1997856
1997855
1997854
1997853
1997852
1997851
1997850
1997849
1997848
1997847
1997846
1997845
1997844
1997843
1997842
1997841
1997840
1997839
1997838
1997837
1997836
1997835
1997834
1997833
1997832
1997831
1997830
1997829
1997828
1997827
1997826
1997825
1997824
1997823
1997822
1997821
1997820
1997819
1997818
1997817
1997816
1997815
1997814
1997813
1997812
1997811
1997810
1997809
1997808
1997807
1997806
1997805
1997804
1997803
1997802
1997801
1997800
1997799
1997798
1997797
1997796
1997795
1997794
1997793
1997792
1997791
1997790
1997789
1997788
1997787
1997786
1997785
1997784
1997783
1997782
1997781
1997780
1997779
1997778
1997777
1997776
1997775
1997774
1997773
1997772
1997771
1997770
1997769
1997768
1997767
1997766
1997765
1997764
1997763
1997762
1997761
1997760
1997759
1997758
1997757
1997756
1997755
1997754
1997753
1997752
1997751
1997750
1997749
1997748
1997747
1997746
1997745
1997744
1997743
1997742
1997741
1997740
1997739
1997738
1997737
1997736
1997735
1997734
1997733
1997732
1997731
1997730
1997729
1997728
1997727
1997726
1997725
1997724
1997723
1997722
1997721
1997720
1997719
1997718
1997717
1997716
1997715
1997714
1997713
1997712
1997711
1997710
1997709
1997708
1997707
1997706
1997705
1997704
1997703
1997702
1997701
1997700
1997699
1997698
1997697
1997696
1997695
1997694
1997693
1997692
1997691
1997690
1997689
1997688
1997687
1997686
1997685
1997684
1997683
1997682
1997681
1997680
1997679
1997678
1997677
1997676
1997675
1997674
1997673
1997672
1997671
1997670
1997669
1997668
1997667
1997666
1997665
1997664
1997663
1997662
1997661
1997660
1997659
1997658
1997657
1997656
1997655
1997654
1997653
1997652
1997651
1997650
1997649
1997648
1997647
1997646
1997645
1997644
1997643
1997642
1997641
1997640
1997639
1997638
1997637
1997636
1997635
1997634
1997633
1997632
1997631
1997630
1997629
1997628
1997627
1997626
1997625
1997624
1997623
1997622
1997621
1997620
1997619
1997618
1997617
1997616
1997615
1997614
1997613
1997612
1997611
1997610
1997609
1997608
1997607
1997606
1997605
1997604
1997603
1997602
1997601
1997600
1997599
1997598
1997597
1997596
1997595
1997594
1997593
1997592
1997591
1997590
1997589
1997588
1997587
1997586
1997585
1997584
1997583
1997582
1997581
1997580
1997579
1997578
1997577
1997576
1997575
1997574
1997573
1997572
1997571
1997570
1997569
1997568
1997567
1997566
1997565
1997564
1997563
1997562
1997561
1997560
1997559
1997558
1997557
1997556
1997555
1997554
1997553
1997552
1997551
1997550
1997549
1997548
1997547
1997546
1997545
1997544
1997543
1997542
1997541
1997540
1997539
1997538
1997537
1997536
1997535
1997534
1997533
1997532
1997531
1997530
1997529
1997528
1997527
1997526
1997525
1997524
1997523
1997522
1997521
1997520
1997519
1997518
1997517
1997516
1997515
1997514
1997513
1997512
1997511
1997510
1997509
1997508
1997507
1997506
1997505
1997504
1997503
1997502
1997501
1997500
1997499
1997498
1997497
1997496
1997495
1997494
1997493
1997492
1997491
1997490
1997489
1997488
1997487
1997486
1997485
1997484
1997483
1997482
1997481
1997480
1997479
1997478
1997477
1997476
1997475
1997474
1997473
1997472
1997471
1997470
1997469
1997468
1997467
1997466
1997465
1997464
1997463
1997462
1997461
1997460
1997459
1997458
1997457
1997456
1997455
1997454
1997453
1997452
1997451
1997450
1997449
1997448
1997447
1997446
1997445
1997444
1997443
1997442
1997441
1997440
1997439
1997438
1997437
1997436
1997435
1997434
1997433
1997432
1997431
1997430
1997429
1997428
1997427
1997426
1997425
1997424
1997423
1997422
1997421
1997420
1997419
1997418
1997417
1997416
1997415
1997414
1997413
1997412
1997411
1997410
1997409
1997408
1997407
1997406
1997405
1997404
1997403
1997402
1997401
1997400
1997399
1997398
1997397
1997396
1997395
1997394
1997393
1997392
1997391
1997390
1997389
1997388
1997387
1997386
1997385
1997384
1997383
1997382
1997381
1997380
1997379
1997378
1997377
1997376
1997375
1997374
1997373
1997372
1997371
1997370
1997369
1997368
1997367
1997366
1997365
1997364
1997363
1997362
1997361
1997360
1997359
1997358
1997357
1997356
1997355
1997354
1997353
1997352
1997351
1997350
1997349
1997348
1997347
1997346
1997345
1997344
1997343
1997342
1997341
1997340
1997339
1997338
1997337
1997336
1997335
1997334
1997333
1997332
1997331
1997330
1997329
1997328
1997327
1997326
1997325
1997324
1997323
1997322
1997321
1997320
1997319
1997318
1997317
1997316
1997315
1997314
1997313
1997312
1997311
1997310
1997309
1997308
1997307
1997306
1997305
1997304
1997303
1997302
1997301
1997300
1997299
1997298
1997297
1997296
1997295
1997294
1997293
1997292
1997291
1997290
1997289
1997288
1997287
1997286
1997285
1997284
1997283
1997282
1997281
1997280
1997279
1997278
1997277
1997276
1997275
1997274
1997273
1997272
1997271
1997270
1997269
1997268
1997267
1997266
1997265
1997264
1997263
1997262
1997261
1997260
1997259
1997258
1997257
1997256
1997255
1997254
1997253
1997252
1997251
1997250
1997249
1997248
1997247
1997246
1997245
1997244
1997243
1997242
1997241
1997240
1997239
1997238
1997237
1997236
1997235
1997234
1997233
1997232
1997231
1997230
1997229
1997228
1997227
1997226
1997225
1997224
1997223
1997222
1997221
1997220
1997219
1997218
1997217
1997216
1997215
1997214
1997213
1997212
1997211
1997210
1997209
1997208
1997207
1997206
1997205
1997204
1997203
1997202
1997201
1997200
1997199
1997198
1997197
1997196
1997195
1997194
1997193
1997192
1997191
1997190
1997189
1997188
1997187
1997186
1997185
1997184
1997183
1997182
1997181
1997180
1997179
1997178
1997177
1997176
1997175
1997174
1997173
1997172
1997171
1997170
1997169
1997168
1997167
1997166
1997165
1997164
1997163
1997162
1997161
1997160
1997159
1997158
1997157
1997156
1997155
1997154
1997153
1997152
1997151
1997150
1997149
1997148
1997147
1997146
1997145
1997144
1997143
1997142
1997141
1997140
1997139
1997138
1997137
1997136
1997135
1997134
1997133
1997132
1997131
1997130
1997129
1997128
1997127
1997126
1997125
1997124
1997123
1997122
1997121
1997120
1997119
1997118
1997117
1997116
1997115
1997114
1997113
1997112
1997111
1997110
1997109
1997108
1997107
1997106
1997105
1997104
1997103
1997102
1997101
1997100
1997099
1997098
1997097
1997096
1997095
1997094
1997093
1997092
1997091
1997090
1997089
1997088
1997087
1997086
1997085
1997084
1997083
1997082
1997081
1997080
1997079
1997078
1997077
1997076
1997075
1997074
1997073
1997072
1997071
1997070
1997069
1997068
1997067
1997066
1997065
1997064
1997063
1997062
1997061
1997060
1997059
1997058
1997057
1997056
1997055
1997054
1997053
1997052
1997051
1997050
1997049
1997048
1997047
1997046
1997045
1997044
1997043
1997042
1997041
1997040
1997039
1997038
1997037
1997036
1997035
1997034
1997033
1997032
1997031
1997030
1997029
1997028
1997027
1997026
1997025
1997024
1997023
1997022
1997021
1997020
1997019
1997018
1997017
1997016
1997015
1997014
1997013
1997012
1997011
1997010
1997009
1997008
1997007
1997006
1997005
1997004
1997003
1997002
1997001
1997000
1996999
1996998
1996997
1996996
1996995
1996994
1996993
1996992
1996991
1996990
1996989
1996988
1996987
1996986
1996985
1996984
1996983
1996982
1996981
1996980
1996979
1996978
1996977
1996976
1996975
1996974
1996973
1996972
1996971
1996970
1996969
1996968
1996967
1996966
1996965
1996964
1996963
1996962
1996961
1996960
1996959
1996958
1996957
1996956
1996955
1996954
1996953
1996952
1996951
1996950
1996949
1996948
1996947
1996946
1996945
1996944
1996943
1996942
1996941
1996940
1996939
1996938
1996937
1996936
1996935
1996934
1996933
1996932
1996931
1996930
1996929
1996928
1996927
1996926
1996925
1996924
1996923
1996922
1996921
1996920
1996919
1996918
1996917
1996916
1996915
1996914
1996913
1996912
1996911
1996910
1996909
1996908
1996907
1996906
1996905
1996904
1996903
1996902
1996901
1996900
1996899
1996898
1996897
1996896
1996895
1996894
1996893
1996892
1996891
1996890
1996889
1996888
1996887
1996886
1996885
1996884
1996883
1996882
1996881
1996880
1996879
1996878
1996877
1996876
1996875
1996874
1996873
1996872
1996871
1996870
1996869
1996868
1996867
1996866
1996865
1996864
1996863
1996862
1996861
1996860
1996859
1996858
1996857
1996856
1996855
1996854
1996853
1996852
1996851
1996850
1996849
1996848
1996847
1996846
1996845
1996844
1996843
1996842
1996841
1996840
1996839
1996838
1996837
1996836
1996835
1996834
1996833
1996832
1996831
1996830
1996829
1996828
1996827
1996826
1996825
1996824
1996823
1996822
1996821
1996820
1996819
1996818
1996817
1996816
1996815
1996814
1996813
1996812
1996811
1996810
1996809
1996808
1996807
1996806
1996805
1996804
1996803
1996802
1996801
1996800
1996799
1996798
1996797
1996796
1996795
1996794
1996793
1996792
1996791
1996790
1996789
1996788
1996787
1996786
1996785
1996784
1996783
1996782
1996781
1996780
1996779
1996778
1996777
1996776
1996775
1996774
1996773
1996772
1996771
1996770
1996769
1996768
1996767
1996766
1996765
1996764
1996763
1996762
1996761
1996760
1996759
1996758
1996757
1996756
1996755
1996754
1996753
1996752
1996751
1996750
1996749
1996748
1996747
1996746
1996745
1996744
1996743
1996742
1996741
1996740
1996739
1996738
1996737
1996736
1996735
1996734
1996733
1996732
1996731
1996730
1996729
1996728
1996727
1996726
1996725
1996724
1996723
1996722
1996721
1996720
1996719
1996718
1996717
1996716
1996715
1996714
1996713
1996712
1996711
1996710
1996709
1996708
1996707
1996706
1996705
1996704
1996703
1996702
1996701
1996700
1996699
1996698
1996697
1996696
1996695
1996694
1996693
1996692
1996691
1996690
1996689
1996688
1996687
1996686
1996685
1996684
1996683
1996682
1996681
1996680
1996679
1996678
1996677
1996676
1996675
1996674
1996673
1996672
1996671
1996670
1996669
1996668
1996667
1996666
1996665
1996664
1996663
1996662
1996661
1996660
1996659
1996658
1996657
1996656
1996655
1996654
1996653
1996652
1996651
1996650
1996649
1996648
1996647
1996646
1996645
1996644
1996643
1996642
1996641
1996640
1996639
1996638
1996637
1996636
1996635
1996634
1996633
1996632
1996631
1996630
1996629
1996628
1996627
1996626
1996625
1996624
1996623
1996622
1996621
1996620
1996619
1996618
1996617
1996616
1996615
1996614
1996613
1996612
1996611
1996610
1996609
1996608
1996607
1996606
1996605
1996604
1996603
1996602
1996601
1996600
1996599
1996598
1996597
1996596
1996595
1996594
1996593
1996592
1996591
1996590
1996589
1996588
1996587
1996586
1996585
1996584
1996583
1996582
1996581
1996580
1996579
1996578
1996577
1996576
1996575
1996574
1996573
1996572
1996571
1996570
1996569
1996568
1996567
1996566
1996565
1996564
1996563
1996562
1996561
1996560
1996559
1996558
1996557
1996556
1996555
1996554
1996553
1996552
1996551
1996550
1996549
1996548
1996547
1996546
1996545
1996544
1996543
1996542
1996541
1996540
1996539
1996538
1996537
1996536
1996535
1996534
1996533
1996532
1996531
1996530
1996529
1996528
1996527
1996526
1996525
1996524
1996523
1996522
1996521
1996520
1996519
1996518
1996517
1996516
1996515
1996514
1996513
1996512
1996511
1996510
1996509
1996508
1996507
1996506
1996505
1996504
1996503
1996502
1996501
1996500
1996499
1996498
1996497
1996496
1996495
1996494
1996493
1996492
1996491
1996490
1996489
1996488
1996487
1996486
1996485
1996484
1996483
1996482
1996481
1996480
1996479
1996478
1996477
1996476
1996475
1996474
1996473
1996472
1996471
1996470
1996469
1996468
1996467
1996466
1996465
1996464
1996463
1996462
1996461
1996460
1996459
1996458
1996457
1996456
1996455
1996454
1996453
1996452
1996451
1996450
1996449
1996448
1996447
1996446
1996445
1996444
1996443
1996442
1996441
1996440
1996439
1996438
1996437
1996436
1996435
1996434
1996433
1996432
1996431
1996430
1996429
1996428
1996427
1996426
1996425
1996424
1996423
1996422
1996421
1996420
1996419
1996418
1996417
1996416
1996415
1996414
1996413
1996412
1996411
1996410
1996409
1996408
1996407
1996406
1996405
1996404
1996403
1996402
1996401
1996400
1996399
1996398
1996397
1996396
1996395
1996394
1996393
1996392
1996391
1996390
1996389
1996388
1996387
1996386
1996385
1996384
1996383
1996382
1996381
1996380
1996379
1996378
1996377
1996376
1996375
1996374
1996373
1996372
1996371
1996370
1996369
1996368
1996367
1996366
1996365
1996364
1996363
1996362
1996361
1996360
1996359
1996358
1996357
1996356
1996355
1996354
1996353
1996352
1996351
1996350
1996349
1996348
1996347
1996346
1996345
1996344
1996343
1996342
1996341
1996340
1996339
1996338
1996337
1996336
1996335
1996334
1996333
1996332
1996331
1996330
1996329
1996328
1996327
1996326
1996325
1996324
1996323
1996322
1996321
1996320
1996319
1996318
1996317
1996316
1996315
1996314
1996313
1996312
1996311
1996310
1996309
1996308
1996307
1996306
1996305
1996304
1996303
1996302
1996301
1996300
1996299
1996298
1996297
1996296
1996295
1996294
1996293
1996292
1996291
1996290
1996289
1996288
1996287
1996286
1996285
1996284
1996283
1996282
1996281
1996280
1996279
1996278
1996277
1996276
1996275
1996274
1996273
1996272
1996271
1996270
1996269
1996268
1996267
1996266
1996265
1996264
1996263
1996262
1996261
1996260
1996259
1996258
1996257
1996256
1996255
1996254
1996253
1996252
1996251
1996250
1996249
1996248
1996247
1996246
1996245
1996244
1996243
1996242
1996241
1996240
1996239
1996238
1996237
1996236
1996235
1996234
1996233
1996232
1996231
1996230
1996229
1996228
1996227
1996226
1996225
1996224
1996223
1996222
1996221
1996220
1996219
1996218
1996217
1996216
1996215
1996214
1996213
1996212
1996211
1996210
1996209
1996208
1996207
1996206
1996205
1996204
1996203
1996202
1996201
1996200
1996199
1996198
1996197
1996196
1996195
1996194
1996193
1996192
1996191
1996190
1996189
1996188
1996187
1996186
1996185
1996184
1996183
1996182
1996181
1996180
1996179
1996178
1996177
1996176
1996175
1996174
1996173
1996172
1996171
1996170
1996169
1996168
1996167
1996166
1996165
1996164
1996163
1996162
1996161
1996160
1996159
1996158
1996157
1996156
1996155
1996154
1996153
1996152
1996151
1996150
1996149
1996148
1996147
1996146
1996145
1996144
1996143
1996142
1996141
1996140
1996139
1996138
1996137
1996136
1996135
1996134
1996133
1996132
1996131
1996130
1996129
1996128
1996127
1996126
1996125
1996124
1996123
1996122
1996121
1996120
1996119
1996118
1996117
1996116
1996115
1996114
1996113
1996112
1996111
1996110
1996109
1996108
1996107
1996106
1996105
1996104
1996103
1996102
1996101
1996100
1996099
1996098
1996097
1996096
1996095
1996094
1996093
1996092
1996091
1996090
1996089
1996088
1996087
1996086
1996085
1996084
1996083
1996082
1996081
1996080
1996079
1996078
1996077
1996076
1996075
1996074
1996073
1996072
1996071
1996070
1996069
1996068
1996067
1996066
1996065
1996064
1996063
1996062
1996061
1996060
1996059
1996058
1996057
1996056
1996055
1996054
1996053
1996052
1996051
1996050
1996049
1996048
1996047
1996046
1996045
1996044
1996043
1996042
1996041
1996040
1996039
1996038
1996037
1996036
1996035
1996034
1996033
1996032
1996031
1996030
1996029
1996028
1996027
1996026
1996025
1996024
1996023
1996022
1996021
1996020
1996019
1996018
1996017
1996016
1996015
1996014
1996013
1996012
1996011
1996010
1996009
1996008
1996007
1996006
1996005
1996004
1996003
1996002
1996001
1996000
1995999
1995998
1995997
1995996
1995995
1995994
1995993
1995992
1995991
1995990
1995989
1995988
1995987
1995986
1995985
1995984
1995983
1995982
1995981
1995980
1995979
1995978
1995977
1995976
1995975
1995974
1995973
1995972
1995971
1995970
1995969
1995968
1995967
1995966
1995965
1995964
1995963
1995962
1995961
1995960
1995959
1995958
1995957
1995956
1995955
1995954
1995953
1995952
1995951
1995950
1995949
1995948
1995947
1995946
1995945
1995944
1995943
1995942
1995941
1995940
1995939
1995938
1995937
1995936
1995935
1995934
1995933
1995932
1995931
1995930
1995929
1995928
1995927
1995926
1995925
1995924
1995923
1995922
1995921
1995920
1995919
1995918
1995917
1995916
1995915
1995914
1995913
1995912
1995911
1995910
1995909
1995908
1995907
1995906
1995905
1995904
1995903
1995902
1995901
1995900
1995899
1995898
1995897
1995896
1995895
1995894
1995893
1995892
1995891
1995890
1995889
1995888
1995887
1995886
1995885
1995884
1995883
1995882
1995881
1995880
1995879
1995878
1995877
1995876
1995875
1995874
1995873
1995872
1995871
1995870
1995869
1995868
1995867
1995866
1995865
1995864
1995863
1995862
1995861
1995860
1995859
1995858
1995857
1995856
1995855
1995854
1995853
1995852
1995851
1995850
1995849
1995848
1995847
1995846
1995845
1995844
1995843
1995842
1995841
1995840
1995839
1995838
1995837
1995836
1995835
1995834
1995833
1995832
1995831
1995830
1995829
1995828
1995827
1995826
1995825
1995824
1995823
1995822
1995821
1995820
1995819
1995818
1995817
1995816
1995815
1995814
1995813
1995812
1995811
1995810
1995809
1995808
1995807
1995806
1995805
1995804
1995803
1995802
1995801
1995800
1995799
1995798
1995797
1995796
1995795
1995794
1995793
1995792
1995791
1995790
1995789
1995788
1995787
1995786
1995785
1995784
1995783
1995782
1995781
1995780
1995779
1995778
1995777
1995776
1995775
1995774
1995773
1995772
1995771
1995770
1995769
1995768
1995767
1995766
1995765
1995764
1995763
1995762
1995761
1995760
1995759
1995758
1995757
1995756
1995755
1995754
1995753
1995752
1995751
1995750
1995749
1995748
1995747
1995746
1995745
1995744
1995743
1995742
1995741
1995740
1995739
1995738
1995737
1995736
1995735
1995734
1995733
1995732
1995731
1995730
1995729
1995728
1995727
1995726
1995725
1995724
1995723
1995722
1995721
1995720
1995719
1995718
1995717
1995716
1995715
1995714
1995713
1995712
1995711
1995710
1995709
1995708
1995707
1995706
1995705
1995704
1995703
1995702
1995701
1995700
1995699
1995698
1995697
1995696
1995695
1995694
1995693
1995692
1995691
1995690
1995689
1995688
1995687
1995686
1995685
1995684
1995683
1995682
1995681
1995680
1995679
1995678
1995677
1995676
1995675
1995674
1995673
1995672
1995671
1995670
1995669
1995668
1995667
1995666
1995665
1995664
1995663
1995662
1995661
1995660
1995659
1995658
1995657
1995656
1995655
1995654
1995653
1995652
1995651
1995650
1995649
1995648
1995647
1995646
1995645
1995644
1995643
1995642
1995641
1995640
1995639
1995638
1995637
1995636
1995635
1995634
1995633
1995632
1995631
1995630
1995629
1995628
1995627
1995626
1995625
1995624
1995623
1995622
1995621
1995620
1995619
1995618
1995617
1995616
1995615
1995614
1995613
1995612
1995611
1995610
1995609
1995608
1995607
1995606
1995605
1995604
1995603
1995602
1995601
1995600
1995599
1995598
1995597
1995596
1995595
1995594
1995593
1995592
1995591
1995590
1995589
1995588
1995587
1995586
1995585
1995584
1995583
1995582
1995581
1995580
1995579
1995578
1995577
1995576
1995575
1995574
1995573
1995572
1995571
1995570
1995569
1995568
1995567
1995566
1995565
1995564
1995563
1995562
1995561
1995560
1995559
1995558
1995557
1995556
1995555
1995554
1995553
1995552
1995551
1995550
1995549
1995548
1995547
1995546
1995545
1995544
1995543
1995542
1995541
1995540
1995539
1995538
1995537
1995536
1995535
1995534
1995533
1995532
1995531
1995530
1995529
1995528
1995527
1995526
1995525
1995524
1995523
1995522
1995521
1995520
1995519
1995518
1995517
1995516
1995515
1995514
1995513
1995512
1995511
1995510
1995509
1995508
1995507
1995506
1995505
1995504
1995503
1995502
1995501
1995500
1995499
1995498
1995497
1995496
1995495
1995494
1995493
1995492
1995491
1995490
1995489
1995488
1995487
1995486
1995485
1995484
1995483
1995482
1995481
1995480
1995479
1995478
1995477
1995476
1995475
1995474
1995473
1995472
1995471
1995470
1995469
1995468
1995467
1995466
1995465
1995464
1995463
1995462
1995461
1995460
1995459
1995458
1995457
1995456
1995455
1995454
1995453
1995452
1995451
1995450
1995449
1995448
1995447
1995446
1995445
1995444
1995443
1995442
1995441
1995440
1995439
1995438
1995437
1995436
1995435
1995434
1995433
1995432
1995431
1995430
1995429
1995428
1995427
1995426
1995425
1995424
1995423
1995422
1995421
1995420
1995419
1995418
1995417
1995416
1995415
1995414
1995413
1995412
1995411
1995410
1995409
1995408
1995407
1995406
1995405
1995404
1995403
1995402
1995401
1995400
1995399
1995398
1995397
1995396
1995395
1995394
1995393
1995392
1995391
1995390
1995389
1995388
1995387
1995386
1995385
1995384
1995383
1995382
1995381
1995380
1995379
1995378
1995377
1995376
1995375
1995374
1995373
1995372
1995371
1995370
1995369
1995368
1995367
1995366
1995365
1995364
1995363
1995362
1995361
1995360
1995359
1995358
1995357
1995356
1995355
1995354
1995353
1995352
1995351
1995350
1995349
1995348
1995347
1995346
1995345
1995344
1995343
1995342
1995341
1995340
1995339
1995338
1995337
1995336
1995335
1995334
1995333
1995332
1995331
1995330
1995329
1995328
1995327
1995326
1995325
1995324
1995323
1995322
1995321
1995320
1995319
1995318
1995317
1995316
1995315
1995314
1995313
1995312
1995311
1995310
1995309
1995308
1995307
1995306
1995305
1995304
1995303
1995302
1995301
1995300
1995299
1995298
1995297
1995296
1995295
1995294
1995293
1995292
1995291
1995290
1995289
1995288
1995287
1995286
1995285
1995284
1995283
1995282
1995281
1995280
1995279
1995278
1995277
1995276
1995275
1995274
1995273
1995272
1995271
1995270
1995269
1995268
1995267
1995266
1995265
1995264
1995263
1995262
1995261
1995260
1995259
1995258
1995257
1995256
1995255
1995254
1995253
1995252
1995251
1995250
1995249
1995248
1995247
1995246
1995245
1995244
1995243
1995242
1995241
1995240
1995239
1995238
1995237
1995236
1995235
1995234
1995233
1995232
1995231
1995230
1995229
1995228
1995227
1995226
1995225
1995224
1995223
1995222
1995221
1995220
1995219
1995218
1995217
1995216
1995215
1995214
1995213
1995212
1995211
1995210
1995209
1995208
1995207
1995206
1995205
1995204
1995203
1995202
1995201
1995200
1995199
1995198
1995197
1995196
1995195
1995194
1995193
1995192
1995191
1995190
1995189
1995188
1995187
1995186
1995185
1995184
1995183
1995182
1995181
1995180
1995179
1995178
1995177
1995176
1995175
1995174
1995173
1995172
1995171
1995170
1995169
1995168
1995167
1995166
1995165
1995164
1995163
1995162
1995161
1995160
1995159
1995158
1995157
1995156
1995155
1995154
1995153
1995152
1995151
1995150
1995149
1995148
1995147
1995146
1995145
1995144
1995143
1995142
1995141
1995140
1995139
1995138
1995137
1995136
1995135
1995134
1995133
1995132
1995131
1995130
1995129
1995128
1995127
1995126
1995125
1995124
1995123
1995122
1995121
1995120
1995119
1995118
1995117
1995116
1995115
1995114
1995113
1995112
1995111
1995110
1995109
1995108
1995107
1995106
1995105
1995104
1995103
1995102
1995101
1995100
1995099
1995098
1995097
1995096
1995095
1995094
1995093
1995092
1995091
1995090
1995089
1995088
1995087
1995086
1995085
1995084
1995083
1995082
1995081
1995080
1995079
1995078
1995077
1995076
1995075
1995074
1995073
1995072
1995071
1995070
1995069
1995068
1995067
1995066
1995065
1995064
1995063
1995062
1995061
1995060
1995059
1995058
1995057
1995056
1995055
1995054
1995053
1995052
1995051
1995050
1995049
1995048
1995047
1995046
1995045
1995044
1995043
1995042
1995041
1995040
1995039
1995038
1995037
1995036
1995035
1995034
1995033
1995032
1995031
1995030
1995029
1995028
1995027
1995026
1995025
1995024
1995023
1995022
1995021
1995020
1995019
1995018
1995017
1995016
1995015
1995014
1995013
1995012
1995011
1995010
1995009
1995008
1995007
1995006
1995005
1995004
1995003
1995002
1995001
1995000
1994999
1994998
1994997
1994996
1994995
1994994
1994993
1994992
1994991
1994990
1994989
1994988
1994987
1994986
1994985
1994984
1994983
1994982
1994981
1994980
1994979
1994978
1994977
1994976
1994975
1994974
1994973
1994972
1994971
1994970
1994969
1994968
1994967
1994966
1994965
1994964
1994963
1994962
1994961
1994960
1994959
1994958
1994957
1994956
1994955
1994954
1994953
1994952
1994951
1994950
1994949
1994948
1994947
1994946
1994945
1994944
1994943
1994942
1994941
1994940
1994939
1994938
1994937
1994936
1994935
1994934
1994933
1994932
1994931
1994930
1994929
1994928
1994927
1994926
1994925
1994924
1994923
1994922
1994921
1994920
1994919
1994918
1994917
1994916
1994915
1994914
1994913
1994912
1994911
1994910
1994909
1994908
1994907
1994906
1994905
1994904
1994903
1994902
1994901
1994900
1994899
1994898
1994897
1994896
1994895
1994894
1994893
1994892
1994891
1994890
1994889
1994888
1994887
1994886
1994885
1994884
1994883
1994882
1994881
1994880
1994879
1994878
1994877
1994876
1994875
1994874
1994873
1994872
1994871
1994870
1994869
1994868
1994867
1994866
1994865
1994864
1994863
1994862
1994861
1994860
1994859
1994858
1994857
1994856
1994855
1994854
1994853
1994852
1994851
1994850
1994849
1994848
1994847
1994846
1994845
1994844
1994843
1994842
1994841
1994840
1994839
1994838
1994837
1994836
1994835
1994834
1994833
1994832
1994831
1994830
1994829
1994828
1994827
1994826
1994825
1994824
1994823
1994822
1994821
1994820
1994819
1994818
1994817
1994816
1994815
1994814
1994813
1994812
1994811
1994810
1994809
1994808
1994807
1994806
1994805
1994804
1994803
1994802
1994801
1994800
1994799
1994798
1994797
1994796
1994795
1994794
1994793
1994792
1994791
1994790
1994789
1994788
1994787
1994786
1994785
1994784
1994783
1994782
1994781
1994780
1994779
1994778
1994777
1994776
1994775
1994774
1994773
1994772
1994771
1994770
1994769
1994768
1994767
1994766
1994765
1994764
1994763
1994762
1994761
1994760
1994759
1994758
1994757
1994756
1994755
1994754
1994753
1994752
1994751
1994750
1994749
1994748
1994747
1994746
1994745
1994744
1994743
1994742
1994741
1994740
1994739
1994738
1994737
1994736
1994735
1994734
1994733
1994732
1994731
1994730
1994729
1994728
1994727
1994726
1994725
1994724
1994723
1994722
1994721
1994720
1994719
1994718
1994717
1994716
1994715
1994714
1994713
1994712
1994711
1994710
1994709
1994708
1994707
1994706
1994705
1994704
1994703
1994702
1994701
1994700
1994699
1994698
1994697
1994696
1994695
1994694
1994693
1994692
1994691
1994690
1994689
1994688
1994687
1994686
1994685
1994684
1994683
1994682
1994681
1994680
1994679
1994678
1994677
1994676
1994675
1994674
1994673
1994672
1994671
1994670
1994669
1994668
1994667
1994666
1994665
1994664
1994663
1994662
1994661
1994660
1994659
1994658
1994657
1994656
1994655
1994654
1994653
1994652
1994651
1994650
1994649
1994648
1994647
1994646
1994645
1994644
1994643
1994642
1994641
1994640
1994639
1994638
1994637
1994636
1994635
1994634
1994633
1994632
1994631
1994630
1994629
1994628
1994627
1994626
1994625
1994624
1994623
1994622
1994621
1994620
1994619
1994618
1994617
1994616
1994615
1994614
1994613
1994612
1994611
1994610
1994609
1994608
1994607
1994606
1994605
1994604
1994603
1994602
1994601
1994600
1994599
1994598
1994597
1994596
1994595
1994594
1994593
1994592
1994591
1994590
1994589
1994588
1994587
1994586
1994585
1994584
1994583
1994582
1994581
1994580
1994579
1994578
1994577
1994576
1994575
1994574
1994573
1994572
1994571
1994570
1994569
1994568
1994567
1994566
1994565
1994564
1994563
1994562
1994561
1994560
1994559
1994558
1994557
1994556
1994555
1994554
1994553
1994552
1994551
1994550
1994549
1994548
1994547
1994546
1994545
1994544
1994543
1994542
1994541
1994540
1994539
1994538
1994537
1994536
1994535
1994534
1994533
1994532
1994531
1994530
1994529
1994528
1994527
1994526
1994525
1994524
1994523
1994522
1994521
1994520
1994519
1994518
1994517
1994516
1994515
1994514
1994513
1994512
1994511
1994510
1994509
1994508
1994507
1994506
1994505
1994504
1994503
1994502
1994501
1994500
1994499
1994498
1994497
1994496
1994495
1994494
1994493
1994492
1994491
1994490
1994489
1994488
1994487
1994486
1994485
1994484
1994483
1994482
1994481
1994480
1994479
1994478
1994477
1994476
1994475
1994474
1994473
1994472
1994471
1994470
1994469
1994468
1994467
1994466
1994465
1994464
1994463
1994462
1994461
1994460
1994459
1994458
1994457
1994456
1994455
1994454
1994453
1994452
1994451
1994450
1994449
1994448
1994447
1994446
1994445
1994444
1994443
1994442
1994441
1994440
1994439
1994438
1994437
1994436
1994435
1994434
1994433
1994432
1994431
1994430
1994429
1994428
1994427
1994426
1994425
1994424
1994423
1994422
1994421
1994420
1994419
1994418
1994417
1994416
1994415
1994414
1994413
1994412
1994411
1994410
1994409
1994408
1994407
1994406
1994405
1994404
1994403
1994402
1994401
1994400
1994399
1994398
1994397
1994396
1994395
1994394
1994393
1994392
1994391
1994390
1994389
1994388
1994387
1994386
1994385
1994384
1994383
1994382
1994381
1994380
1994379
1994378
1994377
1994376
1994375
1994374
1994373
1994372
1994371
1994370
1994369
1994368
1994367
1994366
1994365
1994364
1994363
1994362
1994361
1994360
1994359
1994358
1994357
1994356
1994355
1994354
1994353
1994352
1994351
1994350
1994349
1994348
1994347
1994346
1994345
1994344
1994343
1994342
1994341
1994340
1994339
1994338
1994337
1994336
1994335
1994334
1994333
1994332
1994331
1994330
1994329
1994328
1994327
1994326
1994325
1994324
1994323
1994322
1994321
1994320
1994319
1994318
1994317
1994316
1994315
1994314
1994313
1994312
1994311
1994310
1994309
1994308
1994307
1994306
1994305
1994304
1994303
1994302
1994301
1994300
1994299
1994298
1994297
1994296
1994295
1994294
1994293
1994292
1994291
1994290
1994289
1994288
1994287
1994286
1994285
1994284
1994283
1994282
1994281
1994280
1994279
1994278
1994277
1994276
1994275
1994274
1994273
1994272
1994271
1994270
1994269
1994268
1994267
1994266
1994265
1994264
1994263
1994262
1994261
1994260
1994259
1994258
1994257
1994256
1994255
1994254
1994253
1994252
1994251
1994250
1994249
1994248
1994247
1994246
1994245
1994244
1994243
1994242
1994241
1994240
1994239
1994238
1994237
1994236
1994235
1994234
1994233
1994232
1994231
1994230
1994229
1994228
1994227
1994226
1994225
1994224
1994223
1994222
1994221
1994220
1994219
1994218
1994217
1994216
1994215
1994214
1994213
1994212
1994211
1994210
1994209
1994208
1994207
1994206
1994205
1994204
1994203
1994202
1994201
1994200
1994199
1994198
1994197
1994196
1994195
1994194
1994193
1994192
1994191
1994190
1994189
1994188
1994187
1994186
1994185
1994184
1994183
1994182
1994181
1994180
1994179
1994178
1994177
1994176
1994175
1994174
1994173
1994172
1994171
1994170
1994169
1994168
1994167
1994166
1994165
1994164
1994163
1994162
1994161
1994160
1994159
1994158
1994157
1994156
1994155
1994154
1994153
1994152
1994151
1994150
1994149
1994148
1994147
1994146
1994145
1994144
1994143
1994142
1994141
1994140
1994139
1994138
1994137
1994136
1994135
1994134
1994133
1994132
1994131
1994130
1994129
1994128
1994127
1994126
1994125
1994124
1994123
1994122
1994121
1994120
1994119
1994118
1994117
1994116
1994115
1994114
1994113
1994112
1994111
1994110
1994109
1994108
1994107
1994106
1994105
1994104
1994103
1994102
1994101
1994100
1994099
1994098
1994097
1994096
1994095
1994094
1994093
1994092
1994091
1994090
1994089
1994088
1994087
1994086
1994085
1994084
1994083
1994082
1994081
1994080
1994079
1994078
1994077
1994076
1994075
1994074
1994073
1994072
1994071
1994070
1994069
1994068
1994067
1994066
1994065
1994064
1994063
1994062
1994061
1994060
1994059
1994058
1994057
1994056
1994055
1994054
1994053
1994052
1994051
1994050
1994049
1994048
1994047
1994046
1994045
1994044
1994043
1994042
1994041
1994040
1994039
1994038
1994037
1994036
1994035
1994034
1994033
1994032
1994031
1994030
1994029
1994028
1994027
1994026
1994025
1994024
1994023
1994022
1994021
1994020
1994019
1994018
1994017
1994016
1994015
1994014
1994013
1994012
1994011
1994010
1994009
1994008
1994007
1994006
1994005
1994004
1994003
1994002
1994001
1994000
1993999
1993998
1993997
1993996
1993995
1993994
1993993
1993992
1993991
1993990
1993989
1993988
1993987
1993986
1993985
1993984
1993983
1993982
1993981
1993980
1993979
1993978
1993977
1993976
1993975
1993974
1993973
1993972
1993971
1993970
1993969
1993968
1993967
1993966
1993965
1993964
1993963
1993962
1993961
1993960
1993959
1993958
1993957
1993956
1993955
1993954
1993953
1993952
1993951
1993950
1993949
1993948
1993947
1993946
1993945
1993944
1993943
1993942
1993941
1993940
1993939
1993938
1993937
1993936
1993935
1993934
1993933
1993932
1993931
1993930
1993929
1993928
1993927
1993926
1993925
1993924
1993923
1993922
1993921
1993920
1993919
1993918
1993917
1993916
1993915
1993914
1993913
1993912
1993911
1993910
1993909
1993908
1993907
1993906
1993905
1993904
1993903
1993902
1993901
1993900
1993899
1993898
1993897
1993896
1993895
1993894
1993893
1993892
1993891
1993890
1993889
1993888
1993887
1993886
1993885
1993884
1993883
1993882
1993881
1993880
1993879
1993878
1993877
1993876
1993875
1993874
1993873
1993872
1993871
1993870
1993869
1993868
1993867
1993866
1993865
1993864
1993863
1993862
1993861
1993860
1993859
1993858
1993857
1993856
1993855
1993854
1993853
1993852
1993851
1993850
1993849
1993848
1993847
1993846
1993845
1993844
1993843
1993842
1993841
1993840
1993839
1993838
1993837
1993836
1993835
1993834
1993833
1993832
1993831
1993830
1993829
1993828
1993827
1993826
1993825
1993824
1993823
1993822
1993821
1993820
1993819
1993818
1993817
1993816
1993815
1993814
1993813
1993812
1993811
1993810
1993809
1993808
1993807
1993806
1993805
1993804
1993803
1993802
1993801
1993800
1993799
1993798
1993797
1993796
1993795
1993794
1993793
1993792
1993791
1993790
1993789
1993788
1993787
1993786
1993785
1993784
1993783
1993782
1993781
1993780
1993779
1993778
1993777
1993776
1993775
1993774
1993773
1993772
1993771
1993770
1993769
1993768
1993767
1993766
1993765
1993764
1993763
1993762
1993761
1993760
1993759
1993758
1993757
1993756
1993755
1993754
1993753
1993752
1993751
1993750
1993749
1993748
1993747
1993746
1993745
1993744
1993743
1993742
1993741
1993740
1993739
1993738
1993737
1993736
1993735
1993734
1993733
1993732
1993731
1993730
1993729
1993728
1993727
1993726
1993725
1993724
1993723
1993722
1993721
1993720
1993719
1993718
1993717
1993716
1993715
1993714
1993713
1993712
1993711
1993710
1993709
1993708
1993707
1993706
1993705
1993704
1993703
1993702
1993701
1993700
1993699
1993698
1993697
1993696
1993695
1993694
1993693
1993692
1993691
1993690
1993689
1993688
1993687
1993686
1993685
1993684
1993683
1993682
1993681
1993680
1993679
1993678
1993677
1993676
1993675
1993674
1993673
1993672
1993671
1993670
1993669
1993668
1993667
1993666
1993665
1993664
1993663
1993662
1993661
1993660
1993659
1993658
1993657
1993656
1993655
1993654
1993653
1993652
1993651
1993650
1993649
1993648
1993647
1993646
1993645
1993644
1993643
1993642
1993641
1993640
1993639
1993638
1993637
1993636
1993635
1993634
1993633
1993632
1993631
1993630
1993629
1993628
1993627
1993626
1993625
1993624
1993623
1993622
1993621
1993620
1993619
1993618
1993617
1993616
1993615
1993614
1993613
1993612
1993611
1993610
1993609
1993608
1993607
1993606
1993605
1993604
1993603
1993602
1993601
1993600
1993599
1993598
1993597
1993596
1993595
1993594
1993593
1993592
1993591
1993590
1993589
1993588
1993587
1993586
1993585
1993584
1993583
1993582
1993581
1993580
1993579
1993578
1993577
1993576
1993575
1993574
1993573
1993572
1993571
1993570
1993569
1993568
1993567
1993566
1993565
1993564
1993563
1993562
1993561
1993560
1993559
1993558
1993557
1993556
1993555
1993554
1993553
1993552
1993551
1993550
1993549
1993548
1993547
1993546
1993545
1993544
1993543
1993542
1993541
1993540
1993539
1993538
1993537
1993536
1993535
1993534
1993533
1993532
1993531
1993530
1993529
1993528
1993527
1993526
1993525
1993524
1993523
1993522
1993521
1993520
1993519
1993518
1993517
1993516
1993515
1993514
1993513
1993512
1993511
1993510
1993509
1993508
1993507
1993506
1993505
1993504
1993503
1993502
1993501
1993500
1993499
1993498
1993497
1993496
1993495
1993494
1993493
1993492
1993491
1993490
1993489
1993488
1993487
1993486
1993485
1993484
1993483
1993482
1993481
1993480
1993479
1993478
1993477
1993476
1993475
1993474
1993473
1993472
1993471
1993470
1993469
1993468
1993467
1993466
1993465
1993464
1993463
1993462
1993461
1993460
1993459
1993458
1993457
1993456
1993455
1993454
1993453
1993452
1993451
1993450
1993449
1993448
1993447
1993446
1993445
1993444
1993443
1993442
1993441
1993440
1993439
1993438
1993437
1993436
1993435
1993434
1993433
1993432
1993431
1993430
1993429
1993428
1993427
1993426
1993425
1993424
1993423
1993422
1993421
1993420
1993419
1993418
1993417
1993416
1993415
1993414
1993413
1993412
1993411
1993410
1993409
1993408
1993407
1993406
1993405
1993404
1993403
1993402
1993401
1993400
1993399
1993398
1993397
1993396
1993395
1993394
1993393
1993392
1993391
1993390
1993389
1993388
1993387
1993386
1993385
1993384
1993383
1993382
1993381
1993380
1993379
1993378
1993377
1993376
1993375
1993374
1993373
1993372
1993371
1993370
1993369
1993368
1993367
1993366
1993365
1993364
1993363
1993362
1993361
1993360
1993359
1993358
1993357
1993356
1993355
1993354
1993353
1993352
1993351
1993350
1993349
1993348
1993347
1993346
1993345
1993344
1993343
1993342
1993341
1993340
1993339
1993338
1993337
1993336
1993335
1993334
1993333
1993332
1993331
1993330
1993329
1993328
1993327
1993326
1993325
1993324
1993323
1993322
1993321
1993320
1993319
1993318
1993317
1993316
1993315
1993314
1993313
1993312
1993311
1993310
1993309
1993308
1993307
1993306
1993305
1993304
1993303
1993302
1993301
1993300
1993299
1993298
1993297
1993296
1993295
1993294
1993293
1993292
1993291
1993290
1993289
1993288
1993287
1993286
1993285
1993284
1993283
1993282
1993281
1993280
1993279
1993278
1993277
1993276
1993275
1993274
1993273
1993272
1993271
1993270
1993269
1993268
1993267
1993266
1993265
1993264
1993263
1993262
1993261
1993260
1993259
1993258
1993257
1993256
1993255
1993254
1993253
1993252
1993251
1993250
1993249
1993248
1993247
1993246
1993245
1993244
1993243
1993242
1993241
1993240
1993239
1993238
1993237
1993236
1993235
1993234
1993233
1993232
1993231
1993230
1993229
1993228
1993227
1993226
1993225
1993224
1993223
1993222
1993221
1993220
1993219
1993218
1993217
1993216
1993215
1993214
1993213
1993212
1993211
1993210
1993209
1993208
1993207
1993206
1993205
1993204
1993203
1993202
1993201
1993200
1993199
1993198
1993197
1993196
1993195
1993194
1993193
1993192
1993191
1993190
1993189
1993188
1993187
1993186
1993185
1993184
1993183
1993182
1993181
1993180
1993179
1993178
1993177
1993176
1993175
1993174
1993173
1993172
1993171
1993170
1993169
1993168
1993167
1993166
1993165
1993164
1993163
1993162
1993161
1993160
1993159
1993158
1993157
1993156
1993155
1993154
1993153
1993152
1993151
1993150
1993149
1993148
1993147
1993146
1993145
1993144
1993143
1993142
1993141
1993140
1993139
1993138
1993137
1993136
1993135
1993134
1993133
1993132
1993131
1993130
1993129
1993128
1993127
1993126
1993125
1993124
1993123
1993122
1993121
1993120
1993119
1993118
1993117
1993116
1993115
1993114
1993113
1993112
1993111
1993110
1993109
1993108
1993107
1993106
1993105
1993104
1993103
1993102
1993101
1993100
1993099
1993098
1993097
1993096
1993095
1993094
1993093
1993092
1993091
1993090
1993089
1993088
1993087
1993086
1993085
1993084
1993083
1993082
1993081
1993080
1993079
1993078
1993077
1993076
1993075
1993074
1993073
1993072
1993071
1993070
1993069
1993068
1993067
1993066
1993065
1993064
1993063
1993062
1993061
1993060
1993059
1993058
1993057
1993056
1993055
1993054
1993053
1993052
1993051
1993050
1993049
1993048
1993047
1993046
1993045
1993044
1993043
1993042
1993041
1993040
1993039
1993038
1993037
1993036
1993035
1993034
1993033
1993032
1993031
1993030
1993029
1993028
1993027
1993026
1993025
1993024
1993023
1993022
1993021
1993020
1993019
1993018
1993017
1993016
1993015
1993014
1993013
1993012
1993011
1993010
1993009
1993008
1993007
1993006
1993005
1993004
1993003
1993002
1993001
1993000
1992999
1992998
1992997
1992996
1992995
1992994
1992993
1992992
1992991
1992990
1992989
1992988
1992987
1992986
1992985
1992984
1992983
1992982
1992981
1992980
1992979
1992978
1992977
1992976
1992975
1992974
1992973
1992972
1992971
1992970
1992969
1992968
1992967
1992966
1992965
1992964
1992963
1992962
1992961
1992960
1992959
1992958
1992957
1992956
1992955
1992954
1992953
1992952
1992951
1992950
1992949
1992948
1992947
1992946
1992945
1992944
1992943
1992942
1992941
1992940
1992939
1992938
1992937
1992936
1992935
1992934
1992933
1992932
1992931
1992930
1992929
1992928
1992927
1992926
1992925
1992924
1992923
1992922
1992921
1992920
1992919
1992918
1992917
1992916
1992915
1992914
1992913
1992912
1992911
1992910
1992909
1992908
1992907
1992906
1992905
1992904
1992903
1992902
1992901
1992900
1992899
1992898
1992897
1992896
1992895
1992894
1992893
1992892
1992891
1992890
1992889
1992888
1992887
1992886
1992885
1992884
1992883
1992882
1992881
1992880
1992879
1992878
1992877
1992876
1992875
1992874
1992873
1992872
1992871
1992870
1992869
1992868
1992867
1992866
1992865
1992864
1992863
1992862
1992861
1992860
1992859
1992858
1992857
1992856
1992855
1992854
1992853
1992852
1992851
1992850
1992849
1992848
1992847
1992846
1992845
1992844
1992843
1992842
1992841
1992840
1992839
1992838
1992837
1992836
1992835
1992834
1992833
1992832
1992831
1992830
1992829
1992828
1992827
1992826
1992825
1992824
1992823
1992822
1992821
1992820
1992819
1992818
1992817
1992816
1992815
1992814
1992813
1992812
1992811
1992810
1992809
1992808
1992807
1992806
1992805
1992804
1992803
1992802
1992801
1992800
1992799
1992798
1992797
1992796
1992795
1992794
1992793
1992792
1992791
1992790
1992789
1992788
1992787
1992786
1992785
1992784
1992783
1992782
1992781
1992780
1992779
1992778
1992777
1992776
1992775
1992774
1992773
1992772
1992771
1992770
1992769
1992768
1992767
1992766
1992765
1992764
1992763
1992762
1992761
1992760
1992759
1992758
1992757
1992756
1992755
1992754
1992753
1992752
1992751
1992750
1992749
1992748
1992747
1992746
1992745
1992744
1992743
1992742
1992741
1992740
1992739
1992738
1992737
1992736
1992735
1992734
1992733
1992732
1992731
1992730
1992729
1992728
1992727
1992726
1992725
1992724
1992723
1992722
1992721
1992720
1992719
1992718
1992717
1992716
1992715
1992714
1992713
1992712
1992711
1992710
1992709
1992708
1992707
1992706
1992705
1992704
1992703
1992702
1992701
1992700
1992699
1992698
1992697
1992696
1992695
1992694
1992693
1992692
1992691
1992690
1992689
1992688
1992687
1992686
1992685
1992684
1992683
1992682
1992681
1992680
1992679
1992678
1992677
1992676
1992675
1992674
1992673
1992672
1992671
1992670
1992669
1992668
1992667
1992666
1992665
1992664
1992663
1992662
1992661
1992660
1992659
1992658
1992657
1992656
1992655
1992654
1992653
1992652
1992651
1992650
1992649
1992648
1992647
1992646
1992645
1992644
1992643
1992642
1992641
1992640
1992639
1992638
1992637
1992636
1992635
1992634
1992633
1992632
1992631
1992630
1992629
1992628
1992627
1992626
1992625
1992624
1992623
1992622
1992621
1992620
1992619
1992618
1992617
1992616
1992615
1992614
1992613
1992612
1992611
1992610
1992609
1992608
1992607
1992606
1992605
1992604
1992603
1992602
1992601
1992600
1992599
1992598
1992597
1992596
1992595
1992594
1992593
1992592
1992591
1992590
1992589
1992588
1992587
1992586
1992585
1992584
1992583
1992582
1992581
1992580
1992579
1992578
1992577
1992576
1992575
1992574
1992573
1992572
1992571
1992570
1992569
1992568
1992567
1992566
1992565
1992564
1992563
1992562
1992561
1992560
1992559
1992558
1992557
1992556
1992555
1992554
1992553
1992552
1992551
1992550
1992549
1992548
1992547
1992546
1992545
1992544
1992543
1992542
1992541
1992540
1992539
1992538
1992537
1992536
1992535
1992534
1992533
1992532
1992531
1992530
1992529
1992528
1992527
1992526
1992525
1992524
1992523
1992522
1992521
1992520
1992519
1992518
1992517
1992516
1992515
1992514
1992513
1992512
1992511
1992510
1992509
1992508
1992507
1992506
1992505
1992504
1992503
1992502
1992501
1992500
1992499
1992498
1992497
1992496
1992495
1992494
1992493
1992492
1992491
1992490
1992489
1992488
1992487
1992486
1992485
1992484
1992483
1992482
1992481
1992480
1992479
1992478
1992477
1992476
1992475
1992474
1992473
1992472
1992471
1992470
1992469
1992468
1992467
1992466
1992465
1992464
1992463
1992462
1992461
1992460
1992459
1992458
1992457
1992456
1992455
1992454
1992453
1992452
1992451
1992450
1992449
1992448
1992447
1992446
1992445
1992444
1992443
1992442
1992441
1992440
1992439
1992438
1992437
1992436
1992435
1992434
1992433
1992432
1992431
1992430
1992429
1992428
1992427
1992426
1992425
1992424
1992423
1992422
1992421
1992420
1992419
1992418
1992417
1992416
1992415
1992414
1992413
1992412
1992411
1992410
1992409
1992408
1992407
1992406
1992405
1992404
1992403
1992402
1992401
1992400
1992399
1992398
1992397
1992396
1992395
1992394
1992393
1992392
1992391
1992390
1992389
1992388
1992387
1992386
1992385
1992384
1992383
1992382
1992381
1992380
1992379
1992378
1992377
1992376
1992375
1992374
1992373
1992372
1992371
1992370
1992369
1992368
1992367
1992366
1992365
1992364
1992363
1992362
1992361
1992360
1992359
1992358
1992357
1992356
1992355
1992354
1992353
1992352
1992351
1992350
1992349
1992348
1992347
1992346
1992345
1992344
1992343
1992342
1992341
1992340
1992339
1992338
1992337
1992336
1992335
1992334
1992333
1992332
1992331
1992330
1992329
1992328
1992327
1992326
1992325
1992324
1992323
1992322
1992321
1992320
1992319
1992318
1992317
1992316
1992315
1992314
1992313
1992312
1992311
1992310
1992309
1992308
1992307
1992306
1992305
1992304
1992303
1992302
1992301
1992300
1992299
1992298
1992297
1992296
1992295
1992294
1992293
1992292
1992291
1992290
1992289
1992288
1992287
1992286
1992285
1992284
1992283
1992282
1992281
1992280
1992279
1992278
1992277
1992276
1992275
1992274
1992273
1992272
1992271
1992270
1992269
1992268
1992267
1992266
1992265
1992264
1992263
1992262
1992261
1992260
1992259
1992258
1992257
1992256
1992255
1992254
1992253
1992252
1992251
1992250
1992249
1992248
1992247
1992246
1992245
1992244
1992243
1992242
1992241
1992240
1992239
1992238
1992237
1992236
1992235
1992234
1992233
1992232
1992231
1992230
1992229
1992228
1992227
1992226
1992225
1992224
1992223
1992222
1992221
1992220
1992219
1992218
1992217
1992216
1992215
1992214
1992213
1992212
1992211
1992210
1992209
1992208
1992207
1992206
1992205
1992204
1992203
1992202
1992201
1992200
1992199
1992198
1992197
1992196
1992195
1992194
1992193
1992192
1992191
1992190
1992189
1992188
1992187
1992186
1992185
1992184
1992183
1992182
1992181
1992180
1992179
1992178
1992177
1992176
1992175
1992174
1992173
1992172
1992171
1992170
1992169
1992168
1992167
1992166
1992165
1992164
1992163
1992162
1992161
1992160
1992159
1992158
1992157
1992156
1992155
1992154
1992153
1992152
1992151
1992150
1992149
1992148
1992147
1992146
1992145
1992144
1992143
1992142
1992141
1992140
1992139
1992138
1992137
1992136
1992135
1992134
1992133
1992132
1992131
1992130
1992129
1992128
1992127
1992126
1992125
1992124
1992123
1992122
1992121
1992120
1992119
1992118
1992117
1992116
1992115
1992114
1992113
1992112
1992111
1992110
1992109
1992108
1992107
1992106
1992105
1992104
1992103
1992102
1992101
1992100
1992099
1992098
1992097
1992096
1992095
1992094
1992093
1992092
1992091
1992090
1992089
1992088
1992087
1992086
1992085
1992084
1992083
1992082
1992081
1992080
1992079
1992078
1992077
1992076
1992075
1992074
1992073
1992072
1992071
1992070
1992069
1992068
1992067
1992066
1992065
1992064
1992063
1992062
1992061
1992060
1992059
1992058
1992057
1992056
1992055
1992054
1992053
1992052
1992051
1992050
1992049
1992048
1992047
1992046
1992045
1992044
1992043
1992042
1992041
1992040
1992039
1992038
1992037
1992036
1992035
1992034
1992033
1992032
1992031
1992030
1992029
1992028
1992027
1992026
1992025
1992024
1992023
1992022
1992021
1992020
1992019
1992018
1992017
1992016
1992015
1992014
1992013
1992012
1992011
1992010
1992009
1992008
1992007
1992006
1992005
1992004
1992003
1992002
1992001
1992000
1991999
1991998
1991997
1991996
1991995
1991994
1991993
1991992
1991991
1991990
1991989
1991988
1991987
1991986
1991985
1991984
1991983
1991982
1991981
1991980
1991979
1991978
1991977
1991976
1991975
1991974
1991973
1991972
1991971
1991970
1991969
1991968
1991967
1991966
1991965
1991964
1991963
1991962
1991961
1991960
1991959
1991958
1991957
1991956
1991955
1991954
1991953
1991952
1991951
1991950
1991949
1991948
1991947
1991946
1991945
1991944
1991943
1991942
1991941
1991940
1991939
1991938
1991937
1991936
1991935
1991934
1991933
1991932
1991931
1991930
1991929
1991928
1991927
1991926
1991925
1991924
1991923
1991922
1991921
1991920
1991919
1991918
1991917
1991916
1991915
1991914
1991913
1991912
1991911
1991910
1991909
1991908
1991907
1991906
1991905
1991904
1991903
1991902
1991901
1991900
1991899
1991898
1991897
1991896
1991895
1991894
1991893
1991892
1991891
1991890
1991889
1991888
1991887
1991886
1991885
1991884
1991883
1991882
1991881
1991880
1991879
1991878
1991877
1991876
1991875
1991874
1991873
1991872
1991871
1991870
1991869
1991868
1991867
1991866
1991865
1991864
1991863
1991862
1991861
1991860
1991859
1991858
1991857
1991856
1991855
1991854
1991853
1991852
1991851
1991850
1991849
1991848
1991847
1991846
1991845
1991844
1991843
1991842
1991841
1991840
1991839
1991838
1991837
1991836
1991835
1991834
1991833
1991832
1991831
1991830
1991829
1991828
1991827
1991826
1991825
1991824
1991823
1991822
1991821
1991820
1991819
1991818
1991817
1991816
1991815
1991814
1991813
1991812
1991811
1991810
1991809
1991808
1991807
1991806
1991805
1991804
1991803
1991802
1991801
1991800
1991799
1991798
1991797
1991796
1991795
1991794
1991793
1991792
1991791
1991790
1991789
1991788
1991787
1991786
1991785
1991784
1991783
1991782
1991781
1991780
1991779
1991778
1991777
1991776
1991775
1991774
1991773
1991772
1991771
1991770
1991769
1991768
1991767
1991766
1991765
1991764
1991763
1991762
1991761
1991760
1991759
1991758
1991757
1991756
1991755
1991754
1991753
1991752
1991751
1991750
1991749
1991748
1991747
1991746
1991745
1991744
1991743
1991742
1991741
1991740
1991739
1991738
1991737
1991736
1991735
1991734
1991733
1991732
1991731
1991730
1991729
1991728
1991727
1991726
1991725
1991724
1991723
1991722
1991721
1991720
1991719
1991718
1991717
1991716
1991715
1991714
1991713
1991712
1991711
1991710
1991709
1991708
1991707
1991706
1991705
1991704
1991703
1991702
1991701
1991700
1991699
1991698
1991697
1991696
1991695
1991694
1991693
1991692
1991691
1991690
1991689
1991688
1991687
1991686
1991685
1991684
1991683
1991682
1991681
1991680
1991679
1991678
1991677
1991676
1991675
1991674
1991673
1991672
1991671
1991670
1991669
1991668
1991667
1991666
1991665
1991664
1991663
1991662
1991661
1991660
1991659
1991658
1991657
1991656
1991655
1991654
1991653
1991652
1991651
1991650
1991649
1991648
1991647
1991646
1991645
1991644
1991643
1991642
1991641
1991640
1991639
1991638
1991637
1991636
1991635
1991634
1991633
1991632
1991631
1991630
1991629
1991628
1991627
1991626
1991625
1991624
1991623
1991622
1991621
1991620
1991619
1991618
1991617
1991616
1991615
1991614
1991613
1991612
1991611
1991610
1991609
1991608
1991607
1991606
1991605
1991604
1991603
1991602
1991601
1991600
1991599
1991598
1991597
1991596
1991595
1991594
1991593
1991592
1991591
1991590
1991589
1991588
1991587
1991586
1991585
1991584
1991583
1991582
1991581
1991580
1991579
1991578
1991577
1991576
1991575
1991574
1991573
1991572
1991571
1991570
1991569
1991568
1991567
1991566
1991565
1991564
1991563
1991562
1991561
1991560
1991559
1991558
1991557
1991556
1991555
1991554
1991553
1991552
1991551
1991550
1991549
1991548
1991547
1991546
1991545
1991544
1991543
1991542
1991541
1991540
1991539
1991538
1991537
1991536
1991535
1991534
1991533
1991532
1991531
1991530
1991529
1991528
1991527
1991526
1991525
1991524
1991523
1991522
1991521
1991520
1991519
1991518
1991517
1991516
1991515
1991514
1991513
1991512
1991511
1991510
1991509
1991508
1991507
1991506
1991505
1991504
1991503
1991502
1991501
1991500
1991499
1991498
1991497
1991496
1991495
1991494
1991493
1991492
1991491
1991490
1991489
1991488
1991487
1991486
1991485
1991484
1991483
1991482
1991481
1991480
1991479
1991478
1991477
1991476
1991475
1991474
1991473
1991472
1991471
1991470
1991469
1991468
1991467
1991466
1991465
1991464
1991463
1991462
1991461
1991460
1991459
1991458
1991457
1991456
1991455
1991454
1991453
1991452
1991451
1991450
1991449
1991448
1991447
1991446
1991445
1991444
1991443
1991442
1991441
1991440
1991439
1991438
1991437
1991436
1991435
1991434
1991433
1991432
1991431
1991430
1991429
1991428
1991427
1991426
1991425
1991424
1991423
1991422
1991421
1991420
1991419
1991418
1991417
1991416
1991415
1991414
1991413
1991412
1991411
1991410
1991409
1991408
1991407
1991406
1991405
1991404
1991403
1991402
1991401
1991400
1991399
1991398
1991397
1991396
1991395
1991394
1991393
1991392
1991391
1991390
1991389
1991388
1991387
1991386
1991385
1991384
1991383
1991382
1991381
1991380
1991379
1991378
1991377
1991376
1991375
1991374
1991373
1991372
1991371
1991370
1991369
1991368
1991367
1991366
1991365
1991364
1991363
1991362
1991361
1991360
1991359
1991358
1991357
1991356
1991355
1991354
1991353
1991352
1991351
1991350
1991349
1991348
1991347
1991346
1991345
1991344
1991343
1991342
1991341
1991340
1991339
1991338
1991337
1991336
1991335
1991334
1991333
1991332
1991331
1991330
1991329
1991328
1991327
1991326
1991325
1991324
1991323
1991322
1991321
1991320
1991319
1991318
1991317
1991316
1991315
1991314
1991313
1991312
1991311
1991310
1991309
1991308
1991307
1991306
1991305
1991304
1991303
1991302
1991301
1991300
1991299
1991298
1991297
1991296
1991295
1991294
1991293
1991292
1991291
1991290
1991289
1991288
1991287
1991286
1991285
1991284
1991283
1991282
1991281
1991280
1991279
1991278
1991277
1991276
1991275
1991274
1991273
1991272
1991271
1991270
1991269
1991268
1991267
1991266
1991265
1991264
1991263
1991262
1991261
1991260
1991259
1991258
1991257
1991256
1991255
1991254
1991253
1991252
1991251
1991250
1991249
1991248
1991247
1991246
1991245
1991244
1991243
1991242
1991241
1991240
1991239
1991238
1991237
1991236
1991235
1991234
1991233
1991232
1991231
1991230
1991229
1991228
1991227
1991226
1991225
1991224
1991223
1991222
1991221
1991220
1991219
1991218
1991217
1991216
1991215
1991214
1991213
1991212
1991211
1991210
1991209
1991208
1991207
1991206
1991205
1991204
1991203
1991202
1991201
1991200
1991199
1991198
1991197
1991196
1991195
1991194
1991193
1991192
1991191
1991190
1991189
1991188
1991187
1991186
1991185
1991184
1991183
1991182
1991181
1991180
1991179
1991178
1991177
1991176
1991175
1991174
1991173
1991172
1991171
1991170
1991169
1991168
1991167
1991166
1991165
1991164
1991163
1991162
1991161
1991160
1991159
1991158
1991157
1991156
1991155
1991154
1991153
1991152
1991151
1991150
1991149
1991148
1991147
1991146
1991145
1991144
1991143
1991142
1991141
1991140
1991139
1991138
1991137
1991136
1991135
1991134
1991133
1991132
1991131
1991130
1991129
1991128
1991127
1991126
1991125
1991124
1991123
1991122
1991121
1991120
1991119
1991118
1991117
1991116
1991115
1991114
1991113
1991112
1991111
1991110
1991109
1991108
1991107
1991106
1991105
1991104
1991103
1991102
1991101
1991100
1991099
1991098
1991097
1991096
1991095
1991094
1991093
1991092
1991091
1991090
1991089
1991088
1991087
1991086
1991085
1991084
1991083
1991082
1991081
1991080
1991079
1991078
1991077
1991076
1991075
1991074
1991073
1991072
1991071
1991070
1991069
1991068
1991067
1991066
1991065
1991064
1991063
1991062
1991061
1991060
1991059
1991058
1991057
1991056
1991055
1991054
1991053
1991052
1991051
1991050
1991049
1991048
1991047
1991046
1991045
1991044
1991043
1991042
1991041
1991040
1991039
1991038
1991037
1991036
1991035
1991034
1991033
1991032
1991031
1991030
1991029
1991028
1991027
1991026
1991025
1991024
1991023
1991022
1991021
1991020
1991019
1991018
1991017
1991016
1991015
1991014
1991013
1991012
1991011
1991010
1991009
1991008
1991007
1991006
1991005
1991004
1991003
1991002
1991001
1991000
1990999
1990998
1990997
1990996
1990995
1990994
1990993
1990992
1990991
1990990
1990989
1990988
1990987
1990986
1990985
1990984
1990983
1990982
1990981
1990980
1990979
1990978
1990977
1990976
1990975
1990974
1990973
1990972
1990971
1990970
1990969
1990968
1990967
1990966
1990965
1990964
1990963
1990962
1990961
1990960
1990959
1990958
1990957
1990956
1990955
1990954
1990953
1990952
1990951
1990950
1990949
1990948
1990947
1990946
1990945
1990944
1990943
1990942
1990941
1990940
1990939
1990938
1990937
1990936
1990935
1990934
1990933
1990932
1990931
1990930
1990929
1990928
1990927
1990926
1990925
1990924
1990923
1990922
1990921
1990920
1990919
1990918
1990917
1990916
1990915
1990914
1990913
1990912
1990911
1990910
1990909
1990908
1990907
1990906
1990905
1990904
1990903
1990902
1990901
1990900
1990899
1990898
1990897
1990896
1990895
1990894
1990893
1990892
1990891
1990890
1990889
1990888
1990887
1990886
1990885
1990884
1990883
1990882
1990881
1990880
1990879
1990878
1990877
1990876
1990875
1990874
1990873
1990872
1990871
1990870
1990869
1990868
1990867
1990866
1990865
1990864
1990863
1990862
1990861
1990860
1990859
1990858
1990857
1990856
1990855
1990854
1990853
1990852
1990851
1990850
1990849
1990848
1990847
1990846
1990845
1990844
1990843
1990842
1990841
1990840
1990839
1990838
1990837
1990836
1990835
1990834
1990833
1990832
1990831
1990830
1990829
1990828
1990827
1990826
1990825
1990824
1990823
1990822
1990821
1990820
1990819
1990818
1990817
1990816
1990815
1990814
1990813
1990812
1990811
1990810
1990809
1990808
1990807
1990806
1990805
1990804
1990803
1990802
1990801
1990800
1990799
1990798
1990797
1990796
1990795
1990794
1990793
1990792
1990791
1990790
1990789
1990788
1990787
1990786
1990785
1990784
1990783
1990782
1990781
1990780
1990779
1990778
1990777
1990776
1990775
1990774
1990773
1990772
1990771
1990770
1990769
1990768
1990767
1990766
1990765
1990764
1990763
1990762
1990761
1990760
1990759
1990758
1990757
1990756
1990755
1990754
1990753
1990752
1990751
1990750
1990749
1990748
1990747
1990746
1990745
1990744
1990743
1990742
1990741
1990740
1990739
1990738
1990737
1990736
1990735
1990734
1990733
1990732
1990731
1990730
1990729
1990728
1990727
1990726
1990725
1990724
1990723
1990722
1990721
1990720
1990719
1990718
1990717
1990716
1990715
1990714
1990713
1990712
1990711
1990710
1990709
1990708
1990707
1990706
1990705
1990704
1990703
1990702
1990701
1990700
1990699
1990698
1990697
1990696
1990695
1990694
1990693
1990692
1990691
1990690
1990689
1990688
1990687
1990686
1990685
1990684
1990683
1990682
1990681
1990680
1990679
1990678
1990677
1990676
1990675
1990674
1990673
1990672
1990671
1990670
1990669
1990668
1990667
1990666
1990665
1990664
1990663
1990662
1990661
1990660
1990659
1990658
1990657
1990656
1990655
1990654
1990653
1990652
1990651
1990650
1990649
1990648
1990647
1990646
1990645
1990644
1990643
1990642
1990641
1990640
1990639
1990638
1990637
1990636
1990635
1990634
1990633
1990632
1990631
1990630
1990629
1990628
1990627
1990626
1990625
1990624
1990623
1990622
1990621
1990620
1990619
1990618
1990617
1990616
1990615
1990614
1990613
1990612
1990611
1990610
1990609
1990608
1990607
1990606
1990605
1990604
1990603
1990602
1990601
1990600
1990599
1990598
1990597
1990596
1990595
1990594
1990593
1990592
1990591
1990590
1990589
1990588
1990587
1990586
1990585
1990584
1990583
1990582
1990581
1990580
1990579
1990578
1990577
1990576
1990575
1990574
1990573
1990572
1990571
1990570
1990569
1990568
1990567
1990566
1990565
1990564
1990563
1990562
1990561
1990560
1990559
1990558
1990557
1990556
1990555
1990554
1990553
1990552
1990551
1990550
1990549
1990548
1990547
1990546
1990545
1990544
1990543
1990542
1990541
1990540
1990539
1990538
1990537
1990536
1990535
1990534
1990533
1990532
1990531
1990530
1990529
1990528
1990527
1990526
1990525
1990524
1990523
1990522
1990521
1990520
1990519
1990518
1990517
1990516
1990515
1990514
1990513
1990512
1990511
1990510
1990509
1990508
1990507
1990506
1990505
1990504
1990503
1990502
1990501
1990500
1990499
1990498
1990497
1990496
1990495
1990494
1990493
1990492
1990491
1990490
1990489
1990488
1990487
1990486
1990485
1990484
1990483
1990482
1990481
1990480
1990479
1990478
1990477
1990476
1990475
1990474
1990473
1990472
1990471
1990470
1990469
1990468
1990467
1990466
1990465
1990464
1990463
1990462
1990461
1990460
1990459
1990458
1990457
1990456
1990455
1990454
1990453
1990452
1990451
1990450
1990449
1990448
1990447
1990446
1990445
1990444
1990443
1990442
1990441
1990440
1990439
1990438
1990437
1990436
1990435
1990434
1990433
1990432
1990431
1990430
1990429
1990428
1990427
1990426
1990425
1990424
1990423
1990422
1990421
1990420
1990419
1990418
1990417
1990416
1990415
1990414
1990413
1990412
1990411
1990410
1990409
1990408
1990407
1990406
1990405
1990404
1990403
1990402
1990401
1990400
1990399
1990398
1990397
1990396
1990395
1990394
1990393
1990392
1990391
1990390
1990389
1990388
1990387
1990386
1990385
1990384
1990383
1990382
1990381
1990380
1990379
1990378
1990377
1990376
1990375
1990374
1990373
1990372
1990371
1990370
1990369
1990368
1990367
1990366
1990365
1990364
1990363
1990362
1990361
1990360
1990359
1990358
1990357
1990356
1990355
1990354
1990353
1990352
1990351
1990350
1990349
1990348
1990347
1990346
1990345
1990344
1990343
1990342
1990341
1990340
1990339
1990338
1990337
1990336
1990335
1990334
1990333
1990332
1990331
1990330
1990329
1990328
1990327
1990326
1990325
1990324
1990323
1990322
1990321
1990320
1990319
1990318
1990317
1990316
1990315
1990314
1990313
1990312
1990311
1990310
1990309
1990308
1990307
1990306
1990305
1990304
1990303
1990302
1990301
1990300
1990299
1990298
1990297
1990296
1990295
1990294
1990293
1990292
1990291
1990290
1990289
1990288
1990287
1990286
1990285
1990284
1990283
1990282
1990281
1990280
1990279
1990278
1990277
1990276
1990275
1990274
1990273
1990272
1990271
1990270
1990269
1990268
1990267
1990266
1990265
1990264
1990263
1990262
1990261
1990260
1990259
1990258
1990257
1990256
1990255
1990254
1990253
1990252
1990251
1990250
1990249
1990248
1990247
1990246
1990245
1990244
1990243
1990242
1990241
1990240
1990239
1990238
1990237
1990236
1990235
1990234
1990233
1990232
1990231
1990230
1990229
1990228
1990227
1990226
1990225
1990224
1990223
1990222
1990221
1990220
1990219
1990218
1990217
1990216
1990215
1990214
1990213
1990212
1990211
1990210
1990209
1990208
1990207
1990206
1990205
1990204
1990203
1990202
1990201
1990200
1990199
1990198
1990197
1990196
1990195
1990194
1990193
1990192
1990191
1990190
1990189
1990188
1990187
1990186
1990185
1990184
1990183
1990182
1990181
1990180
1990179
1990178
1990177
1990176
1990175
1990174
1990173
1990172
1990171
1990170
1990169
1990168
1990167
1990166
1990165
1990164
1990163
1990162
1990161
1990160
1990159
1990158
1990157
1990156
1990155
1990154
1990153
1990152
1990151
1990150
1990149
1990148
1990147
1990146
1990145
1990144
1990143
1990142
1990141
1990140
1990139
1990138
1990137
1990136
1990135
1990134
1990133
1990132
1990131
1990130
1990129
1990128
1990127
1990126
1990125
1990124
1990123
1990122
1990121
1990120
1990119
1990118
1990117
1990116
1990115
1990114
1990113
1990112
1990111
1990110
1990109
1990108
1990107
1990106
1990105
1990104
1990103
1990102
1990101
1990100
1990099
1990098
1990097
1990096
1990095
1990094
1990093
1990092
1990091
1990090
1990089
1990088
1990087
1990086
1990085
1990084
1990083
1990082
1990081
1990080
1990079
1990078
1990077
1990076
1990075
1990074
1990073
1990072
1990071
1990070
1990069
1990068
1990067
1990066
1990065
1990064
1990063
1990062
1990061
1990060
1990059
1990058
1990057
1990056
1990055
1990054
1990053
1990052
1990051
1990050
1990049
1990048
1990047
1990046
1990045
1990044
1990043
1990042
1990041
1990040
1990039
1990038
1990037
1990036
1990035
1990034
1990033
1990032
1990031
1990030
1990029
1990028
1990027
1990026
1990025
1990024
1990023
1990022
1990021
1990020
1990019
1990018
1990017
1990016
1990015
1990014
1990013
1990012
1990011
1990010
1990009
1990008
1990007
1990006
1990005
1990004
1990003
1990002
1990001
