100
9000000
8999999
8999998
8999997
8999996
8999995
8999994
8999993
8999992
8999991
8999990
8999989
8999988
8999987
8999986
8999985
8999984
8999983
8999982
8999981
8999980
8999979
8999978
8999977
8999976
8999975
8999974
8999973
8999972
8999971
8999970
8999969
8999968
8999967
8999966
8999965
8999964
8999963
8999962
8999961
8999960
8999959
8999958
8999957
8999956
8999955
8999954
8999953
8999952
8999951
8999950
8999949
8999948
8999947
8999946
8999945
8999944
8999943
8999942
8999941
8999940
8999939
8999938
8999937
8999936
8999935
8999934
8999933
8999932
8999931
8999930
8999929
8999928
8999927
8999926
8999925
8999924
8999923
8999922
8999921
8999920
8999919
8999918
8999917
8999916
8999915
8999914
8999913
8999912
8999911
8999910
8999909
8999908
8999907
8999906
8999905
8999904
8999903
8999902
8999901
