10000
8557830
1955955
4798071
4533208
9185029
7536323
4869640
5342508
3025198
5553241
8379653
6685996
2076528
8469631
8710869
9098078
9998219
6176190
7070610
1944662
9863826
1852750
9574317
6785869
8957130
8734918
2656832
1005155
4056841
8085998
9736556
2180481
9199491
8360187
6036571
6338900
7542465
1344130
5330145
6468398
6922659
8516807
3321143
3321230
1512840
2964615
8684768
4266426
5466803
6785620
4963105
4237922
8186968
7515689
7603843
3062865
8739176
5395630
8809610
9535751
1246186
9834429
5682915
6363978
6354251
7906405
9726162
8021286
7743192
9604390
7614322
6159281
3083417
4226566
6850009
8144331
2493712
2878642
4768082
3965436
8346075
7954752
5633701
8772384
6342190
6170061
2317749
8940881
8701757
8359697
7209609
8978107
4513713
1550859
3310261
5960925
3446720
7912457
1942361
9239437
1676890
3619071
7690219
2086716
2772722
6618372
3519473
8108412
4573298
2569673
2625395
9067302
8392427
2116955
6383830
4445544
9354995
3880626
9954963
1372174
3818287
9897881
6719738
8676375
5699852
9966424
2404210
9740059
8484913
8995768
7682979
2822203
6197424
3142654
7998949
3411961
3371924
1069819
6270442
4643361
8039309
8149483
3697889
4004071
3635194
6374868
6911606
5488138
6983911
5622728
5762783
1260464
6418128
6883374
3901432
1079947
8308524
2805308
6363977
1728812
3362950
6443425
8410734
7243511
7739216
4373346
5594688
3622198
7922857
9946003
9743802
3983913
5916945
1644200
6502815
1696254
3300122
6361331
2143122
5078749
7492258
4587064
5535335
9374167
7182975
3018870
4241264
6042831
1651978
9465120
4597379
2507776
8331895
6767789
6984562
5079064
7629251
2263404
8077515
1925540
9048152
1754987
2276122
4606582
4499430
9595376
7873251
8087292
3962059
6308993
5936925
1797738
7345148
3184217
7679579
9433090
5445468
7840339
8156333
5828578
9472948
4794051
7824527
3452470
7756452
8151722
7955384
9384415
3235002
1212202
2592038
7089795
2958153
5596107
6132721
6562422
5052316
2692148
4954645
3681553
3013795
5048165
3770772
4335313
7046413
2036659
8843540
9716738
1591654
8717716
7222645
4575285
2787964
4393950
1077902
7125111
3127197
4076826
5570568
2784124
8430427
9302774
4059467
4906395
2051844
6105899
2734368
2842570
1807107
3911003
1897279
2238333
9037995
4476199
7125642
2554922
4300445
5984679
8755609
2761080
4965687
7616674
6246960
2594360
1116344
7310480
6699583
8717076
4819650
3854437
2238161
3613830
5053584
8594968
8014607
3424772
7543849
8817940
7435510
7078706
5805867
3372086
2702958
4007623
2435963
7089951
9104725
7960628
4850892
9547988
3687012
7127938
9957662
9570156
9894487
3837987
7180362
5272961
6580179
9372434
6024436
6164625
9295732
9081719
9680248
2371054
8769333
5716749
7771200
4795005
9051116
7542590
2749916
7946123
4680397
8330040
5726947
2215710
3277125
8464273
3641962
7767114
8759802
9166136
2850779
2979074
8060114
8664965
5507153
3760065
8150202
4794956
8359121
2519968
9005760
2267821
7928987
4358890
7180115
4876079
2957801
9240910
6789297
8146453
1920135
2185732
5152601
3505969
1319532
7013571
7138235
8386007
5887584
7825242
1330333
1718124
7273415
6538076
5569480
5307568
9287573
8933353
7154691
5174033
4023610
7959778
8095942
5427641
8075160
9270683
8646257
1794442
5679732
4879672
3555918
6978448
7260890
3626881
9518949
4618648
1740244
6244063
9344359
6149759
8774244
2659907
1377861
3951580
6516352
4079315
9405674
3174218
8290733
9704200
7184054
8499520
3337752
4427101
1919493
1993299
1980617
3729530
9416664
9612982
9401945
2577042
4179059
7998199
5755574
5021424
8258879
6087781
7871252
6499288
2479016
5123537
8990687
3653997
4116938
1753578
6218015
5732214
9248999
9545044
6947843
3128638
9304533
5542738
9507801
7931259
9291238
5500227
7160997
7879414
5514304
4500235
1170336
4262580
5422479
8574410
2357372
1801803
1860663
4510234
5944597
2203248
8822943
4315428
7957218
6406288
2379946
5572884
8835932
4454630
6937440
6644558
9963062
2550588
7961197
3336863
9327119
4544771
5724057
2894096
8945196
4545903
9508744
6649200
7922906
3461510
8740923
6482097
5520722
7151114
4659174
1353565
3077262
6843751
8351091
9605298
4373091
3967677
6006640
2344195
9016112
5576689
6010733
1032279
4081342
4458784
9845953
5169071
9708008
4474430
1354741
6527964
3630438
8767686
4045617
2274734
6945829
6766097
5981350
7907820
6974858
6166035
1001116
3263264
4280334
3276804
6432861
9817785
2366660
4136411
7685066
5566366
8992897
2487025
6929293
4211577
6941196
5091853
1490071
8889162
1987646
9688763
5316067
2389893
1480899
1032569
5087690
3385229
8184155
9138340
7457401
1367682
3111035
8463368
2844256
5984745
3144847
8421455
7130637
1111146
5870996
4856859
3879641
6220719
5115041
3414006
2319288
6326058
8759854
5137304
4745583
6833399
8547848
7827034
8372722
5881492
4029316
9813251
1600260
5477933
6398338
6833440
5407699
4864636
4897996
2801568
8389499
6748584
6382168
3568952
4437482
3360413
1023730
2591276
2597844
3619732
6322470
6947734
7268800
8394947
9720109
4502003
3698194
7895975
8660606
3058243
7976683
2043217
8783215
9029777
2169223
2606022
3003012
8706404
8464853
6500642
8734279
4461676
2915044
6810823
8593377
8066815
1040444
1538394
5697520
6487734
4927755
9028814
9740754
8206283
7023890
9141244
5975009
9303165
8821904
6461242
3487552
2150663
3513069
8091299
9286845
1049549
6618610
1316672
3768911
6982440
5260615
4021972
5293979
6635083
1552924
9220429
4961426
8333765
8789020
7798744
7570741
1901497
1269288
9037301
7545563
1984764
6530073
4097261
6180627
6343127
4593544
1473248
5771958
4703765
7831753
9810516
4280783
8993854
7618213
6943378
2812717
5180260
3283024
8113978
9751680
2034837
3898771
4282993
7559907
4153562
8458922
8933896
7220633
4179878
3030185
2496993
1802283
5065026
3355611
9805853
1264593
8172880
9807779
5597201
5912736
1684294
9633287
4998722
1248323
7892100
7387961
3615173
9143213
1421313
6485032
5802555
4715222
8283338
6171816
4090108
7345052
3141932
1752845
5605131
8030620
1577844
3236790
8276545
6230169
2368348
9835680
3840190
5354261
5022232
2567640
9823773
6894974
7589728
9393974
7257086
1171091
3763048
7451614
8948713
5889127
6657550
4513808
8823144
7369773
5221571
7128123
3229526
9865037
1746341
5839398
5192967
3121686
6103483
4917744
7504383
5597349
6646586
7394441
1028750
9082005
7110647
3289456
2401795
2358400
8051053
7437030
7129552
4306965
2605577
8883995
7350582
9763522
4439891
1408504
3248497
2329221
6905711
1076053
2843391
8783910
2480524
7279941
3636540
7579607
4212700
8418590
6102785
7327895
3250261
5223501
9760326
4353299
9100174
7165922
6066260
1991846
8534453
8558424
9800375
7110315
7330687
9299297
7254827
5668176
8383297
6906184
4860910
1484246
6374983
1630102
3332310
3650823
8222186
8327513
1595996
7767415
1576590
9162634
1781264
1733751
5829467
9372454
9372486
1270029
7103748
4466799
5650392
7674624
6029150
1244804
5860125
2543835
1604499
3163007
5114122
6021504
1474159
7439198
8781759
2689552
3349497
3181061
3121820
6370408
8452766
1400906
8364557
3242166
6316065
7119313
7741724
5942269
2167967
8351569
6608109
2209717
1215193
6010679
3937271
5101614
2201338
1607801
9775912
7067943
1769252
2178214
8644369
8197259
1224909
3599045
8842195
8305635
7533255
8739091
1656154
6199634
2411976
2379825
8574992
1606941
5536158
3032901
3206764
2739441
3807790
9369872
2084157
7515066
4982382
2923521
1039976
8858409
9242945
3758496
3184929
9884382
5921538
6666374
3346401
1388671
3049948
7905203
5211452
4194248
5079841
7550184
4947166
7818411
1011960
6301726
7107381
6658074
2787556
3724502
9960682
4259899
2733242
8026299
9056596
7035108
9930146
9646118
7788981
6417471
6943169
1667185
3367912
1929616
6301838
8721238
9518674
1674309
6427411
6343368
9001304
4190165
9587725
5710394
5184944
7186757
9459439
6369512
4642116
8470463
5302763
7100516
9275164
8758219
3922826
8618538
5956779
6889131
6267597
7394789
3344452
8832138
2928180
7300379
1476605
1643669
1436983
8984158
6174643
1488453
8137706
2751454
3962304
4629420
3408733
7093380
8425970
7223862
8796564
6014768
3107365
6851258
6600940
2304245
5215363
9380314
9486782
3368955
1856762
1629447
6418272
4465759
6587718
3281688
6190881
5250038
3375135
2433589
4536925
7175320
9892390
1381951
4089210
1738050
8951619
4117603
6039344
4650396
2213954
8898560
8893759
5523597
3230375
1344101
1810597
4095524
4100591
4086270
8368159
4198673
2701984
3848392
2790058
3929547
6725803
4060275
6249449
4341339
1264640
9747912
8718736
1557505
8271457
5793364
6259801
2535735
7304659
1696564
3263855
4644995
6115002
2066089
2991417
5953016
8451708
5997726
4115601
8243319
4042855
4491352
9345668
5418722
5145663
6105558
1473195
1476042
4687658
3351458
7760027
6020906
4519798
9465502
7392609
6940332
3935317
8749122
7224098
8072066
3694446
8446405
5545449
3580096
9957376
5471331
5394665
6216257
1082698
4827591
7612701
8362895
6178325
9331697
4488061
5573119
2181789
5465097
1536580
9032195
3727165
6692436
4444495
8433882
5388138
7508175
5646087
1210479
3995602
8160835
5856682
8203518
7199014
9413024
1029198
9346220
7354804
1210805
9237439
6688303
4611994
2353175
2613771
8613115
9666863
3695311
7542059
6599095
3210971
6494649
5501156
5605792
9590130
1970819
6852005
2954020
1831196
7763612
4016603
1264226
7661640
4826213
7930947
5946545
6077705
8151108
3842759
5606182
5714712
7961207
6489572
4673050
1399323
7599517
5645802
3164675
4388494
8790148
7011885
4127330
9806825
7194415
8872059
7749214
8277522
5962854
2137910
3816896
6145355
5623675
3253707
8614222
6324918
4364378
6983948
2547587
9686943
9715833
9096675
6799399
9933147
4599337
2717471
6634147
6212959
8325147
3453602
7799105
9086706
1944031
6998267
1183490
2419047
6141081
8832009
9095911
9114541
9563197
8283601
6483460
8032009
5446789
8093770
9779643
2472390
1045393
5455549
1110997
4564930
3362167
8584842
7446886
7699620
3273707
2090976
9501154
3691180
6028616
6228940
8309067
6226379
1606191
7976902
8789917
3672108
7110361
5782079
9818699
4919779
3021144
9337439
9043651
3373396
9634939
6953349
4361032
2313398
6725426
5312815
4509879
2422176
5619334
2082044
7148492
7724340
3329397
9071200
6592382
6421651
2707036
3379095
4104217
6526857
3575270
6480989
7826939
2060562
8613293
3106996
8639457
6531987
2472399
9483518
5583155
7153533
6019827
8233822
5502765
8384751
6685052
3661313
2470784
9307275
1286118
5045418
1511897
3745907
3694967
5725758
3692592
8624044
2563007
5529307
1062884
8036875
9539547
2879464
8406333
4257503
7898871
6867073
3822666
7813150
7869538
5202440
9584805
9834516
9239951
7012452
3891052
5707648
6020489
4900116
3419713
9981593
7827791
5682219
5223844
5752617
3417313
9483234
3976992
7630807
7371153
5519865
7680923
8291866
2538942
7140767
1800859
9038340
7253877
6881740
5710870
1655644
7355081
7806773
2686184
7682216
1600597
9123623
9296698
1331755
3714128
2798262
7474417
9539043
3283417
4112055
4750446
2530461
3896507
7074948
6854540
5478771
8571890
4869480
2998328
5851958
5733015
7296307
5978188
3355024
7399425
4878551
5961212
8736773
8891421
7206123
7993093
6904587
7981775
2845304
9029346
8329894
8103001
9186297
3452793
2021384
1357316
2208191
2170646
8888824
9421029
4594725
6588343
1311778
1875659
7618448
9599616
9300207
3403502
8746531
2530512
6336589
4096578
3567946
3005436
6992305
3555820
4147532
5537011
7883355
2927588
8907118
5945698
1795587
2644244
4728037
6792256
6339154
9330600
8522474
9573453
6888555
5632232
2434660
2211791
7915442
7732154
2950418
5613213
7014060
2717011
4187088
5817937
3445073
1070191
3647715
1587583
5615168
7317255
4741848
5510403
7109329
7557860
2484041
9214058
9387512
5448473
3690496
3168903
5581431
4144406
8357641
9589474
5619660
8824642
1355282
4611421
2017228
6861096
2803925
1246303
8857199
1658094
4683129
4287548
6858598
6019682
1723772
6763597
2125449
6497039
8627117
6031948
5477861
9887975
1505169
1314331
7711045
3676873
1934196
8410046
8475144
8785356
6697010
4930686
1498611
5109661
8180925
1140520
1217912
4414998
7558393
3483974
8021694
9866640
6129774
8156420
2623130
6446954
3158381
6133413
8994933
4302658
5813357
7917775
9291383
3510037
3578719
4270485
9473492
2910570
1620392
5279980
8621461
3973404
5744559
1622825
5892738
8719095
2870360
7310825
3755045
2352626
6818599
1156376
8650546
9101479
8486951
7495767
3892109
3056703
2758924
8145640
1790100
5755010
6908159
4680460
3263566
7216478
3526026
4417087
7095315
6857333
3277613
7463682
6796166
1394988
4143847
9464530
7960903
5310162
3144624
3864287
1047493
7066542
7397902
7873960
3984987
3476316
6081253
7842093
5298593
6520113
9779443
8718181
4801590
7075630
6816012
3456330
9745468
9304986
6389011
1637538
6563676
6266571
5265586
8810343
7414050
5010342
2529091
8103505
8656292
2355716
3859263
3635539
7613662
8756792
3559318
3017308
7751337
4222032
7307079
7659815
2575413
2318928
6230794
2925773
3108971
8291925
4808979
9381625
5193151
5035505
1193249
1888069
8348661
5851866
4775311
7168140
8532755
7517952
1980090
4428520
7955087
9446023
4702020
2991732
4685041
5287754
7017215
5589837
4936451
1691377
6155261
8571333
9332712
1362685
6263719
3542984
3813506
9789249
8989788
9446339
6543224
1715539
8103668
2908745
1482287
9603908
2063292
5240696
9383695
8809332
7560532
4175476
6321632
1293986
9426679
3388931
5063662
6098523
9235082
2366258
7313274
8588745
7914440
1434726
3658715
3069870
4781852
3497517
2045620
2377825
5526975
3644142
6836143
6847312
3578316
6743998
6485265
5706559
2523234
2427316
8069599
4592017
1246458
1160808
6546201
4266381
5151761
9514184
4028101
6293755
8124294
5898187
3452983
7504470
9776687
5727827
9439886
2894068
4673640
6190604
3189433
7445285
7956277
5591690
4750139
3439377
1752362
2753787
1437469
7928325
3072344
5593824
2336507
2537103
1765258
2438082
7910993
4780696
6060216
3216218
3194013
6785593
7508811
5353234
7407679
7151762
3692346
5628147
3045073
2957352
6506956
3636311
5187225
3739901
7647701
5599088
2374990
9772540
2441093
9612976
9674697
2622885
2001871
3762187
2870234
5517638
2063983
7915162
2717135
9444523
9170575
3039282
8122832
5917511
5733714
3141677
5796861
3826700
8286498
2007183
3179363
8955048
8529254
3628603
5241740
5658353
4494224
5444655
1437318
4557098
8214150
5999190
7788446
7564022
3196725
1349662
4697678
8211766
2761030
1805513
4295220
4913094
4096563
3687767
2245068
7841932
7357970
9516860
2721256
5248076
8176725
9897110
4488693
9247813
5278113
6502979
9806113
9955193
6833324
5293160
3609756
9546444
7319291
7977725
2931372
4880698
3609629
6004648
1552045
7267119
2702921
4333967
2996464
1267049
8519646
9560586
1633010
4373608
7084900
9279424
5848215
1185249
7647350
3258857
5262776
4001024
1432226
3674764
5361178
8196149
6993987
2244355
1900016
5228153
5523166
7851868
9743059
2052512
7257268
1533529
9275088
8533353
1475527
7802883
3733778
5170972
4255791
2218562
6536257
3906315
7139942
5774376
8560323
6597061
9518658
6745032
9660402
2818616
7655411
6104425
1716693
1679125
8670397
4855671
8492122
6058896
3971007
5005580
5657555
4679704
8060068
1673675
3114103
3666148
5819840
1366758
7368540
2639015
3647703
6917272
8840259
7263318
8961426
9425326
1337556
1725919
7203211
4944458
1018139
8105780
4596371
7064184
4630883
2444593
2927544
8311061
5979105
5996835
4094468
1134116
7359067
4482690
9929188
8088132
8724466
8289208
5220741
1415383
7862516
4881810
5639589
1608972
7307934
9540671
8135496
3432943
9611354
4000711
3718536
7597407
4312637
2934966
8583626
8601705
4655828
2490738
7125086
1795852
6592614
2275921
6237487
9944797
3866964
9300526
8217292
4138396
1403560
9995261
1150693
6655919
9896172
5616558
7312393
7868133
3640356
5802223
1301718
6074733
2374549
7207661
2912202
9913673
8926318
2954949
3159353
6612878
9671839
1633614
8456487
6349661
6203073
2094129
8959191
2521079
8147310
6325372
3035316
2342484
7855154
6646828
4226816
6404589
6940665
5525937
6738795
4505444
9647067
1616543
2706014
5640800
4410668
5712938
1697207
6724189
1348223
4244457
5085079
4769492
8742158
3345454
2479177
7243016
6091682
7621157
3805293
8426713
3729865
4405100
5096629
8918324
2654721
8076915
5352815
2455986
2260782
9335197
3428980
2255576
5080227
4823293
9655887
2802080
6223168
1774044
5352593
3630878
4778096
7388314
9569988
4056173
2796183
8915363
8818558
9910428
4946025
7296564
4767392
1603051
5163549
2973455
3711871
5240827
5321114
7621092
1807281
2447997
1374538
7198296
7655099
5245882
4795238
4693090
4363730
9704339
5645969
2534196
3453600
3550874
3520601
8474296
9570545
8000609
8945779
8286851
6930069
3478857
9327390
6296862
9284672
7468047
2027441
5580051
1025184
7613586
8248968
6887413
4928158
9102344
8060876
1083300
1290344
5069161
5056115
4772647
1727822
8338180
1764847
5954251
5714739
9942761
9055106
3095275
8960941
7211088
8166434
3522304
5639119
8235248
2202216
6532123
2548974
6053714
3384622
4898449
2782450
5572176
5467226
1684728
9426279
5146648
8885133
5381215
8342340
2245734
5071649
3876859
8699795
1008801
2156578
9417167
1909258
2116876
5733594
4810075
2596880
3071728
3617099
8040817
8832851
7397225
3948416
8421675
2665720
5933903
8393261
6488082
6789516
3511158
8651375
6556675
6766059
4620527
8209110
1300923
4579750
4686296
3616945
8787253
4838633
1793235
7958329
8891081
1878141
4081699
7316827
3916616
8318258
3045716
1323424
7606822
9462145
8643627
9347750
3882871
7952225
9229828
7400755
7725788
5687503
6284235
8182216
2085384
4395570
5876269
3648532
5169175
1904206
2768600
5947651
4491775
4224209
3854577
6328966
3465306
2062877
4541461
7738643
7979770
3109556
3373138
4493215
8647926
1080153
1510047
7056290
5035085
8484150
7837769
7844203
6177049
3483265
9445168
3246093
6289006
5906237
9346690
8306290
6739435
7054845
3562542
2656726
2779464
8386746
2895291
9452511
7346257
2268688
9359379
8041659
7538970
8474142
6142075
3197441
8168379
9375996
2070220
1907651
2272486
4779049
8037071
2421324
2693752
4482397
6704324
1505662
1759021
9411834
7237204
1383198
4042735
9828538
4766001
8280444
3412848
9068589
4164675
6000453
6630757
8833769
2865812
8207570
8630438
3364198
3450278
2925534
7067836
2795297
5715403
1837227
8722499
1269825
1581214
8315837
8312424
3587224
9933128
1497891
7984861
4701259
3303062
8799538
8302587
6395125
1074074
7225851
4885015
7229200
4988319
9974671
9230808
1461581
4545409
3558618
4033887
6180102
2471260
8795085
8823361
4155649
9605532
6724256
5248570
6907734
4068973
1270319
6658003
7303580
9238380
1397059
3491518
9553296
8374646
6266748
9096607
9450255
9039536
5309612
5430540
6742701
9241719
7092743
4480281
1223094
5280193
8125585
6026822
4538045
6926204
8649384
3341122
7871682
9523758
2090755
1986173
1325689
1412492
5055346
9476064
6733032
8113399
2788223
8312776
2190080
7827100
3752429
3815819
1362007
3445916
4218863
9551026
1767492
8569132
2404171
1303456
1952243
9182245
2811336
9857001
1037107
9847287
4582877
5340231
9192462
6951449
9325052
9505802
5370953
2531213
7924350
7860823
4510884
4984186
3896751
5215139
9285635
6118938
4017876
4044887
7026965
5236421
2586124
3953094
4606163
1469717
6909157
1736253
9383701
1522021
3162511
8047746
4957721
3346588
7249709
3428441
3662093
4063423
1999555
3948979
8875374
7194941
8462762
4565904
7402713
6969724
5584091
1937439
2261801
8942269
1614083
1414115
7403217
7051476
1683155
3611697
5318892
3213164
9471290
8709000
6549643
1270728
6129062
9082096
8795438
2774484
1564184
3333374
8960413
5196477
8318447
7123015
7351225
4712551
9741640
3156339
3240294
2349214
8660235
5717228
3687843
1381040
9813432
9981751
4357588
2924257
7119563
6238971
2405743
8152294
6906397
9733665
4850981
4784791
3072021
4725419
7263699
3332487
7462302
4904831
3599232
8614862
7900457
7111709
6527593
4711281
2090502
1627568
4457675
9867000
3268182
1300154
6650376
2753256
9215540
9385380
1047405
7117851
7749733
5281380
1820362
6416997
6821693
9977392
6981899
2889849
8223427
1165570
7288526
8301868
3671991
6572253
5387862
5276271
9232393
4494887
6346222
9589435
9395797
3553135
5316641
4429481
1496086
2164050
4688600
6227528
9141647
6155528
7466965
6519562
9997897
7460181
1266055
5443993
5851553
6423661
4006014
4337455
4758937
9172431
1247833
4199571
1407874
4193486
6499349
4071387
8978375
5595700
6969441
9827382
5570133
2630528
1146711
9097969
2304033
1759610
6782604
2747062
8237457
9402133
1437834
4249912
6230527
9927348
9592709
3522066
3417355
2481664
7823517
1272912
7189447
7177441
8500652
2394302
4446200
9672251
1175015
4280336
1674531
3467020
5772465
8217626
1246813
4907340
5411141
1632225
1828032
8341715
7134131
3336130
7641602
5894465
9921551
9821402
6690943
4875651
1933869
8413134
6200097
5143233
2389497
9069509
8973469
6653760
7854133
4800898
9053217
9104677
6792147
1181230
6032605
7904511
5578398
1327198
3918071
5319873
7102459
1490993
6077563
9828110
4160741
3796605
3512641
8984742
4637153
8441987
6024776
7231648
4570894
5491184
7904707
1520305
9266616
7266677
7204523
5807876
7565782
1639266
1050797
1169835
2254770
9678327
6404348
7201093
4428392
6037035
2268297
5691000
6579626
2287464
3465953
7182722
7723115
4005423
8802527
9911355
6442418
8247297
4289435
7891925
2534800
2446030
9257811
1844990
6614972
2789369
3619440
1583997
6106222
3448908
3750044
1364364
9832411
7605936
8782593
6391246
1809792
4074600
4303348
4429306
7035177
5566815
1049539
8331574
1672588
2388119
3486212
5035263
8791857
2301716
7411408
5791552
8306723
7972321
7780728
4467346
8425701
9567449
6363366
3661123
2933430
8771392
2257917
1144386
8863334
8256747
4798716
3008938
4426757
8639958
2287240
4295013
5494081
2337670
6062042
9473180
8535080
2681598
7798272
7837908
3669254
4595077
5263959
8300163
3814616
2846536
6711937
6094227
7986369
4384300
7218523
3690583
9949805
9768887
5468145
2013588
3282307
5857968
4260405
4558930
9734104
4316540
3740917
6705219
9811809
8462332
9606652
5010843
1823863
8164291
3993979
8379833
8196594
6051428
2053432
2826645
4737622
3388755
1387079
8852971
4721122
9023987
7378912
5893119
1739795
6607161
6765312
7131370
7626835
1254719
9617124
4585236
3334999
7465307
1742482
9193426
2211337
6574625
6195177
9381355
6496634
9660767
2119532
4616222
5787899
3051496
1469715
7743678
6668702
3766660
6865026
8381785
6887768
9894485
7905076
9390108
6406504
1535277
5094466
4011004
2727389
6064639
3187184
1296433
4345196
1222123
1397041
7113780
8445609
1161286
9980435
9227067
2499904
4075122
4712829
8385435
4995628
4837762
7000007
4933662
4182935
3388225
7992042
2049516
3036153
5867827
8809873
7110879
3967925
6346436
6117583
5516170
7552714
2758280
3467674
2475586
7800871
7802379
8761784
9240368
5402842
1942035
4752320
8459589
3224074
8623123
3636924
7112240
4667274
7879153
5612285
4011861
7304289
4509026
2639318
9041190
3087095
7743188
5201005
2180550
8653097
6910365
7060566
2399188
2365288
8506179
5594762
1338781
6715783
9270836
1522904
4935382
4802987
9799039
2017042
2957320
8742663
1529530
1476802
2108509
1252839
4346046
8379141
1330955
9809084
1162008
3704976
9125166
2793145
6946729
6136417
5000035
5449485
5107697
5938249
1531018
7031097
2170320
7110624
5606668
8089812
6395317
3552753
2445422
5892964
2770683
2078583
7105149
4878543
3865240
9142142
2038290
8030754
4797032
2547639
1745256
2386529
5227410
1106598
6491284
7505128
2667826
5008901
5939501
6251136
5667359
9023390
4136796
8246093
2311902
5201052
1038614
7835726
7094015
2284074
7602728
7592966
4360334
5951008
4792522
3671706
3246749
3499554
8452039
7880724
9722920
2238994
7848260
4707647
1592074
9021161
9685488
9104603
3724534
5920793
6636139
7170522
8325344
6074678
4558762
7305730
5881342
1690845
3826546
4848110
3530185
5940844
4663948
8351152
6001041
1060692
2641144
3074801
2834616
4740804
5256085
8978492
2071734
3747128
4967791
5891654
7224437
7184104
8602362
9374098
5859662
1080973
9699399
9839163
6432780
5413497
7030869
9337202
7760503
9808884
8666418
6777970
1710148
9465200
8930138
1449186
1749067
2933021
2245743
5791523
5099466
6311125
7706930
8637698
4189945
2242575
5703162
9042814
5637237
2821493
7258666
6162645
5281697
3640632
4473056
5265236
5349090
5151390
6135403
2766205
3059234
9429826
4527437
3645901
6417360
4132204
7365762
7301237
7659893
6506993
9698072
6741992
1826291
5454373
2712951
3233326
9116241
2066184
7087243
1945816
2653346
9947391
7558032
3380549
8358344
6320507
3573606
8977268
6516067
5120830
1041598
9919401
6748062
1600172
1344603
7765380
6516340
5699081
9816620
6620208
9181215
8659849
8139905
8757913
4575913
2663404
7540701
5973025
4356528
3437811
9727395
9368396
7641700
1835485
2989268
5541777
9618290
5088182
8583105
9950907
7381798
4713986
8341556
4420496
1025268
2241437
8790404
4361473
7879672
9720286
5946992
6718971
3225944
7608213
6365043
4958645
1753759
3692698
1038602
4898714
8269923
1210159
9896539
6295248
6049297
1315928
1696055
3757641
4284672
4249481
6591329
7609690
6775276
2344952
1978791
4726625
7019044
2912980
2808656
9640667
2994542
8770901
8075263
3970903
8560673
7513181
1218311
6840364
2314779
3083198
6476488
9647817
5446229
2185710
1905081
4388350
8101508
1940032
8405479
7971118
1046073
5513844
2422150
5594735
6772484
8454984
8712685
6893965
7250333
2349168
3542895
5027267
3356499
9680468
1643223
9120651
9721977
9407696
2272556
7421903
5216830
7174241
6944598
8693727
4408764
4034022
4034223
2066333
6100763
9590036
8734038
4192455
5446294
9001950
4403160
1992285
5522079
5971036
6264336
9808427
1469760
1160218
2176985
5625696
2543626
3844460
8907538
6977831
5638417
6960016
2842417
5163445
8268063
1788627
4186579
4340107
6603224
5069432
4068188
1423718
5360863
5634646
7651866
9027404
4797119
4474096
2063743
4644001
4722244
1384754
9633175
4960355
8822932
9897122
1095742
7291034
4673137
7605741
7778814
2717027
1629464
1557939
2741256
3978526
4358463
9309852
5528417
8723821
9871594
2011588
5526223
8771607
8575903
7462188
9242509
3685686
1499243
2330122
8737307
5069061
7380533
7203412
3243577
2132437
6379906
8681952
4954078
6560945
5179312
3403407
8824765
4275096
7247343
8151810
8987992
3995106
2846149
9841268
9188343
1811006
2516306
5218218
8664066
5640459
7146579
7027455
1485381
9670756
3719883
4915876
4961284
1004368
8815327
5197280
6335256
1477258
4677953
8110324
8378626
6185214
9269496
8934945
8894813
6028165
3972190
8868285
4403105
1558426
3475770
8584226
4501389
1707301
9537935
1227593
1010548
6003151
4392957
5002167
4940076
4621110
7714166
1907286
5007363
7400875
7893076
8159023
9339403
7979977
7644330
1657629
7261344
3901744
1999937
5150308
1259952
1343027
7444428
9782331
2014258
6226685
3767341
2458240
9156299
2508314
8327113
1679762
3061453
4591149
9571627
1618740
8053825
4243445
2277973
4932128
5420022
6890421
3020596
6672464
5970546
6453419
1135436
8667108
5469145
3126560
9968642
4027841
7311885
8493280
2231857
2532462
5347981
2007364
2784943
5175748
9728457
8981390
6743386
2156854
5048125
4041500
3089317
4362981
2394499
3303192
4518096
4253185
4711767
9857966
8453998
2807661
3361389
1547446
9008960
9890777
7602270
5257572
9553987
6333581
4794420
5046262
8828799
3470500
9666753
2359134
3671256
9703351
6377119
1959144
4030976
4116306
4476700
9980444
3595052
8516396
6650380
3938055
5550845
6237786
9896124
5902822
7688531
8966292
1770509
8278661
7437502
2024732
9762214
4144510
1210950
3093267
6805308
9169741
6429019
4587582
4971382
4255251
5580559
9803344
5919949
8569392
5135395
8653337
2280266
3246038
7585991
4383415
2094155
4347474
3412447
1734107
3496647
2537190
4069739
7268270
3036192
8190165
7367877
3331845
1327264
7083526
3707568
5353026
2327407
2631059
3384736
4981852
5767165
7818555
9510197
4025489
5755787
6308758
4697068
4041010
8972775
4359457
4331056
2754167
2885384
3099626
9538108
2159332
5230143
1025621
7483765
3625899
7887527
8962264
1366654
9325067
2105198
1121586
5588484
6954449
8465748
6495994
8509612
6691838
6061420
7150079
3775345
3642400
3172578
2272531
1515866
2191396
9728131
1360997
7417836
6215708
2071803
4057654
7822485
9872260
2858443
5079787
7900585
8741411
2404850
7571532
7234312
2317896
5710815
7987084
6477400
7993057
9674004
8193826
6014063
7397307
4062028
8571134
5693780
2487694
7578208
5852038
4086415
3886648
7533031
9433843
3738453
8141485
2052020
2686743
6321217
1873165
6108173
6626249
7294776
7576270
2554834
9129284
9162548
5563602
1424242
1857459
9773388
2588530
7530485
9759873
5802954
3419876
9784357
9618992
9433109
1414611
3734438
6577112
6834248
6088462
1802497
1513530
4503395
1932412
5581052
8050276
9787625
7570701
7213748
9043382
4722978
3114795
4657325
4275333
3272810
2494074
6334329
9658576
6725817
2653476
5497912
2751121
8704061
1485402
1678568
4043974
6939541
1537855
9751669
4270784
3575423
8164614
5991970
8985946
4697446
6476327
2297089
8276909
4132012
5011533
1372536
2921986
5551430
2363539
6154045
6785233
9146457
8880207
6265715
2998650
7589191
9586967
8624413
8633593
2249215
4428890
9693307
3509287
6234348
9758826
5165707
4356590
4588676
6354888
3525523
9448867
5381524
1222231
7193428
9861034
9195131
5349637
8290769
6837446
6695973
7355214
2372888
1732271
2993833
6200979
9240296
2470017
9469077
1349466
3846756
7166050
7589856
4558055
1055552
7969027
6888633
7007547
4329770
1090338
4851191
4306683
3563178
3719422
8166848
4104588
1379541
8596012
3282718
6982068
2942631
5279033
5608742
4378460
8455392
1324472
9253731
3270372
4323528
5346598
3244340
9157135
1219350
1942755
6644714
5292992
7955997
5518107
6243868
5467507
4482481
3561037
1498366
3308641
9537521
1061394
5203232
2619022
9089541
6642474
1087420
1111892
5504098
6254371
6828474
7048613
6972731
7528363
6757695
1618755
4778124
9113967
4108747
7250060
8920241
3152940
2421426
6150804
8089668
9005093
2260823
3346122
6216335
3456966
7826588
7824248
5848159
7188384
3491093
9519316
7443946
1454788
1771173
4881019
9656706
5451437
4665041
4702400
2842723
7985208
7571180
8877968
8142282
6012055
9563363
1892258
1708423
6356573
3930387
4901908
7121076
5725444
1139631
1644504
9244470
5296909
7827919
8190304
8399419
1329879
1039910
2581951
2143150
2393291
6117290
2842906
3351712
9237862
9511074
8698782
1801127
6094776
4613627
7085467
4454299
8962907
4890083
5370440
9999222
4108895
8569667
9111800
7988989
3423429
6160495
8385157
7165965
6433083
5188175
2151851
3062727
1094487
6167763
1603103
3015488
5347358
1679835
2188553
5972930
8500630
9304341
8958879
4546807
1392801
1804923
8923484
5186423
5564693
3217404
3230712
8562680
6165881
7667554
7062752
7594502
2827210
5451981
2313048
3699236
7050279
2759086
8089080
2982226
3611936
5275566
5411876
2771631
2035797
7327855
6213504
3711433
6810309
1290676
1888203
6284267
8247061
8688173
3016562
8619463
5706932
8447654
2344640
7516172
7514476
8016553
1673348
3113201
8112834
7379185
9036539
3382179
9164185
9082129
5797886
2270620
1223075
5538061
7083766
9241733
5313457
8471311
7695382
8961318
6949892
5495740
9458498
6951723
9090996
7041465
3322790
4232249
2651800
5798760
6302721
2637018
5809663
5567384
5967251
3923925
8903934
7393108
3114220
5175258
2158833
5094467
3708550
7078637
3187335
7214824
6029733
1843745
3335921
5373915
7745125
5617471
7917186
2789336
5122899
9995959
3185621
6262566
9978568
2777639
8183290
4796715
3489843
2286177
1234090
6666214
3682366
1439842
1807028
5485046
7667308
6621649
8945920
9731241
1428128
2222725
4278572
8333264
6840664
1880867
3850741
7994826
5882443
3079038
2395656
1821253
4130008
6825471
4933152
5216460
5529376
3975743
4535281
5746342
8545894
9942251
6342981
6655196
1657981
6046840
8649759
4495126
3303482
7921864
5341413
3017046
8671452
1327660
5417691
8008924
4740608
6777867
8445973
4757884
6804593
2948185
2583116
6318726
3985583
8128627
2494541
1695349
3926702
3817699
9387541
7800834
8670850
5205711
8749993
5503929
2908624
3094600
7932348
9502845
3191352
2322359
3689785
9975688
5324201
7984242
7812787
4663878
7368077
6845456
3534178
3480450
2078447
6631106
7824736
7018745
9751313
8784668
1163477
1419414
5224113
5495202
9634191
1118446
1553454
7331741
5438053
8410694
4555439
9977592
6145677
4204994
3753452
1264231
1469475
6791423
4682601
6290992
6814772
9961027
2230207
1444221
5365883
2673796
7680116
8968016
5215572
8735902
6212813
1490544
7837687
1036754
5657723
6706667
8389934
3475267
3672075
7857629
9690593
8432523
1430809
8287545
4224745
2303966
3438479
1235982
5690427
9343260
2915418
1539524
9760447
1720413
5549134
1126687
5555889
7009409
4226794
4840923
9835798
7134926
8480629
8829544
8940099
4122215
5864490
4185072
8980666
2889217
1533545
6278303
3152246
5856663
2469736
2887443
7088368
3816520
8487825
8916221
4496321
3136351
5598965
7069175
1969195
2994372
6573617
9028719
7016962
5392530
7740751
8558322
3141176
2351305
6155767
3274901
8799145
6412093
3125847
1100416
1182332
1222351
4662320
1139636
7537682
8899274
8248458
7377831
1337787
9839945
5626578
1802269
8094342
1906367
1947634
6952306
7441824
4152840
3342113
2405893
5027145
1814310
8422500
2010271
6644890
1138430
8629861
9111717
8270994
9875133
9360377
4892187
9219762
9347717
2845856
2406602
8156008
7706037
2055064
1093507
4324593
9012664
6377218
8509780
8525409
4548661
3122128
3994603
3162726
2874351
2689006
5634353
2164907
4802118
5041937
4748545
8769938
1791990
4550005
2054506
6578550
6103063
8897370
9735201
3068911
6520805
9889000
2633586
3154133
1579312
5746722
9108297
9545962
5518167
6051920
3542356
4196946
5655568
2619161
4973708
1794646
5151740
4396144
6673492
4373530
2742842
8611197
6597784
5156442
7381505
5590991
1631418
3011755
8384058
6704496
9776994
2385616
8468092
8161297
4724149
2275939
5518906
9122071
3229047
3015726
1854539
1216325
6756236
2812578
5980105
2878059
6937819
7753983
6521205
7112231
6676500
1196261
2712745
7949498
9884045
1892946
7829861
2982237
7256015
3224219
5470510
8389972
2964662
8041303
6769733
6287683
6238953
6558505
6453612
8621136
6304863
3967070
5828166
7927697
4127531
4909968
4969272
4443391
9668930
2368954
1598779
1205738
4611051
6473316
8489611
4120134
3674246
6817272
2831013
2676389
1003264
7938125
6736261
8504254
4917325
2893283
3309638
4610558
1319608
8412488
9470669
4092950
6381408
7545066
4024568
7338764
9751299
4158517
9231284
4802573
4920520
9487966
1239325
5068763
3028919
3645952
8008673
6754642
8766028
2685438
6627743
1953257
5223005
8704322
8791364
4705950
4290824
7940989
6985855
9338250
9767592
2076439
1890302
3256623
2245834
2876600
4106328
9088414
3077931
2528823
1069805
3084333
3252092
4101475
9684307
9883560
6441522
2983392
3903843
7661942
7464823
4997043
2537436
5814575
9229485
6675696
1403862
7288372
3475093
9239435
9309265
5399782
2198027
2623254
1889183
3776579
7184084
3304986
6818631
1305230
3209531
4586296
3949181
5287406
1121712
3491825
7181487
4092386
2642218
1896060
8732552
7823194
5272088
1940040
1192307
9049008
5380362
4067641
9732473
2494983
4601557
3990527
7800044
1977804
7885208
9724725
4643663
3651484
3988128
8158119
7143189
8445726
8065075
7965775
2565041
2820146
1326931
1312481
7058991
9157120
5845473
6784956
3217377
8330637
6503533
2912035
2001405
6012915
1460699
8231981
1170133
5433720
8531665
5376825
9292503
5352426
1220302
6348453
2952847
3827152
4955957
1678016
6914153
6220340
3223179
5664605
5470163
2500143
3563093
6509794
6650779
6104340
6084926
3718513
2540646
1677593
1668664
1065991
6452609
5006050
2301432
1279579
6036763
3091135
5633887
4261936
9463250
1988225
7409655
1598237
3847518
2887873
4812819
5319579
8507899
5599673
1610099
5748169
5448307
7549838
3337030
1937700
4142412
7676548
4814089
2067667
8278670
9304620
5783007
3696217
1041400
9198163
1928138
2228803
4276963
6162556
7244721
6799124
8466263
9677633
2854714
6643917
9985213
1054549
3328522
8058066
9378709
9108556
6042267
1112051
4675449
4833982
3886670
2437256
8030745
2177177
3076650
1030624
1702905
4986895
3833116
8621147
3648321
3942095
5412335
7390221
3832316
5448087
6739918
4747541
6605579
2236313
2770639
8715534
8255147
7730093
8773595
2783085
3222460
1996679
6152523
6789571
6558780
5086337
4652894
1528173
8586004
3166355
3029169
9408026
1782560
9677369
2841797
8567100
1624285
8917686
1018416
6444906
5041623
6388215
1462557
9156387
1888841
9735859
7494694
6181863
8166753
5650728
2389892
8828131
6121795
5840960
9995044
6571554
2898404
9990509
1115140
5252979
4393242
2997370
2185382
4601552
9644827
7736308
9031652
8783748
9939500
8059168
9056413
8599201
4166363
1365902
3958440
2519055
9474519
7272253
1249783
1938488
6465678
2262528
3384758
3516052
6393023
2702248
7212484
4617095
1656714
9560652
5722105
2790859
6349349
3509206
6480665
4536618
8113041
2163518
9131536
4892884
1335541
8096236
1496535
8735650
7169233
2101954
5578158
7015753
1765149
4965712
1611754
7249658
8055019
1886571
7773561
7149352
1975219
7440783
8561836
8224955
3021014
6292692
6657277
9312580
5892277
6102238
3131034
3045377
8405059
6598889
8142097
8575419
3869816
2244980
6658324
3491069
4168448
4027492
4874327
2802343
1239404
6728612
3276791
3979892
7767088
2250482
1004230
8944352
4275357
6164037
8924269
7679237
7348823
9786173
1376401
5506566
7775882
7432843
3313145
7025716
8200184
5322851
5263007
1655617
5141567
2511182
2980574
8875011
3980833
3679643
2670587
6256275
1153484
5727952
5829791
8288982
9362180
8955269
7797411
6868027
2853709
3780874
1837821
7175709
1380646
1514881
9304011
4667826
9062010
8947253
5250831
6668028
9105401
2557613
2199194
1941631
3062095
4929091
1024875
2728996
1349036
9001153
2759602
2434884
1378956
4156270
3669520
5470921
7760272
1775644
7841082
4570937
8740380
1214853
2114246
3735411
9860898
6892678
3368133
4612486
8593416
3584164
6823562
3069439
5657214
4632230
5157378
5689964
3858075
4322811
2470533
4490582
3179312
3113540
9668292
6912859
8260989
8230188
3620619
9120435
3113555
3895934
9863937
2681530
6049842
6884695
9533863
2680120
1389748
2208510
4696117
9141333
1055682
6069968
8495915
7621815
6553270
2283536
2313767
5906008
8295241
7771677
3116491
6896531
7838438
3239102
7966369
6641007
2525046
1189795
8091673
9660063
7196206
5604013
5023234
5514375
7741862
5533584
4686703
8697115
8799580
7158327
5993037
3197196
8914921
1923448
8619947
3780292
5183201
5655673
6883897
5512739
6222929
7610955
4116796
5819874
5853405
8779980
7883337
3630024
6911960
6296875
9609136
7883002
1019848
3132063
8521484
7900391
3781809
3393096
6283904
5307644
4314457
8614930
6625524
3244101
7944148
1923086
3433049
4905436
7403161
6298098
4516024
3412790
7495308
2969067
7509442
7194844
9681886
4541865
5998420
2262190
6464394
9609372
1590106
5412494
2980786
8585045
3758990
8584387
4684418
3720503
7158777
9630228
4158427
6784894
9235698
2195887
6466443
4099056
1763020
9116625
9159907
4870811
2899965
8958377
5049146
7998134
4152828
6022711
5707768
8206988
3012171
9210442
8544077
6903389
5803622
3168746
1640844
5473231
6174314
9758754
6577722
7794540
1030274
2313122
9874987
7821109
8964006
9874282
1879952
3277463
5552070
1670667
9161490
1969124
2689558
3486834
9134506
9875436
3860690
5439717
2008692
3860892
3975628
5522299
4057337
2050264
2599291
7206238
4559989
6718740
3175039
4365540
4059353
7687801
5204987
5909782
8776617
1515005
1694618
4392367
7593185
6839802
6865582
7887944
4283635
7837892
2044133
4010387
4308821
5798717
8729244
1108838
2059674
8001667
9598625
2533401
8218333
1642723
7522971
3879651
7920477
7342934
5907541
8565377
8115774
5727108
5871916
6265472
5334476
8300863
9272261
3006109
9630950
6355267
7653275
1686738
2787289
8585052
6094576
8301379
3908586
2225112
6511274
2061321
2563785
9763479
5633248
3491277
1554594
9064191
1933085
4675704
8605709
2083787
1249452
4664554
1969049
2034214
2343469
2830657
6181709
5014971
7819151
1724829
2023960
2256280
6220815
7820368
4633378
2501317
7239033
9805506
8350434
8403223
9079276
3931382
3615009
5924504
1569147
1398806
4906943
5722483
4542001
9841550
8420837
5780284
6586428
4252174
3693307
1217798
3284926
5652304
9876140
4907929
3422297
8769965
6884918
7461123
8223505
1104659
8015974
2280477
3613670
8419049
6826524
1371040
7656850
6646205
2008779
9666536
1629688
1163988
4122037
4049649
8488191
9529147
4102692
2449721
1572149
1601998
1671276
6210934
1247743
7074118
4445344
5329649
8209497
7277079
7869202
1380770
2436057
4491402
4212206
1724332
9090449
4790479
5607385
7891252
4587541
4269783
5462279
5583374
9005801
1685712
4898667
3734895
2720839
9956425
7315323
8210474
3297320
4432904
8526515
1902692
9135017
9576538
4302577
1346122
4972808
4905618
1178481
1748429
7062287
7460893
9271578
5576068
5277817
5478085
7278609
7050242
1102995
2393539
9625604
6906897
5929669
5609913
8473386
9255359
6080465
4170511
9419530
8895694
8889435
6448590
8267185
6510233
5204714
7935044
6560312
7357349
1080542
3989847
2090261
1789934
7578723
8860164
7097345
3684339
9287781
4333273
1199387
8424324
7020037
9978169
9304371
4506530
3834036
5962255
7168418
1886335
2295533
4050574
3933792
3440614
7443479
8034712
1142509
8272485
4135748
7759780
5027773
8474410
9564572
9312685
5430878
3287811
3658997
4139752
8826980
3608650
7199839
6808573
7042744
1613200
7042364
8583873
7772340
6665241
6656365
3054147
3544746
4617583
6141379
9077285
6306269
2189011
6791997
1094436
9247312
3918768
2887901
1791699
3903327
5144697
2264256
3643404
3799804
2746518
2021150
5272160
2754635
5245818
8133046
8418169
9559071
4009039
2994846
1600284
8462558
2070310
2601914
1109724
5006722
1002257
9355748
8795748
8450643
6894970
1805019
8907356
2222482
9966562
1612599
1304952
3852095
1761146
4221747
5197165
6410269
8766205
6579628
5908396
4104980
7897432
1409946
4817291
1278521
7028937
1283765
7950842
4732449
9513096
7311498
9337402
4045068
5383507
5720022
6347876
7901503
1947590
2790371
7042952
7250274
8730810
1047672
3705964
6697644
5356468
2978990
8943479
8722644
1132417
8293752
5686741
7029066
9813167
8852643
6413597
2038917
1343918
6509503
4225953
4870958
1498736
4001421
7159789
5388029
8826807
6677762
6477780
1427195
6613350
6321667
2978518
3829777
3009385
6815130
7931893
5191527
2066760
2351648
1224210
9806127
6490929
5778555
8919906
3378459
2345237
1021497
8295326
1992844
3416934
2552854
7544531
2630245
4633911
9784244
9681542
7378224
9722163
8248633
8994076
5956975
5866201
7710781
7180240
8765374
6163783
8892316
4822869
7550207
3737590
5589712
2441110
7973751
5673143
8770635
2678412
3389944
6022404
6749125
4535607
8836789
6200096
3949321
9396687
2154381
3703915
9578085
2759972
7368099
8183208
7347473
3538884
5575387
9788480
7773072
6328421
6643586
6272268
7839053
8745292
3614670
3090606
1211664
5370052
1384379
8378689
2590538
8940209
5534984
1474738
9835933
3420919
2346769
3976982
5124208
3332574
7516423
3362748
6041089
3929280
9558934
3649501
1006532
5116293
5069582
5097531
1295995
4549254
5894996
8512960
7407735
7205296
8687809
2485536
2777543
5074259
7511939
4251360
6981446
8209291
9447259
8279392
7047122
9919862
1306936
3510558
9083067
4737078
2482178
9675332
6797888
4941713
9156842
5280068
2607928
9801894
8686768
3691010
3332960
4419746
6960253
2779210
9396697
1233987
3768506
8691651
4744109
9530076
4834729
4502340
1735953
9124617
4150435
9419525
1961613
4983692
7115737
6364257
3724250
2595289
5749831
1346289
6972675
2534711
2218535
5564555
9424191
9728552
8530066
8104349
2906702
6499329
5895140
8761996
4030915
4229740
1250857
2114001
9142450
3161733
5680875
6361045
1069522
8622652
5901854
6216147
2818652
4013946
9646221
7816670
7526821
8489103
9940854
1024861
6200128
3890530
4807556
3709611
8848024
4402793
5705812
6282363
8547213
4565251
4228506
8402524
1350005
7963668
6453405
9339480
8438142
4912280
7923105
5550050
6782793
9238059
8346844
7933040
8897976
4393119
1924035
7012087
6394252
7299847
1609166
9691062
4313257
6874547
3605513
8251740
1088235
2159723
1938789
9272341
2750741
1072417
3871495
8206931
6051759
6729618
5929143
3055993
6901553
3638725
1977676
8348861
6562045
3109078
1597950
9242301
9982882
2186524
6210892
7279954
5046119
8042121
3234600
1277756
4949020
7101561
7530152
7446446
4775808
6934414
3190534
4066419
4820558
4229082
2744154
7165976
5414841
6191174
1622582
2124292
7237307
9180818
3571979
9058676
4450200
9434846
5160627
2686106
6826385
4208592
5083336
4041416
8092406
8262261
9992739
6581281
7950475
9867420
7351974
6111625
7125367
5192136
2045262
4063277
9723496
4155855
2079060
2296653
4374324
6078656
3635611
5052904
9653052
5058041
2745240
2242088
2604585
6014073
4002853
9451639
1148828
4189875
2198046
6441777
5492273
4638108
9451615
1042356
3892629
4222629
1379158
1316332
8011944
5300203
5087406
5001907
4701644
5723998
2419156
8173112
2683150
8254425
5538406
5518671
8629996
4311922
9082744
4483153
7307168
8480674
1018049
4664164
7476277
6606813
5218230
9417037
5861520
7683237
7643014
3046476
3621585
1892043
6240406
1158856
8119443
7154895
1988845
4095076
4266576
2253361
8621219
9629202
7517440
7342272
7057286
2306511
8846835
5123643
6480149
1389086
4724094
9297294
7729321
9557488
8002891
6622199
6424697
7696891
6399052
2437192
8527094
2848682
8955401
4821870
1564254
9526109
1795176
1556762
1956212
5129402
7129429
3280912
6085624
2985699
4637491
3870030
7617860
4607353
5023290
9432742
1609407
4360569
2073841
8529087
2423525
8539268
5727782
5378176
3872855
5030661
3426251
4611789
6225303
6576094
7445228
3402743
2368607
1563235
7735399
5064558
4518051
7368043
6506364
3020505
6755276
5120003
3922933
1664962
6338111
8559973
7849871
9619106
1758606
7052904
9529602
6535940
7244197
7656168
3619854
8701544
5394943
4123665
8383071
2677581
6551770
5534840
3916170
5779340
9908969
7668538
4754472
7142075
3971889
5874168
1885795
4443582
9655983
8937282
9372576
7146908
1195544
2401154
5978580
3287512
3455360
3377860
9084209
9580013
8799320
8829396
3380571
9933920
5669034
2312080
9597406
1012088
6250839
8202431
6927659
5007000
4520371
2571713
1788628
7783535
1003239
6960561
5187700
2194239
1584848
2366327
1108402
9340372
6934110
9013298
7340743
8250087
4307424
5576901
4083831
1455667
5625166
8922008
4452117
6794574
3155031
2883850
2212794
2752636
2226533
3396085
3006615
7126176
5084214
9487689
3125809
1347204
9462524
7042781
3371005
9676922
1192343
6822859
4601501
4567899
8921442
2451043
1367178
7772847
2004844
8607882
8525882
3321765
5419616
8904603
5778236
3061133
2386439
1149006
4797410
6936451
8846164
4108400
8185518
1394678
6327729
3119555
3942833
6793081
1427921
7409701
1133504
9198665
7133238
1048062
8979136
2514768
4221691
3180646
5689955
6334928
5240037
8223125
7762348
4633443
2339838
9685559
4806696
2654338
7443826
3982814
6502837
2901332
9640422
7274521
1233336
7512433
7450517
8269556
1998386
5609135
3372285
3291738
7905172
6059923
6376898
7510280
5186210
2470459
4594922
5766603
2980476
1864051
3560250
6201340
9499387
5984806
9705911
1050098
3721521
1708823
9950127
5511232
1602301
5350280
1294744
6398599
7957062
9171490
1269705
9456175
2477102
1957604
8695457
5794618
3088080
8769969
9968062
7999017
7823037
7019261
4191183
2954026
1111860
4273055
2052027
9107936
3327569
8030925
4999436
4424685
6906760
9112035
5842574
3886077
2254433
7516797
3729789
1928636
2830246
4737247
4912558
2760283
1148715
3986699
4493493
8428613
6122022
7288730
5503992
1027240
8842800
9344661
4630969
6664802
7459019
6689205
9812818
3999785
9958332
9258144
8163388
1406167
4322483
1897847
1601769
3517701
3204273
4535125
7489659
3721174
4362929
4794530
7283636
1749911
1362907
7523129
7790360
4347845
2413117
7794254
4883088
9898078
4313859
1462651
5685993
4153364
8671657
5922811
2552597
1723615
1457062
9220080
2071032
1467402
6823323
1152946
9785373
3603776
9851733
1606240
4813674
2503303
8571944
8679443
6829866
2551324
4895229
9150112
5537314
1878672
2107437
6444405
2021583
7476356
1430446
9756191
8597182
7619224
8595734
9993843
9759708
2921921
1239246
6374012
9985311
9489788
7843865
6573444
9499421
9367973
2180365
6225389
4175371
3180189
9673377
3640512
9079009
9015410
8875105
3355063
2848757
8452536
6851918
2312704
4213005
5346287
7736737
9675050
2462913
3904670
8351234
1681621
2002792
9952057
5376780
7933028
8633618
5759574
9246019
9143269
1159238
9291357
7062665
7793788
5133966
6990777
7154110
7140155
2106120
3083289
5015671
7155206
3297070
6679723
6262912
8222790
7227249
6650322
5663012
7731892
4144545
3486070
8028165
4672583
7857392
2503605
1292736
5484952
8673097
3437784
1934723
5758238
7189523
3182225
9953001
3238621
4248426
6423322
5472046
1628068
8059392
8420472
7682166
2934198
3621624
5574762
6226403
1446424
7447043
4789068
6996960
3803723
4362119
5255336
8985559
5870291
2980581
3520542
6764290
6977041
8920035
3626986
4013168
7067286
1628266
6032263
7733382
6087649
8240168
3534162
9122344
8767905
1101080
2714169
8597240
3675966
2484465
4025028
3369328
8703948
4800717
9188524
4638675
6835449
4070659
3738691
2551472
6932425
1106031
4970772
1687562
6892126
5885008
2536828
3858802
8630701
1294363
7928551
9867990
4237759
5989055
1786639
5801190
7902140
6239273
9214514
5367181
4659174
6477857
6096675
2051413
1697596
4223125
9525155
2614894
4372549
3378636
4870136
6556985
7194783
9749013
1309662
7614776
6078472
5777738
9782501
4814632
1526428
8545471
6448939
9402114
4112183
7839168
4357946
1940559
3592133
3488427
1654572
5416683
7765223
2122281
9955165
2599411
2349488
6036795
6810889
7834530
3790703
4327275
4229519
4802200
8439751
2195864
9089510
7912332
1215382
4428694
3157742
2728156
7980458
2590382
1728129
5578987
9807585
1293570
7222819
8243451
3382594
3481525
4564103
6824619
3474016
2401433
9482043
2149099
7491326
4031016
3769510
1028597
4064560
9116175
8030232
8129246
6204136
2117287
9814234
8837038
4814824
5902567
4555135
6720197
9504975
8644183
2622290
3452711
3642134
6784006
2837770
5151354
8264125
7090687
5727258
1792197
6097193
4691224
3661629
6269043
9474704
4384211
6692266
6580289
1467575
4179225
4897443
3576508
1168331
9659283
9548755
4533575
7987110
4190723
8585504
7343531
5753748
6237867
9547750
7431800
4378502
7904668
4530390
7070316
9677909
4803099
4486887
7871570
6779130
7296246
6117555
6032533
8563565
8742102
9354868
1760668
8406637
7570992
1630631
4686928
7068079
7581220
8147617
4961797
9144217
1909746
7655521
6187262
8367896
8975186
2943301
7347173
8303095
5477035
8269353
7683409
5813019
1115774
9675300
5733296
4496708
7216845
8648764
8013951
8773742
2371542
8322653
5890512
4818904
2811261
2365125
1510940
4016780
6418297
5188596
6504665
8594160
1444205
2190401
5814750
7203427
4011258
9506127
8617853
4304827
9486196
1662569
3635961
9778646
6604099
2149434
4171272
1055542
3147275
4463746
8292403
1801650
5077917
8190421
2714164
4311042
6580031
8718262
9829535
8875419
4252010
7805859
3130084
8412155
9032116
2412673
2288611
9333470
3274806
4957875
5008346
2334809
8309526
3725567
9848556
8657102
6620752
8556689
4096875
5865985
7176080
5643299
3149015
3094361
9213747
5341364
9558679
8484915
8253983
6106687
5397424
5957098
1241761
6160503
6160596
2572691
2612710
5258641
8408022
8276504
3537612
5806819
4176955
3248194
2784082
7650883
9209106
2989819
7364013
9568393
3540815
4165660
3088413
7906536
2905245
9245532
6674615
6647674
5176451
8074657
8904317
6191363
6238649
8791811
1090243
2899320
1337619
9578991
4583900
7537457
6478645
7537129
1123293
7591229
3665232
7895868
7680135
2502668
8342244
9292814
1812995
6345801
9888750
2028623
7595481
9150345
7080500
7366706
4438170
6004398
6599351
9880142
1227144
3206561
9110737
6353670
5814219
2767030
1221744
1303015
3968349
6696049
1770937
6531065
2126832
8334001
3836529
1027689
9693174
9983548
5144160
9302758
3252410
7375331
7643671
1589506
1105405
9677693
1232748
4248547
9023196
2636049
5820819
8838745
4384793
8096096
8279008
2370370
5207582
2693281
5261202
1219996
8792170
5590889
7829147
3427153
5724277
2621497
5704678
8227017
7447135
2206761
7710304
7668907
4515569
6402861
6197050
9889838
5186753
1129094
8123749
3436303
2494004
2719068
3109239
9414811
1229575
2907097
1208806
7251263
7907527
8468881
2256867
2093828
5936690
4253064
4166473
4609352
9635510
9290004
1638615
1607715
1493169
1692324
4176378
2558174
8746312
2890664
4295694
7727722
2101612
6625138
3016983
8617647
6227810
1989820
4165635
2670955
6011251
3328236
6402963
9083517
5331844
3299869
2894018
8294754
8509918
7052367
9029981
2140743
3660241
4975201
6125684
7952615
7312876
9832333
9647416
9283054
5401617
6399476
5032821
2272462
7507215
3621194
4912258
8232298
9678360
9975372
4033671
5270993
4441260
8760265
4331407
8475725
1207693
9028910
7215343
9789443
2018614
5067742
5707454
8300756
5374550
8795233
7773637
9806053
6313377
7961427
5194400
4444931
5480521
1978192
7160822
2524867
5292545
5749174
9849870
4704168
6311995
5923411
8883420
6711782
5161331
4938943
5974018
6715830
7575763
8214364
2148402
2379305
8197985
3482141
1919467
6890945
1667814
6430940
1078866
9080870
3597168
1521024
9697412
5320310
6063435
6697405
2015729
3850480
8504267
6280838
1534907
6602218
7669429
4642624
7002360
9321376
2433336
4773880
4272468
7306592
4251110
1441287
8204163
1696019
3408919
1656827
3425854
6318750
7737009
9816554
7585404
2287641
5431497
1127386
4701483
3104510
6238293
7421100
7054446
1147813
7583565
5896721
8708714
3781063
8841902
6733092
9262844
7259105
3290130
5587226
5675990
2201731
2130621
1549663
6784770
8203002
2705826
5592842
5953238
8279425
6561710
4681234
7029689
8003910
5006362
2034554
1557973
3275043
1172935
6271723
7852054
5678187
5968766
6917904
7853425
2242671
1763790
1282823
7960633
8285801
1620249
4035678
6902534
8335480
9189017
1706867
2407471
8964636
2841256
7695840
6968499
3918420
4963325
2473606
2498570
6403494
9209142
7140648
8817497
3226006
1114962
4621651
5874503
9540121
9957182
6069548
2952201
5505667
3611532
6635753
3207661
4225727
2775519
6021244
3873614
2861031
5645617
3800276
6713459
6340579
7495281
3478718
2438309
2826999
2311560
8736684
6897536
4727943
8625731
3980564
7769697
2565078
4088646
4177187
6934690
6428103
2844342
2721354
9957459
6233722
7409400
4231282
3771202
6501955
3035137
7017475
7781764
6610158
5559806
2279354
1926260
9595223
8277886
5397988
3065364
1044312
3749020
8734717
5321713
5584316
8462473
9034509
2510236
2883363
1662018
3362797
8202615
5335662
7550758
1881573
7325405
4611932
1956035
1693201
2005006
1137757
2839826
7439005
8017778
4631455
7542336
1847333
6927883
4752927
4185574
1316169
2827848
1596097
7500612
7523577
5914871
4878866
4392929
7118773
6799034
1221317
1715247
1159639
9734687
5389524
6459853
8965532
5247737
8270746
4902373
9511999
7916395
8222910
4092216
2575008
1781702
6955473
5281486
3233301
8947673
8740323
8452994
1204863
2899273
1721977
6333070
9951831
7245489
8648123
1783107
5760650
5437804
5834213
8977564
5042570
2705720
3781228
2346804
4798102
6419478
1523963
2133949
9124092
9328400
7675693
4858459
8353437
6474914
6063813
3471208
3419345
5106380
5015779
9702546
5971444
6193871
6108233
6328962
1355745
9465847
8463350
5394462
2592053
7191280
6659282
4414034
6042838
5875940
2536203
3220235
5842932
2274371
8434271
1922132
2764056
9722156
7017122
6129852
6645324
4463277
5651961
6657448
7718947
2341934
2168399
1791077
5867137
3430202
4892960
8877225
7861509
4614936
8026084
9218203
2887134
2565455
9151269
8843552
3447387
3660441
4741459
8250448
2203286
5978490
8978943
5012657
8223931
1929977
9600950
3057211
2196781
7924910
8094528
4391051
8395745
8243133
3855256
6431420
2618942
6761546
3194374
8916627
5623476
4317158
3106059
5103218
4859660
8103649
1911877
9856383
8801624
2596497
6621203
8226502
8391900
6206626
4651673
1765789
8013916
5669582
9375432
6025263
6620927
9465263
3289471
2841164
3808076
5756187
2797230
1333318
5290403
2843976
7581348
2924463
2815694
5084016
3071518
3897378
1365641
1550367
1290626
7124087
8440582
5036251
8463147
9476667
6328662
8595131
7630976
9083928
6438908
8014027
7359792
6810257
5710196
6967735
3811408
6414064
5271507
4481943
1850631
3066268
7353143
3066122
3838800
4694934
3639371
2318190
1584202
6072467
2598699
2385207
1857924
9865359
8260990
4756022
4852508
7418896
6805163
5059613
7539249
5648537
1362195
9621616
9399759
4117584
3435866
5045822
9917538
9368562
2423696
1832425
8397277
6966981
2457332
8864570
7732613
1330303
6782946
4000232
8445825
2331790
2228235
6360259
5860764
2837424
5341037
6114236
7276701
9931356
5789148
3245704
3985246
8450680
7369529
6569685
3712331
8575389
3097226
5820740
2614181
8501064
9159529
7116528
1191487
1225082
6121448
8333766
1176712
4248667
9795948
1004406
3751370
9004331
9033425
3196169
5530793
1881873
4628542
4592028
8286183
7822432
4122833
7538060
5025374
9329718
7603590
9291586
3810943
7283263
9946875
5147265
7359778
2158346
4401591
4754790
3583086
4731715
8041516
1143576
8602147
9408185
9648442
3553313
9734789
7417057
1195060
6116539
9316779
1613131
2783552
1557870
4962376
8828491
3051282
9056129
1930857
6367915
4697218
9801472
8340832
8496783
2101495
8850661
9824888
7763249
4324090
8524922
6990097
5603703
7785872
1400495
8657621
4313154
6636577
4991191
5385307
2755849
6308942
2848832
2113307
4497453
6263274
7730178
4825210
4149582
1000103
7426615
7189808
2258294
9841948
2774205
1478440
7861437
1625540
6257985
2896959
9747445
4896466
9089276
3659584
1051319
9561395
9943202
7902190
2781934
6847508
7783761
2369347
7433106
2067949
7089463
1266384
6236928
4781077
4182240
1387349
4840968
2497983
7005479
8506994
9708784
9484245
1463522
6769710
9027232
5920779
6737083
6143488
3160437
2109319
1466844
8439579
9049586
4753279
4421475
8416495
8706180
1857010
7280544
3110373
1261141
6648506
8037410
2102602
7384012
4607793
6641520
4527191
2959898
4014620
6891239
4496231
8499840
7867501
2782568
2589322
9498320
8329060
2321060
7886930
3056098
6979176
3557259
1010851
4430441
8385026
9913041
9424831
8993685
6266322
4650002
3935282
4741017
8795581
7631904
2166673
1035456
2503646
2419587
6262874
6184532
1359788
6683672
4295760
3959055
6949268
4226357
7145461
2778142
9068239
4081509
6125789
2572827
6778494
4621095
4883671
2025571
5889685
7771956
5901846
4394304
3466613
5254776
4932776
3842479
8963222
2308969
3682966
3366844
6019324
3949183
4600573
6428549
1820576
8717579
5257636
9730085
2785329
7179851
6014278
7762050
4761788
9826116
2075457
1620161
7570425
7263497
6403816
3060113
9569616
3548300
8808077
7436262
1105443
2731379
6862530
7388255
4946020
9246885
3857897
6561898
7965674
2550229
3452129
1995542
9254616
5066782
2875339
8995649
7921326
3378112
7299966
9508844
9208650
2099291
1937215
3959468
1675513
2981858
9513260
2149882
4137490
3602873
3017643
9960078
9391372
5913426
7477413
8203752
7479345
9356724
4116304
6651863
3940474
1894750
6562189
5653854
7227851
2073131
7168934
8249836
1388897
2446150
5473147
6302074
3545923
1180464
7591694
7359179
4974766
7622368
1990253
1677215
6714757
5496803
4615784
8119105
1253584
8449012
2968107
7503131
5939411
3287046
7330381
4446126
2568962
6774408
5739369
9794510
7412002
6050729
2598836
6301565
4313075
2591076
5608487
9825975
3852405
5390629
3668111
3434326
7833119
5690700
4441315
9884360
8826175
9291474
1443396
6375062
3177958
7642339
2520491
3431231
2340979
4725971
1820671
9064596
4729003
4333580
6623789
4273749
3658638
4278239
4077885
6735821
6546820
6909178
7839618
7685761
6617049
6944033
9944873
9809775
9645670
6506863
3307396
8474316
9875353
6021295
6788192
8968502
8676303
9148246
1452950
3597341
5339353
4792644
4889606
5938092
1094924
4371979
9453770
6411796
7683869
6307583
8734969
5983187
2958788
4617615
4135906
7185097
2200278
5402412
4485668
2956451
1827209
7277576
6860490
5311228
4667139
1989928
6083308
5220041
8751587
3208981
5917602
6999036
7536380
1112927
6290971
1276724
9593751
4273492
6302671
8152555
3153815
4964168
1913633
7252616
7749562
3050493
2063761
7559094
7602134
7989829
4496608
9891189
2121457
2099126
4971020
7722295
8420997
5235830
6583926
8994126
4960010
6485968
2899842
7565501
7868990
1348781
6758669
2901436
1946130
8542646
2841589
3136913
4835982
6502498
9173772
6295819
9839887
4665019
5023022
2733616
5997663
6736606
9707926
5406810
3689294
8884283
2345755
5660326
7988398
5304250
8153656
7697342
7889396
2459735
6445259
3689439
1213653
2828655
7478725
9879774
7127942
7802611
3807586
2699206
6904112
4451797
8522939
3713181
5173203
9733577
8249034
7260441
1203762
2107318
4990437
6372045
5090831
5737150
3285590
3309184
1869128
1939154
7944457
5586800
1609033
3034754
9971951
7922003
6557154
5456019
2314049
7120111
8137995
7798498
1536233
5568987
3946031
6074313
1186501
9112846
3485646
4718423
3803180
7924095
4674103
9606565
8505613
4974452
1531037
2042775
1392229
3013110
2734817
6924840
5021641
5157981
7751136
2931601
2726285
4743329
8594053
4801371
4881371
4313890
7536721
3160755
8427599
4472256
8184873
6140086
5602482
6180093
8536976
2668990
6117276
5669786
7276902
3706739
6323975
2940887
8854881
2373310
3865881
4044632
3127338
7244090
4664409
8521197
8973314
8757260
3254829
6561232
7126757
9237462
6244075
1226452
4836552
3875774
1248494
5227997
9018551
7383948
2661722
3919035
2110953
1216348
7920411
3134939
9511222
1614257
5964002
3542575
2082953
8892851
8041953
6601189
8768410
3154482
4136312
8568823
8650175
6241659
4002192
5480745
8591684
8343371
2914663
6403904
9646543
7740819
7833693
7417640
8952824
4582451
4465254
7103847
9016728
7185210
7772407
1353961
1525137
8043789
6469990
7363572
3103309
5110366
1015589
3582206
8713299
9414847
2150023
4960603
9254183
8461063
3947413
1996347
2607864
6196132
8388993
7467948
9292983
6517562
9611244
7482836
5666694
6942708
6102389
8590538
1548382
4448928
2368595
1588710
3405797
7207800
1022820
3069997
4989399
1428231
4020741
6273018
8498811
9985577
3401332
7978346
7745265
2387910
8433804
5836039
6429802
2382104
2609041
1588424
4432784
1013083
3849699
1861679
3480311
9945085
9573399
1010483
6332155
1531799
8700268
2496719
4575667
1292010
7558331
3330107
7140669
3132694
9352794
5195018
1763836
2097783
8730153
5678460
4339047
4339050
9867950
5122197
8721386
5452671
1738133
6244469
6440322
7924334
3873043
2084481
9122764
5574511
4398837
4612123
2478287
1316453
7362996
2661814
1403755
9986164
1462875
1667917
7212193
1328947
5674635
8491205
1556036
2721139
2264517
7892184
5812543
4755969
4257633
1668484
8019280
6231169
3383255
3692283
9486669
1835212
2379836
6213540
1960061
4781403
5008446
8115730
1892641
1803700
3240314
8130427
1128845
7711796
6333764
6376116
7653201
6776287
7179888
7771100
2797388
4790340
7044809
7300823
6196466
8197797
7444144
6219476
7267924
8510566
3367742
9035201
7529520
6913947
9896532
7169829
4002682
2023199
9820786
2089943
9733243
4110290
7894262
8576045
7168336
4397468
3988359
5065920
8399926
1355952
1194218
7337438
9350947
6050570
6094532
4125816
9780992
5345068
9868272
1910734
2817837
8585246
4731515
6155624
5784804
4447716
4247933
6567311
5433186
1491365
6465538
4180930
9952115
9479777
5877617
7672301
3043869
3476227
4690443
3653376
7179455
1529287
6112720
6886637
7952547
3908110
6885078
1136132
2178920
3229960
2264779
6647266
4429852
8720457
7730381
8010015
4725609
6379104
3162502
3953623
5539215
7649924
1024037
9045997
3759138
7733960
3644658
1712579
2215700
6810680
5920849
3606900
7511878
2650813
5924762
9810094
4745330
8044422
5873424
3645107
1191748
3539824
3505928
1652295
4735345
8988167
2837804
5570975
2383183
2471797
7126976
8333160
8553415
2394619
7024203
7652277
8153424
8121975
9948865
2689710
4021093
3841693
2606832
9466742
3172905
1423920
5455217
2661891
1515753
1179299
9196201
2044908
9252434
4778115
8758256
4687262
3775772
7356368
4203064
7649399
2046006
4907661
2533825
3109224
6348283
2660756
4746076
9817973
7390013
5242365
8141295
2522974
4205624
9672153
5427000
3786979
9963713
7975714
1593388
7223860
6684816
5928557
7971393
3037535
6975563
2339467
2560497
1598054
1998828
5369613
7733330
5839784
6258413
9149199
3071028
5839639
4666091
7890894
3382817
3363115
2750568
9744852
3174899
5829637
6920948
4216972
8208849
8197758
3938638
1714098
6825155
7135512
4854063
3252269
3769568
3335589
5538951
8501151
5511662
2466544
9258827
4769940
6243121
5582690
5891510
4391090
9260294
1083142
3661190
5953617
7875473
8428871
4305754
1004027
3064437
3384640
6956267
5584853
8060924
2181820
6715176
6472223
3239599
5806344
5495885
2773529
2604719
6499502
5139806
5128615
8042956
7066284
9516855
8806415
8300077
7325044
3769487
5336352
7987841
7027453
2660942
4763301
5618909
3458402
5383627
3444890
7426406
2660914
4978555
9392758
4008960
7688512
8165822
5202811
6756767
3732532
2489683
8157227
2012653
9633002
3004799
4740643
6953861
7032809
5677849
3464660
2920263
6595607
4276305
4649480
7204084
9549507
9095321
4967578
5450180
1214076
7336171
7843081
1709500
4289600
7827637
7760671
6291277
1519008
4415162
4440525
8360747
8409003
5891706
4268737
5906067
3153719
6380227
9674499
5573128
9762871
5283217
5461021
5568254
8465202
6356012
1273538
2464479
5459921
7341080
9950104
1196390
7999484
4541066
2166417
9425458
8831061
9749345
5009830
9366084
1554548
9387546
8608669
1403827
3957365
8093440
6008997
3718543
2483048
3770386
1921016
8902941
3513904
5984751
4791168
7460354
9551254
5138423
7344302
8615683
3491294
4880747
2830559
8591299
2431122
7932152
8663048
3453981
7077567
7634126
8266804
2905404
4681973
2024951
9484955
6531568
3495211
4431757
9483197
5327020
5663051
9472964
9826736
5931525
3005321
7907250
8414263
2723380
1317018
8612212
9583420
3408159
9310443
9135466
9234415
3660020
2436552
2398964
4773607
2505279
3676910
4241437
8860113
3027453
7100723
8294281
5499199
5763033
7001045
6649771
5068555
1062015
7508552
7805577
1619308
6557303
6654757
5747595
1792257
8470107
9466351
3724281
3292412
2356035
6275400
6634388
5519633
8571016
5720164
9156735
1984830
4358527
7741563
8274279
2854605
6836728
3858301
6421903
7669929
5713719
1913890
5595440
2876310
9234474
3147744
2345001
2350557
5972971
7267521
9146210
4359590
2029359
3319173
6744695
4969510
4106712
3908108
4081210
3783731
7243175
7297182
5676321
4977094
3388405
4845214
3540266
2816385
6118684
7012044
4189347
9363009
4526929
9600451
9061734
2754726
1604924
5252419
6460011
7259945
7735730
1118448
8383063
2050261
9175385
5973003
7434446
2926282
9907629
9423799
5588245
8393718
7276434
6032199
4456578
5247181
2570866
9655998
9793486
1586579
4406825
3931655
9870067
7604016
2481935
9125415
9711003
8518091
9379013
9807432
6774240
8400578
4702746
9637744
3146202
2306296
3132480
4065961
5112221
7594240
8534890
5429850
1140042
6917163
6255152
6028870
8783217
2410285
2945829
4370804
8120413
3437573
8151312
2060903
9528448
6001628
2922977
2946383
2617303
8793485
7752510
4107472
2472016
5183734
6866158
3417673
7995219
2070974
1877132
2318697
4052102
4525001
5132639
7534389
3359004
6428120
8980505
9007148
5432952
5203004
3152183
1045431
2321526
4448309
5551887
4626388
5483570
4816166
5795568
1981243
7723076
4865476
8595533
3994594
5456899
7440031
9515907
7282645
8898481
1486600
3066413
2995528
7157863
4159123
1445757
5202223
3814074
7501207
7162326
1695657
8973117
9249044
8896086
8201432
4068616
5363221
1486953
2164309
3847904
9131895
5105723
6311258
5686536
8833424
9531861
3850383
6191305
2585331
1304371
8447281
1231973
9738268
4338980
7903769
2747513
2289040
8048091
3360913
5945971
2984526
9802798
2133780
5997281
7524052
5249204
8518039
5674788
2502531
4821491
3521930
4757924
5450949
9999890
1712444
8728677
7990713
9632851
7140327
4397113
2388300
2186965
7058192
7778919
2443331
9246680
8931401
8469148
6058590
5814762
6634930
2065264
2390743
9276225
3209038
8120868
6125548
4346401
8372467
1857458
6386489
9868607
6090885
8835188
3859106
9379326
3120570
4787105
5138983
1652753
1872209
1587900
4504545
4712306
2953199
7428391
9024165
9861642
6975707
4765864
5498487
9982393
1806731
7428529
3037009
8015031
5283246
6982070
3267227
5156579
7067612
2746049
9503598
2922292
7111099
4035025
7800780
7285254
3399780
7669205
2348203
7092398
2365646
6527634
8710082
6803512
8669577
4779236
1105938
5936185
1547029
3026148
6762153
5161040
8821756
2932958
9448500
3059993
8866821
4247702
7518659
5246844
2066123
4341371
8379922
9191658
7296639
3795619
3601101
8358634
7108737
5824368
4356291
7139275
5717853
4779515
3901567
4675978
6366276
6768152
2583307
1439213
8935847
3508954
4585582
3718799
2855356
3576751
2180720
2505774
8712547
9603509
8566051
1016572
6531560
8819470
5512245
3637634
7740094
4349386
9476996
2766163
4504322
1874140
5243729
2959455
9102646
6389599
9325528
3143293
8668536
6044073
2553718
4553982
9202171
5419624
1127245
6158271
4939636
3071651
5763125
8593159
4883503
9994699
9988555
5468105
8316002
3994475
9901679
7434107
4549195
9415134
3227640
1812808
8467559
6317767
5984019
3168666
5009907
3735709
1350437
6623555
9662206
6589552
8383413
6910405
8262910
1760199
9364414
8584487
4107915
7235019
4692731
5546515
2756601
2924872
4711659
8896061
9670442
1556058
9515056
8438478
9137732
1043902
5773779
6633505
6877527
5056114
1131691
8831220
8702346
7144759
3697102
1596131
6293190
1565917
7946654
8127977
2801507
9089414
8161377
9629055
1549657
1291455
8968578
3805098
7019122
3617324
7784332
1732023
4536856
6135971
4825304
5722569
8001561
7000587
6923868
7660926
9238682
6403589
5669527
7764550
9525275
2808659
1509811
7142357
7737071
6306040
9313659
8732082
4356767
6687167
3501453
9829480
4618384
7639639
3630730
8025052
4671410
2626047
7373340
7937312
5324667
4237974
6575535
1341094
1413443
4614085
4836699
3462248
6749233
6542912
8853873
9462975
4365839
2102714
3747420
8404306
5098346
3486872
2596275
4540457
1702565
1395280
5721213
2015609
2594990
3783563
3382507
6543106
7490408
6757424
2001932
4375286
3064283
2773674
9709957
9568580
8956898
1469916
8024776
7671150
4540372
5833579
5675792
1637167
7423014
8732692
7490498
1663785
3640798
8488910
9108301
8512725
2465371
5307507
4276790
4084186
1453659
4403530
7736021
4447875
7330893
5308072
8073460
2437972
8485793
3526224
6676034
2587212
2528813
1941831
9655939
3750281
6201434
8044397
9096907
9451919
3444375
7657984
4706483
2959642
9787124
9800195
3432563
4360326
1811257
3777294
3278033
5835764
7866952
6587854
1405641
7504559
8592705
6901231
3119453
1651967
1779269
6226320
6427951
6565757
8335677
5662208
5250741
2227791
2181276
8279255
1882868
4046374
7482794
1629984
7947689
5002390
2962235
8317844
7888212
7707892
9989592
7251017
5655662
8597862
5667717
6527461
6372525
2699783
8988051
1650605
6250309
1307305
6762230
4704738
5650754
7191639
8362273
9520653
4912068
4535339
3695201
1122585
5700578
8014332
1905049
4121706
1190370
4267116
1214028
1113756
8300352
1465872
6487112
2363982
6224269
5529504
8846481
1359288
4589859
8999986
1005971
7457825
2466838
6131289
6250413
7736494
5770445
9760099
7673290
6963167
8402521
2866546
6817962
7261595
4787501
8164410
6091441
2699863
9226656
4360340
1519079
8131906
7925647
6923602
1177384
7303651
4920391
8696683
1092453
5091119
9281081
7820264
2981802
5484453
7656255
1843191
5914769
2434755
4714582
5089800
9107408
8463446
9598036
2547310
8849527
7256109
7353053
3519647
5798645
8884095
2735849
8954854
1549947
8955045
8594553
9889768
3171809
1825418
7031434
5922894
5556360
8908745
5871889
6260530
1026016
6914439
2290415
5300788
9891467
5622162
8146215
4978990
4122746
2980114
4734726
7971726
9488311
9148422
9805746
3321899
6027627
1292505
3749359
7320419
3671409
4346006
7804246
8850180
6660618
4632905
5734215
2398905
1016611
8864039
9287073
9933118
2333148
9491736
2963584
9189127
3013355
3996203
7235719
1138037
3644648
8267722
7394877
5130930
2358714
5775216
4360581
3719679
8626491
3028055
5189769
7027066
4647920
3702165
4626999
4279533
2149644
4524129
9324191
1917684
8942061
2424418
6498379
2599951
5102335
6678152
1920665
1263456
8504264
6125142
2348189
4497430
1218668
4866751
5280883
6311259
2315586
5459177
8432348
1387314
2451638
2682471
2095071
5546796
5699921
7064210
4564034
1095107
9454014
2253497
4681224
4566704
9272319
9461376
1903342
1539834
4381008
6269494
1459202
2642528
2052242
1287323
6125283
5968776
7932579
4811610
9522311
3474320
4839756
8622306
9711328
5445324
2206836
3175338
4089360
5878880
1444067
8344373
9858904
7435071
9399993
6667187
5574588
3570940
1332136
6950185
9174290
1713161
3529736
2007196
4835378
8741830
4272554
8099402
1478912
5679804
7418064
2924168
9296600
2804689
8873739
8098914
8317130
8460277
6370916
3916704
7685214
8622790
2730695
6167197
3021882
9883712
1424909
2566461
7658658
3448337
8146554
3578431
8719807
4296979
3148383
6732152
9817091
9113122
5405144
3354810
4520012
3437592
9084632
6823156
7664136
3925982
9754492
6126627
3944080
8449166
7737311
9640544
7282008
4748502
7029892
3027539
9068566
3006439
9744921
3078584
1405754
8321877
2668754
9907008
8451269
8680921
9220180
1773419
1132804
3605133
3459939
9250524
2867543
4035110
4953326
9842301
6580406
4220480
9282498
3585843
9722299
2412030
3177516
9266764
3865598
1749033
8044196
3525031
2983813
3052242
3353790
6587212
2480835
4141978
5008210
4368358
7481540
2707505
3738423
6248981
8556926
5898325
2066084
4861136
4869257
3945910
9826856
1415490
4579306
2442270
4185147
2765811
6283700
9564102
3339628
1580194
4304177
1259062
3104820
2974385
8719968
5023539
6857339
9501929
4826735
9459328
2976002
7336231
2962044
8198374
4006009
6766518
3289735
9040437
6786171
8433246
8384394
3157966
4279462
4693004
5086140
2174409
6351047
5825555
5761218
5569428
5414342
9317363
1058879
8742845
9770966
1557625
7267934
3060794
6104761
6485783
9811229
3891885
7842265
9293692
2781461
2660517
9639666
4727869
5348456
8142402
3874238
1088997
9771986
1578072
3504985
7620355
9412620
6601456
3363791
3333875
1030508
8309714
4676187
5541423
5004481
4957535
3992818
5329318
8587406
8366893
4560543
6761981
4155197
2422043
2735048
8662348
6026495
4347280
3799953
4324340
1636649
2916430
1748080
4352615
8822089
9326908
3932097
9396215
6685330
6970939
3967419
3801955
1466324
6109480
7475987
6804526
4840399
6033627
2186239
4060809
5912034
9514078
5464774
6274892
1467463
8332466
2782615
9739121
8593874
2195198
7724495
7003393
2714587
5139232
4054399
5931634
2674552
8506504
8845069
4781416
8921030
7130658
9369650
5077450
5411137
2516900
9636701
2450448
1149922
1930281
8162310
6853291
8137329
5603941
8831910
2065580
8170188
7500320
4737445
1460473
9811351
2589319
3663051
9238885
6188876
6955953
7065652
9632135
4590709
5669550
6297238
2255253
8793352
7993614
1938493
5185633
9483211
9287504
3367354
9079964
4403280
3438930
8422095
8756730
2502755
5871960
7526702
4125037
7113474
6175511
9582002
4169413
9279468
8665884
3480678
5291904
3324069
5571311
3749742
6671974
5410689
8048781
5193539
9394183
9020104
9838846
9201331
6789552
3497602
9169476
2652801
1083939
2891347
4952509
3167801
3921942
6679568
8846201
1957270
9005951
5726834
3901910
8694663
1619797
9101259
4238484
4278800
6148465
9506359
4028692
4001254
9208854
5943645
9162126
2445741
7958590
2515198
5778131
1384069
3729799
3542854
9816046
6018499
4110469
4556865
2926922
6757692
6676985
6309816
2737383
8076032
6515169
6563884
2821662
7377788
4200489
2582546
7109295
8779136
2888978
1468809
3197288
2415291
7739257
2732751
2140096
2045980
3571554
8236259
3220675
5173291
7950278
4208071
7636104
9307967
9368346
5694988
6417577
8480177
1525761
1607571
4664579
7147001
4790468
4296417
8143878
4631720
4713200
2065179
6757917
2709007
3310313
6068426
4087489
8741870
6704741
1057209
3933555
9528919
3809547
4033013
1941264
6881796
9338740
6058845
5718425
9437094
6017754
7490043
1312387
1320416
4540719
2454393
9802212
8745564
2149320
3484399
3980942
5383484
6831652
7094796
7415767
2109100
7008503
1281092
5466193
2428990
5415411
7703474
3102255
3744822
9577272
5178598
4316882
4516368
1886178
8153560
5134370
6337831
7082340
6711229
9564999
9420712
9041851
4768402
5704362
2223166
8010125
1271136
3436207
5259088
1400643
5486759
2458149
3867168
1597276
2972558
8237264
3084868
2592147
3957561
4727301
2851091
2497827
6221788
4786479
8782473
9763432
3295624
8171418
7015963
2537377
6781388
4260030
6621658
4148997
7440974
8673693
9781322
4276675
5921874
6518759
9505219
5910054
4560523
3319485
5111258
8949519
5588520
2368372
8012400
4596445
8307208
2335452
1018419
9523002
2140769
2623817
7079788
8543118
1019470
9030169
2790874
2152137
9940535
1785599
6691525
3230237
1091510
4230222
1627910
8643762
6354735
7067728
1138549
7487005
6068496
7806321
5816323
7264818
2465313
2197623
4446697
9193040
2282478
6439285
9796569
3325518
7262132
6698088
1662980
7676700
6133784
7198344
3296011
9485516
2853326
7122098
6326802
3453498
8619200
4575388
3585642
4063033
5075782
6450906
9494967
5669463
4802646
4246552
3504610
4694915
9524147
7353625
6544392
2560749
4609923
5694262
9979666
2137254
9268108
3716754
4556391
8017114
6878583
2076549
8171959
6122874
8767289
9089119
3150657
9466253
4119726
6659679
4950296
8512369
5940646
6708892
2444577
2398478
3059733
4880195
8237968
5719019
5107405
9071256
1627260
4514469
5056887
4045969
9669441
8213556
7493339
5444017
4177349
3829447
9069068
5512979
2904061
4133498
8051128
8563527
9178009
1254518
3727326
3347776
2635245
4759810
2459209
3873022
4718626
1492336
4102237
3931152
4160309
9307498
7145344
1181830
2479294
8741870
4591738
1347110
1819916
3067926
1089568
5786812
5333631
5250796
2186533
5105711
6527566
4152070
9192955
3330921
2196227
3743157
9548498
4254174
1096700
4826324
9498150
3416064
7506187
8942174
1164734
8608681
7193912
4219880
4915162
7347466
2812005
6875936
8455332
3673508
7157483
7234029
4865251
4176812
2832228
5591801
7750532
9135179
4384786
2066500
7798754
3934869
9842126
6735274
6421992
8444721
5333466
6530038
8040629
8801363
2929939
9612440
7284984
3798158
9567890
5469156
3587396
8298253
4961282
6651197
2855621
4847338
9187599
4042761
7980948
7180960
7105118
7572414
4016872
2099934
8594095
8787325
9597918
2054980
6453738
5205820
9690890
3199690
1426186
7943082
5422142
4862462
3267851
7774590
7166611
5838542
9596882
4634480
1448526
7362246
8263301
8748259
7736742
9836667
9261320
3307642
8714627
1662168
3282186
3785666
1208153
5477416
6127472
8251081
3670477
4899293
2060849
8232293
5435223
1477936
7695562
5162670
2099897
5564873
8496034
2876927
1322191
3584985
6598969
7011930
6138673
6466005
6215381
6952507
8080925
5128372
5274533
9173424
3467432
6855852
3953306
6694599
8055230
6428418
2957259
5186159
2984640
1349888
7857617
7842731
2473351
5990435
1611666
4073019
1415670
9638149
4519353
6702300
2233861
7267687
3510222
4222283
4186363
6602130
5703363
7990405
6073891
5893295
9667727
4504482
9992611
8823397
4103334
2243867
6556521
8097083
9909329
3576184
5859488
2810582
1730490
7930487
6124890
3899284
1351867
8054737
7298718
4178808
5170888
7516870
6346011
7175737
8508082
4381707
6471229
4596886
7079534
5694193
2635385
1512788
6193685
1724425
5696588
1157226
9875806
3712135
9143393
2076443
2814921
5661173
9736739
3757158
9497597
9800992
5442711
5811930
5475901
9272127
5101631
8880109
5975398
1918802
1149595
8973109
6616357
6391369
7993848
7405576
6625095
2304959
1724941
8588161
5913560
2513486
6803196
3890427
5647472
4021379
4056078
3172883
2122876
7241372
9406059
8564904
2132282
4396456
7757248
4552477
4551103
1454655
2223946
5737577
7087628
6916651
2331283
8845366
1633382
2411063
3873667
7752240
2315765
8004030
9734353
8934776
1438336
3807894
2426369
8045433
8953303
2803119
5736760
2409442
7519097
5604653
1085982
2904612
4307336
7070629
8060421
6927845
8226338
7050247
6720072
9644942
4425537
8695440
1851077
5655721
4208397
9627739
3350309
6491423
8751177
7314120
5097435
2817880
9919828
6102740
8332757
8783339
7490249
7256490
9358951
8492208
2543553
4599586
5038150
2280811
1624767
3046344
3687940
7426843
1926373
3299992
8769823
1259203
7999534
7541576
7869695
5249976
9997404
9782350
4248040
5310868
9763250
3698179
8211797
3715378
4587452
7919343
1338342
5095745
7650175
8061333
1139115
6877461
2272116
7560433
9952682
9029996
6377337
8260977
2871774
2753934
3921505
2465138
1897657
3371329
6815474
7456708
7354419
1390282
6736536
4340472
8816227
7730359
9343513
5724240
7982070
2556988
1451690
1496950
7914286
4270524
3521696
9467408
6725813
5467530
6330185
3384388
7563802
8622704
3256179
7985984
2419219
3828399
4492397
8836397
6752668
4606327
9274198
2774564
4705784
3124984
6705764
3325144
8885950
1335649
3181782
9672646
7281605
6022320
8367851
1170434
5654923
2500283
7815876
8432411
2806091
3615934
3655760
7224801
2799374
2292438
5411488
8899061
3572755
6554636
5767546
8492640
8103130
6884405
7704994
5777416
3594350
1875705
8264118
9017800
8407161
7076225
9355552
9391519
9253084
1702102
2199618
3230435
7269695
1504830
5011461
8790958
9038790
3656474
7493674
6718721
8405670
3406902
3154830
4859519
8072727
3747704
4881280
6233437
6837953
6493507
7897133
7847384
9429469
9356493
1012998
2488566
4686220
5738079
1643536
9439825
3777210
3175413
8658964
3059681
6056449
2370014
7678481
9780368
6811239
1839909
5638359
6604355
1780370
9166376
6495293
4594215
4937429
4744472
6820758
1955746
7962691
7320850
3037799
8314827
7123516
6959748
1934101
7066035
3683591
6400708
7051429
3018309
2469943
8230453
9698004
6760899
4966440
6019418
5616344
5513579
7559556
5700279
1192078
5569377
8909562
1601805
6601414
4006549
2151719
6025238
2110509
3274760
9839535
6317617
2771698
7609722
4555589
1987223
4022259
3103191
2709450
4279807
8676072
5198259
6682499
1110078
4653144
9463979
7303334
8667594
8321979
6511301
6378423
6686048
7804928
1628617
3895206
9809940
1567177
2873697
9432475
6589881
5288820
3830062
5714853
9501264
9141211
4108285
5342880
6801557
6580831
6975178
