1000
8049239
4106293
2198656
5406718
5441654
9360056
7808571
4126450
6577635
9608332
8621563
3229558
7398700
3922081
3266402
5069828
1519573
9807740
4035337
7720479
3754431
7852450
3008659
2083450
3900923
1555919
6542867
6136869
2583206
4427496
5705459
3909996
4600540
6772007
9290000
4121961
9920722
3176110
2605898
1864501
2243847
9198791
8846423
5429010
6287955
1378355
1604843
6304988
3710963
4458793
1965817
2721696
5974492
9330401
3027502
6476437
1680407
8698145
6695694
9405265
6296892
2182727
1741407
5398230
3036113
7471862
7495437
3862055
1296677
5792782
7974942
2444621
9896473
5244150
7373871
4621822
7422959
2214149
3695518
3187135
8446470
8866561
2428186
7559464
9895084
1122558
4631689
6097696
8932069
4732867
4411241
8646146
2411379
4418617
9526889
3809456
1381463
4282573
1158440
1332534
6167831
4008638
5962742
3857641
7784737
4592442
9107394
7653185
6148952
8745637
9668852
5061276
6311612
2222739
2999293
6644741
3948183
8791816
6066908
9452292
4383141
1536486
3745523
8099974
3025723
6288750
3845897
9383832
5548964
3813817
5085697
9341247
1336289
3911832
3858635
4351091
1580039
1923202
1184697
3317836
7079430
5960581
9195405
2526189
1009158
7087760
6648666
6255960
7605021
5111120
4197680
5835217
6578191
8359137
1379700
7572526
5737165
4160599
4258488
2385910
2032170
6274780
3012111
9872282
4872177
9502867
1566788
1966961
4771187
9980702
6900699
3045591
4570448
2606397
8260496
3974504
3365677
6085559
6109048
6544936
9771854
6074301
2432589
1496158
6715963
4744228
6223685
4585890
3116503
6849754
9173085
2798708
2449503
4471613
7301035
4317878
3817881
6764672
4998738
4767868
2501630
1875950
9478305
3374810
3170320
7337851
7927118
8054318
2786448
7671272
5207935
3607495
6389730
8889079
4723586
3546197
6116378
3068367
7814606
9762930
7768099
6156162
2005641
7701400
6304797
4276740
8078036
3172749
2250111
8594990
9146852
1072124
5731918
7554459
3072099
7782397
6241382
5329833
6499022
6204655
1336622
1669076
4998504
1412771
1371953
4212527
5102456
4816644
8453922
9843971
4920270
7671590
6503263
7560884
5787780
8128092
8220291
6162554
9560667
2109917
1683533
2175221
2313795
9994737
1844084
2790708
8296880
1390567
5574224
3135350
7897329
7121698
4432529
9201114
3465379
6567749
8365619
6682067
6608046
9164204
2748332
3108351
9468470
2985893
3632869
9294874
9791117
6206582
3637632
2432718
8963159
9976791
5900138
6836581
7813367
1669874
1041497
2426449
6623665
7727850
8001999
9131995
8585759
4526097
4376600
7984034
1754399
2856885
7292312
1620014
9898037
2005509
7915913
3272164
9547446
1782336
6204580
3269435
8369941
3015830
4188574
3991096
6895961
3726715
1422637
5425711
6572663
5490400
8176932
9668635
6757685
4423316
9555347
8300783
6035863
6697890
8059442
5341220
6703389
6704019
6271176
6330797
4100244
9707887
9754680
6574729
9710653
3320567
6538780
1614456
2953067
6963726
1552044
1807593
6428273
3717953
5273072
3933066
4295148
9871107
5227572
5788025
6097620
6056582
6539468
2379314
9335490
6635350
7254305
3422793
5081388
3405767
6230380
4562434
1494012
3502593
4879984
6087406
2667763
7725474
4922948
8905016
7983680
3714621
2833378
2679080
1257670
5486472
6211738
8873527
8461117
7790715
1985779
7659579
7437368
2840343
8226283
9087308
5348623
2901605
8091844
5443376
6816349
1432520
9762578
9287364
5600053
3574045
4564355
7714291
9290665
3767257
1613286
6237243
3746028
6188258
8719320
2544397
1544785
9674626
5966187
3668020
5168163
6941104
9435248
1217226
4495039
5865841
7926038
1057838
8483310
1078015
5585123
6221097
4300208
3666519
8730219
3455075
9481910
8667889
2201264
7960681
4453695
8157963
3674017
5315689
7307190
7097078
1251718
4097193
5143625
5863773
5305763
1263667
8518013
9582618
1608386
2533932
2456961
5162858
4385239
1441863
9228665
1469867
8337078
9940517
3084420
1089780
2038544
9163480
6819192
2781862
3996751
5160679
6115636
4942881
4833925
2666955
7042614
3945681
4660596
9171010
6071487
3511586
8197066
7513636
2697460
7224760
6424707
1440636
7664911
5634259
5619644
3534232
7615702
4476378
4601285
5543771
7881050
7399399
4255279
5562842
4300874
5709235
3351799
6715053
4467257
8884915
3626282
3195064
7639814
9956899
4691386
6198739
7271578
1712816
9880488
3491517
8663896
2171195
6460898
7441775
5390880
6059684
4378807
8384608
2220197
8754156
8988265
9879660
9867681
2626248
4756714
7180777
5692765
7729138
1713802
3625916
9630541
2078977
8790385
7557393
2329363
5683187
7279392
2137697
9617323
2740761
8565677
9485720
8456008
4982051
5106519
8033759
6068078
5388621
8688303
9025311
6930295
2679273
8223408
9859558
9146113
3980510
1349392
2299022
5773736
5450393
3955023
8257507
6652921
7332059
1332320
8625668
5658743
8164698
2712095
2084710
6675130
3506723
1961073
3766077
5662853
5243384
8413538
1152035
4592158
2749030
5004963
8630245
7947740
1955497
3388747
7996507
2214364
8076451
7883113
1413432
6934492
6969290
4531366
1508410
4508276
2790696
1996968
6183275
8480194
8465281
7630845
7200337
8174086
7793624
7518141
2054234
7943086
1329410
2010099
6725484
1787994
9142022
9591413
5897739
9013571
6310988
4682723
5329818
3031592
6169109
6941236
1466519
2342105
5636971
3252680
7641874
7336471
8540738
3727161
4534414
6428324
4208942
6562171
8477410
2770264
6331926
7187831
4751729
4205428
9104040
4651450
5048024
6637674
4671950
8144532
7434168
7185732
5960601
3193414
2571308
3484013
6157837
3307611
6083076
9710478
4365348
5347683
3521186
3734818
7310575
3508596
7662939
5214340
3507385
3387474
2274962
7583183
1951869
8656424
5774985
1734430
8760347
5743784
8554545
1054502
8920014
8399992
9369332
2831161
1913121
4362078
4194528
8390220
5575298
3341645
9176622
3830811
8322191
7866968
8307370
3695612
3700680
8828687
8769060
9862514
5264476
7337328
5248528
3125580
9661007
1350921
3190243
9827477
8442331
4278395
9435671
1645229
5578654
2293721
7741848
7862463
6737028
2748841
5805766
9957093
5903702
5532002
1800189
9270442
8469499
5744303
7296419
1675062
3487300
3605108
6268105
6939719
3873005
1301183
3654917
5835406
2109738
3428648
4812398
3323320
3388224
7369756
4018065
5716823
2971694
8800439
9574987
4736545
9184194
5263241
9076815
1161655
5725335
6479834
7995233
7678000
1253663
7269633
5312828
8290895
5853765
2801089
9026752
2790659
4053998
9750662
3349903
7618062
2583704
9090887
2675466
8912776
7559882
7247980
5696055
1193469
1604197
3867122
8573141
9987141
5870723
2476452
7281666
7298682
5033495
2679621
7250331
4245488
7914540
4618004
8314365
8084752
8087409
3111656
3888571
4608101
8012333
2044492
8253768
6538931
8315391
5201013
1257815
7056725
7707088
1496817
9461777
3237799
1622076
8403538
7962054
6928587
6900574
1770060
6753119
3663400
3228323
9667100
4805410
5476967
4483146
8318106
2559230
1296256
6422185
2968552
8385249
1126950
9982122
9664347
3885992
5355846
1105832
6200889
8487934
7300182
3377092
5357965
9600336
6400428
3039787
2594712
3876055
1183052
2632476
5953288
2199174
3481478
4348510
7483029
8812519
7651336
5250656
4785337
5438432
3095248
1960053
9771313
8027827
6859637
7986639
5672770
3366861
7453319
5466602
7423405
6044662
6428460
3367068
8421686
7305570
5697653
8049562
9359458
6436663
9223536
7452013
8649768
8849336
6136575
6842287
8367657
7406056
5130857
5758712
2020667
1640410
4809016
8447053
6728266
3542464
4934731
3306083
3791481
1343097
4447613
3780359
1550472
7752496
8608470
2967585
4864726
6297594
3306753
8250481
4122313
8441447
1762870
8070233
5371772
6607076
7172561
2798429
2064561
2171311
9353090
1111112
4678543
3916645
3694063
2338769
6944997
6108440
7950096
6014813
7322304
6136459
6650209
9608533
4694794
5957514
3015957
4559674
1519164
8896949
1097225
2348400
3276678
6676398
7358487
2920880
1750212
5370674
5365988
1713794
4589571
6676692
7999965
8902121
4999980
8691815
5238109
4888864
2866881
4578155
8124963
3668190
7227007
9827676
5998266
9615869
1470563
2680687
1907264
6017297
5569024
3789989
8335244
6758486
2716903
8909556
5348418
6224322
4539944
3706307
8882625
8185548
8926777
2937958
5365239
1281627
4343708
8381410
6784556
1067244
9606782
8098130
9216628
3389662
1281230
5862979
8891929
5639191
5231763
8700564
9314568
6700572
