100
5826559
3527182
5462352
8194823
9805352
6095286
8933257
1411086
8318724
5371006
5873633
4164862
3767699
4170222
5213580
5022514
6809319
3342719
2409350
1467301
1180835
3576392
2994836
5074493
9407412
2666011
7395712
5441480
6890931
2221723
5717216
8081942
5402241
3931968
1170761
8694614
7644013
7464269
5311600
8351804
9364675
3021504
1210978
1323026
3439685
1094740
1425358
5774990
4663062
8061523
6669384
1050325
7039581
2862743
2038271
6785789
4063423
1308698
9464720
3626216
9049513
4116500
4253836
6810159
2892956
1298436
4308665
3470876
3248882
2297282
1034381
2190636
6530649
9687708
5151288
3260796
8234485
3455014
8420483
9045586
8147211
6521038
7635835
3160503
1178115
9784208
7454883
8861699
3770718
5043767
8796074
7208369
2519097
7022757
3128032
4079036
7144897
8218692
1716887
3664057
