1000
6000999
6000998
6000997
6000996
6000995
6000994
6000993
6000992
6000991
6000990
6000989
6000988
6000987
6000986
6000985
6000984
6000983
6000982
6000981
6000980
6000979
6000978
6000977
6000976
6000975
6000974
6000973
6000972
6000971
6000970
6000969
6000968
6000967
6000966
6000965
6000964
6000963
6000962
6000961
6000960
6000959
6000958
6000957
6000956
6000955
6000954
6000953
6000952
6000951
6000950
6000949
6000948
6000947
6000946
6000945
6000944
6000943
6000942
6000941
6000940
6000939
6000938
6000937
6000936
6000935
6000934
6000933
6000932
6000931
6000930
6000929
6000928
6000927
6000926
6000925
6000924
6000923
6000922
6000921
6000920
6000919
6000918
6000917
6000916
6000915
6000914
6000913
6000912
6000911
6000910
6000909
6000908
6000907
6000906
6000905
6000904
6000903
6000902
6000901
6000900
6000899
6000898
6000897
6000896
6000895
6000894
6000893
6000892
6000891
6000890
6000889
6000888
6000887
6000886
6000885
6000884
6000883
6000882
6000881
6000880
6000879
6000878
6000877
6000876
6000875
6000874
6000873
6000872
6000871
6000870
6000869
6000868
6000867
6000866
6000865
6000864
6000863
6000862
6000861
6000860
6000859
6000858
6000857
6000856
6000855
6000854
6000853
6000852
6000851
6000850
6000849
6000848
6000847
6000846
6000845
6000844
6000843
6000842
6000841
6000840
6000839
6000838
6000837
6000836
6000835
6000834
6000833
6000832
6000831
6000830
6000829
6000828
6000827
6000826
6000825
6000824
6000823
6000822
6000821
6000820
6000819
6000818
6000817
6000816
6000815
6000814
6000813
6000812
6000811
6000810
6000809
6000808
6000807
6000806
6000805
6000804
6000803
6000802
6000801
6000800
6000799
6000798
6000797
6000796
6000795
6000794
6000793
6000792
6000791
6000790
6000789
6000788
6000787
6000786
6000785
6000784
6000783
6000782
6000781
6000780
6000779
6000778
6000777
6000776
6000775
6000774
6000773
6000772
6000771
6000770
6000769
6000768
6000767
6000766
6000765
6000764
6000763
6000762
6000761
6000760
6000759
6000758
6000757
6000756
6000755
6000754
6000753
6000752
6000751
6000750
6000749
6000748
6000747
6000746
6000745
6000744
6000743
6000742
6000741
6000740
6000739
6000738
6000737
6000736
6000735
6000734
6000733
6000732
6000731
6000730
6000729
6000728
6000727
6000726
6000725
6000724
6000723
6000722
6000721
6000720
6000719
6000718
6000717
6000716
6000715
6000714
6000713
6000712
6000711
6000710
6000709
6000708
6000707
6000706
6000705
6000704
6000703
6000702
6000701
6000700
6000699
6000698
6000697
6000696
6000695
6000694
6000693
6000692
6000691
6000690
6000689
6000688
6000687
6000686
6000685
6000684
6000683
6000682
6000681
6000680
6000679
6000678
6000677
6000676
6000675
6000674
6000673
6000672
6000671
6000670
6000669
6000668
6000667
6000666
6000665
6000664
6000663
6000662
6000661
6000660
6000659
6000658
6000657
6000656
6000655
6000654
6000653
6000652
6000651
6000650
6000649
6000648
6000647
6000646
6000645
6000644
6000643
6000642
6000641
6000640
6000639
6000638
6000637
6000636
6000635
6000634
6000633
6000632
6000631
6000630
6000629
6000628
6000627
6000626
6000625
6000624
6000623
6000622
6000621
6000620
6000619
6000618
6000617
6000616
6000615
6000614
6000613
6000612
6000611
6000610
6000609
6000608
6000607
6000606
6000605
6000604
6000603
6000602
6000601
6000600
6000599
6000598
6000597
6000596
6000595
6000594
6000593
6000592
6000591
6000590
6000589
6000588
6000587
6000586
6000585
6000584
6000583
6000582
6000581
6000580
6000579
6000578
6000577
6000576
6000575
6000574
6000573
6000572
6000571
6000570
6000569
6000568
6000567
6000566
6000565
6000564
6000563
6000562
6000561
6000560
6000559
6000558
6000557
6000556
6000555
6000554
6000553
6000552
6000551
6000550
6000549
6000548
6000547
6000546
6000545
6000544
6000543
6000542
6000541
6000540
6000539
6000538
6000537
6000536
6000535
6000534
6000533
6000532
6000531
6000530
6000529
6000528
6000527
6000526
6000525
6000524
6000523
6000522
6000521
6000520
6000519
6000518
6000517
6000516
6000515
6000514
6000513
6000512
6000511
6000510
6000509
6000508
6000507
6000506
6000505
6000504
6000503
6000502
6000501
6000500
6000499
6000498
6000497
6000496
6000495
6000494
6000493
6000492
6000491
6000490
6000489
6000488
6000487
6000486
6000485
6000484
6000483
6000482
6000481
6000480
6000479
6000478
6000477
6000476
6000475
6000474
6000473
6000472
6000471
6000470
6000469
6000468
6000467
6000466
6000465
6000464
6000463
6000462
6000461
6000460
6000459
6000458
6000457
6000456
6000455
6000454
6000453
6000452
6000451
6000450
6000449
6000448
6000447
6000446
6000445
6000444
6000443
6000442
6000441
6000440
6000439
6000438
6000437
6000436
6000435
6000434
6000433
6000432
6000431
6000430
6000429
6000428
6000427
6000426
6000425
6000424
6000423
6000422
6000421
6000420
6000419
6000418
6000417
6000416
6000415
6000414
6000413
6000412
6000411
6000410
6000409
6000408
6000407
6000406
6000405
6000404
6000403
6000402
6000401
6000400
6000399
6000398
6000397
6000396
6000395
6000394
6000393
6000392
6000391
6000390
6000389
6000388
6000387
6000386
6000385
6000384
6000383
6000382
6000381
6000380
6000379
6000378
6000377
6000376
6000375
6000374
6000373
6000372
6000371
6000370
6000369
6000368
6000367
6000366
6000365
6000364
6000363
6000362
6000361
6000360
6000359
6000358
6000357
6000356
6000355
6000354
6000353
6000352
6000351
6000350
6000349
6000348
6000347
6000346
6000345
6000344
6000343
6000342
6000341
6000340
6000339
6000338
6000337
6000336
6000335
6000334
6000333
6000332
6000331
6000330
6000329
6000328
6000327
6000326
6000325
6000324
6000323
6000322
6000321
6000320
6000319
6000318
6000317
6000316
6000315
6000314
6000313
6000312
6000311
6000310
6000309
6000308
6000307
6000306
6000305
6000304
6000303
6000302
6000301
6000300
6000299
6000298
6000297
6000296
6000295
6000294
6000293
6000292
6000291
6000290
6000289
6000288
6000287
6000286
6000285
6000284
6000283
6000282
6000281
6000280
6000279
6000278
6000277
6000276
6000275
6000274
6000273
6000272
6000271
6000270
6000269
6000268
6000267
6000266
6000265
6000264
6000263
6000262
6000261
6000260
6000259
6000258
6000257
6000256
6000255
6000254
6000253
6000252
6000251
6000250
6000249
6000248
6000247
6000246
6000245
6000244
6000243
6000242
6000241
6000240
6000239
6000238
6000237
6000236
6000235
6000234
6000233
6000232
6000231
6000230
6000229
6000228
6000227
6000226
6000225
6000224
6000223
6000222
6000221
6000220
6000219
6000218
6000217
6000216
6000215
6000214
6000213
6000212
6000211
6000210
6000209
6000208
6000207
6000206
6000205
6000204
6000203
6000202
6000201
6000200
6000199
6000198
6000197
6000196
6000195
6000194
6000193
6000192
6000191
6000190
6000189
6000188
6000187
6000186
6000185
6000184
6000183
6000182
6000181
6000180
6000179
6000178
6000177
6000176
6000175
6000174
6000173
6000172
6000171
6000170
6000169
6000168
6000167
6000166
6000165
6000164
6000163
6000162
6000161
6000160
6000159
6000158
6000157
6000156
6000155
6000154
6000153
6000152
6000151
6000150
6000149
6000148
6000147
6000146
6000145
6000144
6000143
6000142
6000141
6000140
6000139
6000138
6000137
6000136
6000135
6000134
6000133
6000132
6000131
6000130
6000129
6000128
6000127
6000126
6000125
6000124
6000123
6000122
6000121
6000120
6000119
6000118
6000117
6000116
6000115
6000114
6000113
6000112
6000111
6000110
6000109
6000108
6000107
6000106
6000105
6000104
6000103
6000102
6000101
6000100
6000099
6000098
6000097
6000096
6000095
6000094
6000093
6000092
6000091
6000090
6000089
6000088
6000087
6000086
6000085
6000084
6000083
6000082
6000081
6000080
6000079
6000078
6000077
6000076
6000075
6000074
6000073
6000072
6000071
6000070
6000069
6000068
6000067
6000066
6000065
6000064
6000063
6000062
6000061
6000060
6000059
6000058
6000057
6000056
6000055
6000054
6000053
6000052
6000051
6000050
6000049
6000048
6000047
6000046
6000045
6000044
6000043
6000042
6000041
6000040
6000039
6000038
6000037
6000036
6000035
6000034
6000033
6000032
6000031
6000030
6000029
6000028
6000027
6000026
6000025
6000024
6000023
6000022
6000021
6000020
6000019
6000018
6000017
6000016
6000015
6000014
6000013
6000012
6000011
6000010
6000009
6000008
6000007
6000006
6000005
6000004
6000003
6000002
6000001
6000000
