100
4993179
2380566
7656187
8212545
9888429
1381202
7074779
5283152
6545513
7787031
1523617
7994983
6958827
9814164
8797765
4142828
6615026
4262092
7668402
9086659
6413453
9780292
4852316
9883059
4156735
5255229
7333798
2603477
4479821
2761780
9541058
4562745
8480605
6721727
1103677
8762283
9327641
7674378
3969306
6349694
9701845
5812915
7131894
3929199
9673550
9305026
1518797
1924212
2185516
5356188
4179147
2209293
1940073
9909352
2725741
3657235
1350482
9200371
3105993
3221808
8133086
4063345
6180588
7660879
2700605
4493396
6700675
5888093
7581899
4229737
3755660
2550918
5259030
2610465
1160790
9630252
6695676
1032564
1000806
1000677
3891496
1163004
7485684
5040740
6053478
9248584
8636909
6763786
8158590
3889167
2909867
6346661
2275574
3037415
7998122
5039337
8970404
4007142
9120668
8974398
