1000
5992978
4589688
4558496
4998674
9034586
2140841
5722919
6737799
3994949
5323677
7025247
3640751
7924662
1102477
1641492
8051694
5849653
1484108
2066812
4135568
5490201
9931298
8018105
3553884
2473622
3002143
8820533
3179417
9660168
4943732
8731361
5276703
2178374
4747758
7819375
1061128
1498746
3195012
7552809
3762576
1505600
5185306
4458641
4606730
4132351
6114974
3096499
6818468
4927372
2449626
7876505
3807437
7380101
2069946
6399613
6058333
6263588
2191105
2014220
2656805
1025938
3350670
4597209
6994824
6722375
9446595
8753152
2595754
6172615
4399377
7083205
8392863
9669119
4378285
9707572
2448998
5180537
4282671
4227386
5093614
9623205
9729964
1941644
4297873
6908248
2576801
7718511
7253712
4990161
1587387
9260488
7998654
8209394
6036732
4173581
1665585
6945525
4111736
7658284
5016342
5535472
5207840
8675835
1957251
5893321
1575565
4956223
5976170
1387141
9980408
1103977
3500532
8010206
7353602
4444486
4383051
2344708
7091751
3797598
7402500
7429982
6391039
3318168
9293276
9173393
2480431
8380061
9767426
6437696
9382300
7372522
4765684
4115700
4211345
1152642
3424878
7089742
6736219
4237147
4557791
4426188
7952834
1959383
6376398
2663993
2340834
2648583
7400844
8546720
4319186
5390427
1945259
7860018
3482692
2187462
7885679
5532661
6923246
9067448
8421794
6761480
3114295
4817755
6304734
3097629
5765269
6962482
1402958
7441479
3196206
9589191
6278565
2855876
6239333
9490629
3623467
2894900
9615846
4594622
2172284
9722163
6099540
3943998
6426323
1836724
2957563
6253399
1679030
5790567
4973161
6472526
3388987
4210493
2611082
2151703
2586602
8248458
4354259
2016733
6673716
8102650
8580070
2669036
2789892
1052279
6785719
5551955
2322772
9520361
2397709
5634588
9083099
1502559
7801445
6832990
2333341
1875350
7896290
5138845
6065194
3500192
1604665
2299761
9834539
3122911
2163908
4918381
5124866
6992026
8533700
9155680
1662992
3191096
1887707
3141498
2761332
8817875
4293386
7927815
9498425
1092527
1276848
3432832
9005409
1568835
7158499
1827067
6026808
7236167
1826868
3547496
7229964
3637183
5555749
3414830
2801370
4032167
5503141
2672941
4452260
6570583
8684711
2147366
7433865
8100521
2406438
2749152
3122140
5532322
3836157
4562884
6509314
9130574
3596270
7195003
6834333
7255095
1740112
4695647
7274462
6908471
3724102
1263647
4841522
8529131
3232837
7911400
8271642
3212947
1586733
7508832
2596449
5644552
1327916
8920509
2691033
1726814
6105166
6245478
8592734
3703146
6854360
5864048
9893942
7194238
9687407
5212116
8794849
3252779
6179124
4827519
7483117
2925046
4317994
9312659
5135820
8625270
4804162
3976580
4102594
3439964
8042525
1369870
9906024
8465229
9743443
4098813
2546966
9932189
3167916
4996021
8147760
4721749
5545596
2169876
1825287
9277511
1786507
6780252
1829163
7902271
5474645
2544766
9239902
3518772
1478359
6100492
2365132
3492239
2574923
6559933
8789777
5992259
3255708
2976166
1688275
6398550
8348853
3232431
4288913
4318888
9456062
2147389
4788491
4331242
4784664
6204919
6656939
8410873
1887475
4041627
3907876
5597363
1690293
5398145
9228025
4656713
5598901
4277936
7045496
1282550
6679056
1468233
4235288
6887823
7826899
7361201
5109648
4933859
5621281
9572963
4539970
7757869
1590870
5387557
6305895
8628841
2969636
7930714
8844035
6362132
8894334
7915216
1556051
2921951
9491883
6565099
2316934
1578797
2750677
6569386
9710577
3571123
8550233
1513240
3754535
8877975
4499992
6099055
8521520
8677677
8411063
6524760
4637776
2088190
3398724
9481566
6515867
4596402
1101553
5700708
6788719
7636352
4999925
8172132
4025146
6507875
8604272
6916586
2773924
1260904
7990398
4016296
3688271
5752054
4756399
1125395
1529470
1217757
3073309
5848335
4371499
6358858
3861504
3657087
6020285
5655858
5627358
9744055
6955001
2339493
1011726
4559102
2224519
6704085
2769510
1818318
9888847
4410080
3357514
7020246
5977837
1646474
3821592
7972955
9331330
2104311
1160465
3199354
5688357
9131536
9493290
9270785
2829281
6057971
4716179
3770959
3074455
9771976
7770630
4263497
9023047
2082482
4132203
4486543
2368434
2310211
4292171
7711551
6210699
5502684
5447708
9373168
6015591
2185203
2195676
7795018
1711274
8028502
9995080
7792524
5695771
9116399
1686958
2646982
9086329
2741689
1319168
5057305
9518863
7019370
5774283
9741428
7072454
6632985
5495233
8848360
2540082
8703867
4337180
3249670
3848246
3080216
5098379
3863424
4079115
4596580
7281953
4695974
9996478
5043411
2557162
6656690
9726065
9634532
7261225
1032566
1430733
2730858
3847520
9404340
8016629
6487655
5797646
5891751
4247830
9686954
8661871
5780633
1932621
3330675
1656087
2144884
9680424
9255077
9901097
5610533
2769185
2799347
2999311
4190838
1074015
1021694
6741834
6935691
8061439
4656302
1345123
3260776
6333275
2697736
8772786
2860657
4640113
7464471
7447934
1969202
3715478
8827750
8325373
6507657
1680988
9911821
9448870
9422465
5844633
1795073
7281397
3126000
1092584
8219042
3412526
5809299
4161189
6490184
9508253
8004512
1157101
6651173
8747036
5010917
4828668
8737913
1469254
2169600
1798826
4740482
3549483
5079583
5435632
7991139
5016732
5717641
4561198
7903511
7362088
3882284
9499128
2053190
8494087
5386008
3931714
2551455
8337495
1927572
6425160
4027583
5185549
1400889
3340107
5293097
9955237
7737428
8737320
6762463
3842716
3235496
4378754
2381608
2911214
8100291
6857450
6698298
5094211
4562312
3221813
6497211
4029726
1635278
4597934
1268515
6394176
5991726
9107213
8923404
2806465
9466707
2130320
9631004
7165817
7052005
1347288
6061818
3208350
8978046
4373798
6805792
4397165
2194354
8604495
4651329
8788469
4994329
1988021
6893044
5214810
4817311
9485471
8389175
3298047
7106518
6345699
6800543
9136175
1541002
5549570
7272495
6298037
4888885
2493220
9886200
3439961
6886957
8091789
2100569
6962117
6045107
7608368
6785486
4771168
2805861
9876426
2085613
7117179
4495991
2092593
8335063
9936729
6724261
8818053
6012917
9928507
2799836
9513767
1594948
4774636
1492667
2593585
1733826
1741234
9202820
4824574
1801865
2064782
2454896
2354066
1128908
5355636
2098010
5803684
1742536
7367190
8525762
2002699
1723221
9818621
7884709
5457878
5208989
9118977
8449235
1322823
3765972
3968147
8226738
4820410
5017273
7125776
3300537
3983066
9946820
5281128
5264360
2157556
2663033
7696423
6774118
6794887
8531116
8504658
9305755
1108635
1301806
8951502
2506408
4895081
3037167
3793965
5057212
6627515
4745557
4677761
9553057
2279285
6856900
4842358
2746486
3082595
5021238
1908618
6812341
1640900
7056621
4811983
6938648
9314271
4720911
6590460
4252137
1777028
6501033
1212520
8145944
4701501
2973568
7659344
5292672
8409350
2308028
7861498
5150596
9474537
8601446
2440562
8596694
4840559
3389821
6261956
3729712
5371452
5142667
4372386
3806559
3818057
2405165
2141344
9167197
5145214
9501114
7298973
7994447
8777113
3660756
5797677
1179006
9781026
9158270
6156460
6891106
6041128
9015101
6356628
3378252
2822441
8784442
6757290
9761634
3796004
4813807
6850573
6389649
4479035
3109560
4900577
3752350
9486511
7148412
7295714
7441815
3520115
3957132
9742779
6566992
6905845
3674171
3955473
5511208
5571577
4840464
1474563
7006013
9928280
1910008
3527348
7270940
8055649
3654504
9580667
9162815
2349597
7007026
6216962
3719593
2295329
6465093
9405654
5283859
9949087
5866114
4513877
6326212
9337092
7392396
9439198
2928165
5216401
8175424
4439604
9789108
9553756
4892878
4244636
5199377
9844286
6482631
6605305
4898254
5349513
3692000
6462381
4605082
6642555
7588134
6648530
3790439
3425013
7107778
4702817
7958678
3221384
4185279
4786810
7167095
2515195
2230674
2208052
3970109
8640341
6297914
2145887
2973170
9998089
8769880
3395399
8796399
3975634
8418569
8038499
7646847
9137779
3497170
9019854
4363806
1387475
7211043
4185501
5452916
6806697
6122071
8136306
7571614
8656548
6928171
7250536
3852838
6998166
4248678
9463367
7275882
7976233
3914600
3184257
8567923
3202497
3351478
3222541
4750727
6144427
4214285
3188051
1210514
7337189
4326662
1466016
4332800
4240432
2964225
5316988
2631815
9327147
7110069
2187562
1768923
9549337
3423614
1562503
2116346
8218445
5877760
4220438
2354521
6736956
8634700
8420234
4922190
8716363
1335857
7854253
7709761
7350242
