10000
8567965
4701200
8294805
7198345
5482764
8620763
6104331
5265345
8975176
3208990
5033297
4970596
5399274
3630528
3662846
5836985
3039689
1522512
7473658
7702866
5598912
1328833
4880052
6768240
2567453
8631531
6631933
5654465
6304071
8482231
4248043
8467039
1676816
4137770
9217176
6225077
2925172
1592029
1966877
6166445
7341113
9782860
6208585
4441668
6598295
5074885
8061071
8092338
9807730
2217714
6977343
3701955
8082534
6467785
8989643
5096283
6563123
2343139
6134405
2848809
8963586
4667676
6104408
3774786
1477070
4505778
8076148
3176377
4735758
3863184
7367134
2519509
5661578
3174300
8717272
3002683
9970685
4262047
3933501
7535020
4031866
3648381
8533104
8484938
9817667
4380101
1209750
2384670
3973766
3764474
8183000
8688796
6134272
3033987
9246598
5191995
7410751
8333519
3279073
5605935
1113730
3744867
5451248
6308625
6271372
1663904
8967246
6407657
5899634
6467704
5173489
5556969
1056018
4030673
9285710
6884197
5947757
7180022
3531508
6473761
8350926
4087073
2537406
5591522
9227107
6035068
3032573
9814794
7884139
5292945
4010366
1087829
7842241
8380991
4290576
1461889
4012088
7818383
6376994
9967997
2122208
4328512
9607602
5419199
6657592
9796335
5993760
3453276
2201893
4810290
9108733
9305691
8053939
8183287
9038143
9229243
1074545
1497863
1982278
1075550
1346306
6574664
7068580
9453605
3362081
2747667
8116697
8011780
3923037
6886034
1438604
7481576
5494414
2086629
5753393
9796968
9114790
7593998
1192456
8303953
1426804
1047923
9789994
7769446
3642165
5446660
2604330
3066679
2089612
1773517
9850569
4118480
8677580
3285333
3495562
9329965
6466452
2652743
6625400
1628020
6620626
5564808
8730229
4543426
8759131
4508953
2292094
8768146
7980835
7286415
2731059
1339163
1358624
4730905
6812307
5858552
8413988
9641017
7932687
8823941
9042507
1116141
2778589
5727808
3795313
2278031
4409993
1594310
4065424
9504108
2904928
4161407
7848217
7532241
4836389
7536275
6478113
4268348
9368152
9285382
3006974
3187457
1002203
2183233
7854899
4300954
8881903
8506546
7935816
6826372
3030999
4242839
1588606
3081888
4840859
9559374
8359881
4324655
9011689
3920967
3423479
2310080
1738735
4099054
2462497
4917294
6652132
2332779
8401823
1331716
5981999
3476403
7216945
7055348
1709816
9020956
3353579
3564064
4398463
2755116
4743314
9737096
8449650
3861107
4272156
4818645
6570419
1908025
1454453
8941755
9509993
7003194
3925503
2607021
4839493
4569617
2214642
1063205
3921408
5595985
3099061
1267931
5666516
3341947
5371579
9403432
2636961
6059820
3183954
9860427
3385882
4819886
3877704
7790370
6055855
5238945
7685815
9775268
9897988
1015923
6514451
3865237
2958849
4027405
8610794
2066027
6383091
8106295
8664619
9763409
5165468
2013174
9489803
1708601
7280263
2825364
2966660
2422942
7807999
9763705
5793791
8657505
1332273
1556399
7114467
9687036
6022895
3423411
4379110
6305117
5444038
9993538
5634557
3513125
6424338
2504713
8334519
2192161
8402097
1656602
1805190
9793919
9678390
3530787
2917433
3653836
4447551
6974247
4001532
8521693
3861122
3619186
8750961
5493500
3421963
8229905
7733572
1511589
9839185
8022792
7954513
6056057
5533186
9360655
6182777
9749330
7585300
2666926
1610486
9320991
1927830
6802896
8436834
7608873
1837622
1650189
3310975
9167486
2415141
1246804
9444563
4555621
1215888
5141537
3206978
9736115
5228961
4741034
8982313
5860805
1538670
6901303
9131601
7739919
2874336
4742370
4495073
6724580
2362942
8074244
9533215
3851589
4383291
8231010
4790360
1417526
6866678
7134911
8180093
8682134
2896777
8271251
1536377
9133319
6597924
1400420
1737297
4353255
3027795
5638427
6382476
4014421
1927661
6715089
8053124
8971039
9876535
3241787
7948499
6967259
2291841
1006331
2319794
2785996
5122463
5881392
2138294
7107254
7460899
8228944
6232859
7157869
8761346
6019116
7484390
7543730
7047452
9956964
6504710
3377863
7785136
1871036
9652404
7239452
5661071
2840454
1913475
6127026
1411816
3531625
6117833
3757103
6148868
2535010
1608023
1721523
3728011
8719033
6720261
3783554
3933464
2741439
2985986
9920514
2812024
9169774
5001042
2520614
8149529
3624457
2018953
3440619
3629176
6800892
3320160
9244339
8941108
9516398
6325454
3488151
4207962
4995613
3850642
3591505
3324496
4526802
3321806
5092218
4873583
6961471
5512837
4765041
1371914
8274477
8080592
8668397
2543900
2040842
6301262
2552924
7030506
6014882
7448402
6773403
1848253
3425037
1347370
1192640
7744347
9167848
5723734
8093030
1759902
2353559
1196518
5644905
7453029
7865387
4801223
6393330
4228810
3159784
6763391
7820915
5943092
5913834
5043438
3625814
8611046
4058784
8570304
6041195
4899408
9061385
9776074
6672136
8730988
7618357
1964681
7224733
4659428
8545662
2963161
5655944
8421547
7036047
4475076
3845933
8549602
8930373
6513226
6721146
8395236
7809901
2152849
6468033
6825204
2772214
6756693
2382334
9368749
7358608
9728146
1136547
7276250
6118804
8181623
8035473
7419152
1964053
2139765
6703650
2521361
9658854
8947225
7646676
8775562
8350509
7741958
9034503
6637183
9655832
5503711
8772922
2364390
3744758
9935628
3375602
4808754
8753713
7219395
1364724
4093210
3644634
9733090
2672293
3689953
1399908
6116650
9819270
7754263
1613565
3576782
1899309
2241448
7538673
9005820
1673050
5030523
6470153
3324059
5570486
1517110
2466227
8709679
2305954
5824248
2738603
8801937
7722950
5926151
4786658
3550298
4595560
6228148
3100957
8747162
7999791
6746500
6609625
3463323
6355424
4040057
6430180
5716452
9604448
5042361
6241223
5585716
5176322
4626221
9516498
5983835
7957803
2604012
3346487
5187536
6912203
3159537
4744532
7709471
8144526
3593563
1286538
2223721
1393083
4675964
9014754
2434176
1077060
5134941
7708346
5453059
8032566
6742183
2919036
3270519
6291458
5693837
4847375
1181088
5125789
1162665
7713377
8286999
3221797
2324892
3535164
4343867
6554668
5912898
5283880
6819253
8951129
8930293
5997233
4598927
3217340
1499041
8082513
9960510
5923465
1319689
7217857
9206072
7077529
6713041
1689739
1919751
3648316
5042211
4461091
8251287
6157946
2168614
1227398
4466749
3063860
3947044
9297810
8707361
7255086
1325722
6353832
2332029
4439447
2977710
2151391
8153822
5049579
2924444
8409266
2695491
8233496
9307226
1910404
3659060
8312183
2580246
9290978
5077637
7578653
8945652
4441329
9298771
5443562
7098973
1331249
7330382
4406808
5754668
5688601
9463881
1870928
2796314
9291116
5415102
3889521
5710781
2004980
8722485
4778321
6869221
5201589
2046310
3382760
1187632
4588396
4171054
9393138
6286095
6684057
3666527
9434685
7338392
7709210
6715171
5749908
3105397
8473930
1887146
1384042
7105957
6484177
6073698
4856938
5654730
2610772
4740032
6493277
5256539
4836735
8488332
2051053
2720867
1147601
3390577
1266985
9590586
2076169
4686029
3577969
1310867
4165984
3110958
2551517
2236798
4439246
4781527
7443688
6733759
5510216
6111850
3349385
9671775
9789337
1731958
6732292
8459705
5229383
5715170
1426230
4753616
9487553
5292723
6189999
4251863
3504040
1606531
7927252
3230297
7221755
5501067
1416525
9221059
2975918
7567563
1714603
5665535
8297181
2360519
2958182
2989842
2400964
7020324
5334173
7902281
7963810
5141980
2619207
8858496
4707079
8717126
1848009
5879243
5749955
4325658
9271424
7399600
1470880
3078364
3923528
3057877
1126113
1334959
1829853
3588078
3761493
8167692
4155521
4495866
9042918
3972931
5326567
7811951
2817574
9598658
9123239
9092467
8622788
5197187
4237634
1269734
2478834
4929531
5833672
8163716
8510458
5131545
6746791
6332991
2887178
7623292
8726134
6409732
5457829
7724833
1337273
1600621
8043955
9310027
2321735
9606888
3153522
1186027
4410362
9061070
5767990
1331498
7179158
9778927
8710087
3381717
3369261
9498339
4917865
5200809
8970322
5141164
6378977
8374664
9661300
3378627
1465534
5631859
7329740
3860641
7133021
9860993
4987610
2684296
4748561
8362198
1412060
5960760
7136290
4529407
8907751
8996398
6204004
7677214
6719467
4648314
3123754
4060041
6399745
7514145
6272004
4185105
6998719
3196083
7290119
5375471
2361423
3256317
3862627
7928561
9099444
7834906
5561130
9984151
3732422
5654926
7214414
7965167
5005664
3596779
3054371
7578080
1112959
1872352
6182647
2364733
4334284
5326423
1318231
9187343
3777781
1981198
6431091
9972425
6939208
4722032
7132419
7269295
3558601
1687549
3604147
6610991
4229157
6533968
4247364
3295123
9820472
7024783
7648396
2959917
5732603
3329537
5691920
3796228
8386409
1801563
1471568
3854006
3441315
8587572
8773420
7368375
4316033
7026298
4458045
3689194
8193788
3957636
9889574
4080638
8563545
5248098
8629164
9740459
2751912
5467098
4414554
6810437
9330557
5232893
3666929
5222920
5368286
3752225
4159712
9535908
9688797
5126344
1174656
7813243
5831687
3217449
2994850
3030370
3899134
1403390
1057100
8201468
8449579
8686655
8266744
8185645
4985168
8513117
3744455
1886070
2984628
8230401
1310998
9895493
1942447
5647189
9828055
5604440
7442008
4073636
8290986
1963585
6811324
7353991
3571180
6480675
2049113
1310807
2739817
7018894
9235755
1094938
1804030
3571256
2307518
4701144
7758481
9383333
5031420
5682509
5701948
1888185
1465577
7188044
4975614
7576795
6705181
8796130
1031284
9688532
2394417
4276089
7012679
7673129
1147389
9912783
7582655
8992326
8319424
2275534
5330936
9766460
2407536
4940085
9451388
9671588
7582196
7945759
1652033
8754892
9742455
6653163
1356042
6019490
9641920
6022796
1474323
7461327
6427767
2673314
2577744
9795742
7183514
9888577
3437583
1840286
3151664
5164912
3303672
1292476
3848340
6831277
9806361
3593452
4021086
9549960
7390341
1806058
8075557
9300221
4726111
4339156
6525697
6248878
6741987
1590627
5177400
4955024
8893205
7813410
2819950
7428861
7715341
6284406
1681722
6751619
2541258
1760206
9879325
3933323
9934366
3060197
6061166
1708589
5534098
9403663
9357051
7921602
8422299
3319744
1801202
5564154
2547284
1457132
4853537
3757671
1760341
4881562
2025649
2293929
9809732
7712770
8890209
5910804
1797290
2179650
6513513
8015336
6485120
3617987
7453749
5666640
7619954
5944817
9829092
4248317
2372620
6757523
9688050
9448340
2217284
9754056
1689778
6242941
1474120
2084163
3493871
6858077
1261209
4445985
9976187
9114007
1894071
6662313
2247064
7127927
8584350
3080091
4983247
9377680
6523584
2180292
8126583
1509470
8606660
3097920
2241664
1573910
6967327
9798874
3422664
4753877
6393329
1928585
9650357
4222335
5125579
6853307
8119099
5159777
4964471
4033679
3646351
5347657
3773623
7984581
5099468
4015693
7242362
3020137
6610709
7613434
3400923
4105497
4685212
7068870
1319324
5174187
9832082
7113648
9455011
7558194
6566287
5621206
7900778
4392787
1349363
7400151
3603549
7443491
8696589
9966435
1462855
3669380
5028132
4160808
5860644
7885224
6718412
2206783
9813710
2302220
6899962
6506982
7885410
7166082
3280523
3112111
7591794
2800712
7123361
7076642
4068463
1190373
3425974
4764230
7404287
4666605
1130341
7983110
8340613
5190283
3794214
4509930
7289864
7345151
6634875
7337755
8133854
8461369
7207856
2259628
6047322
8198029
4265727
5458309
2536938
3261238
1663604
4801450
6124997
9333456
7081173
6288604
6222333
8197938
6903589
5822071
2439592
1310473
8248418
8493923
1024284
3550659
4813350
5950359
5854083
2326546
7655042
6437627
2286901
9392711
3039265
8663037
9266437
3253810
8645611
1107927
7171102
1637727
2115119
5295287
4031638
5943868
1123774
4044847
1429499
5435824
6270429
1899062
2647204
7085150
6016147
4760439
4368770
1564235
7216107
9607265
9206641
3611140
2732987
7566847
8577361
9247892
6749302
8066873
9733840
8746069
3887806
2942251
6397957
4895253
9052629
3377309
7065733
1694418
3649077
5023211
5921002
6185609
2097597
8954293
5147412
3254884
7889895
4161106
7338135
3695035
3372567
8033409
5335439
9169069
5025878
3674512
7285505
9714191
9706207
7812913
1120396
9157796
5590160
6995994
3309182
9057926
4721733
8528348
4152146
8224604
1506577
7146903
3259809
7541508
5782630
9948228
4163889
2586715
2540918
9384667
8463979
5456491
9641081
6635766
7571232
4239189
8068305
8954710
2178998
1063528
2109884
9941613
3970743
1007545
2034570
6610468
7797922
9198731
1203535
5925526
2862749
8607713
8759658
3717268
5489050
6722913
4094334
4001618
7558776
4584476
9624360
2892003
5991758
2782907
5518970
6823993
1953547
4029685
3456214
2214664
3351200
4224999
2527510
7652716
2469601
9319659
8484891
2138048
4308249
5579060
8641340
5133336
6866725
1954752
6919057
8743641
4916851
2597856
6864023
6625896
6374836
1720949
2014950
5999753
5499623
5193532
2867593
8627266
1856991
7483227
6155365
7037199
3622935
8708036
3823996
4075879
7744468
4549969
5884259
4085478
6242395
4746713
7780259
1955565
9547340
8578059
3251629
5850263
1405198
5856473
4292977
7332942
9522836
3506783
6262535
2791230
8049655
2097180
6081974
4544904
2602949
4354744
3886708
3785666
3366419
1684551
9462527
9264205
7027918
6426333
2161235
4889335
7095055
6434363
2731068
9582138
6395864
2830225
5930350
5740206
9842769
8842612
1340978
9489619
9322391
4423578
2903851
5437041
3731398
6023149
3152713
2998748
4150117
6289260
6584013
8200322
8447027
6670560
2276486
6972551
9958840
6717398
8460962
8143491
2083087
5731624
8135584
1133506
7841418
8494866
1349085
8358069
2373940
7251994
4406780
1698007
8271894
8918263
8689987
3881859
7191020
9082605
3439843
1341317
9100271
6744752
7634703
2267950
1057136
5772951
8624761
3110452
5354898
1086836
8605240
6446953
5982505
4542450
5768126
4425259
1653665
1395622
7652280
7728356
3396017
5668977
5650174
2717099
7199281
7711716
3285918
8378724
3567152
7274590
2599899
6085347
9692963
8144986
6635019
9514471
3109978
2750557
7235512
6288661
2133068
8773807
6939686
4712794
1288790
9194503
5933446
4202277
7543815
2323157
9662506
9954637
4873463
9492562
5065921
8003407
7651104
3027451
2875204
8498739
7018588
5720086
4888921
7669792
6574056
1416524
8636624
8853100
9305249
5482848
1436100
6040913
7160638
3987567
3950339
8395917
4362582
8367553
3606872
8136586
5095386
6577391
3652216
5148309
8019973
1780694
1547748
2636890
2043386
8521626
3090294
1119376
3263350
2427415
8928222
9766282
1802728
7456181
8900766
3899654
3142341
3434938
1852388
8063625
7171207
6135788
7879055
3033059
8978448
8094543
7525397
2059727
6837443
9954036
4877220
6269839
4842332
6474419
9519655
3695189
3432001
4425035
2011987
3898173
8976319
6219376
6106777
7904969
8304697
1201796
1676813
8653781
1604805
9726345
9242512
9517197
6543153
3434542
4646579
3936324
3777654
9062288
7023284
9034391
8633130
9456596
6042213
6822057
2069860
9568195
4005378
2421160
5280131
3404421
3934971
2339727
6924839
8576336
4476370
4611150
9952995
1018771
2660486
8123496
4468355
2292695
2895809
3722476
8058466
1298318
3922774
9264111
2120622
5007782
9575070
4982551
6292367
5122295
2602244
4855627
8526964
5246652
7631390
8447178
7461273
9857320
6834054
2954777
6131950
3099377
6855754
2271409
9722968
1083457
4227928
3397344
1068165
9494090
5003886
3158527
3678843
3649162
1828392
8187420
2157473
7857888
6411490
7823562
6260154
6192686
9390943
9960278
8756286
5274760
7314666
2635763
8717163
2992827
1975397
7103121
9341851
2204682
4730184
4267705
1767735
1237534
7506332
6107236
4694572
6276972
3285087
3768629
3233899
6143683
2163001
7183853
8066487
2125646
8899784
2101062
3858266
6947807
7293368
3809106
6095392
8006965
2881151
7241652
9970920
4449760
3998743
1153855
9162671
3497843
1582652
1144287
9109263
1126937
1840312
7197453
9192607
9468188
5061725
5657743
6429956
5939978
2712826
8582071
9045408
3674736
6008696
6592371
5351560
9634724
9344927
7849270
9904011
3985053
6914827
3987333
5010442
9373726
7063797
5321980
7154466
1404396
4026119
2070546
6950529
6369396
4718302
6386802
4204464
5488993
9021150
9625580
8681948
5933165
8474442
1950341
2320139
1489942
7466939
2695490
8105436
9701059
9559378
4146762
3565799
6804983
3133112
5216973
9575399
4643125
6241774
2599792
5669988
5236445
8279816
7981395
8360357
5083126
5683158
2011692
3857261
1639053
6378149
6632301
8741356
9525622
3898546
3472524
3602745
4977528
7440264
7276171
2666838
5173694
8401835
5234176
3487876
2710355
2323694
6503725
8736312
4180613
2893314
2059186
5852917
7657806
8620479
6437657
9589347
8590904
1656782
3648899
3071583
9114903
7487543
5566514
4304972
3083051
9416720
2571783
2698986
4826094
6091855
9125381
1448558
2737227
3855066
8498933
6102986
9535409
4636532
2353652
6509245
1335639
7986945
4316355
1333093
8452936
6394044
2926141
6755410
8249760
9077504
2953262
3789406
2688255
6530126
5010042
2172596
5712878
4907366
4289644
4370318
3148649
7482937
5963769
4813627
4121124
9512189
5633292
1099872
7303561
3519249
3894339
9782269
2732369
2777012
7764394
6073283
3292161
1081720
4631639
2156772
7156215
1065004
9894454
6981402
9257693
2987961
3246926
8856876
3556318
8932308
5208699
1937357
5176375
7206933
2437966
8224695
8790800
4021446
1881339
2956367
8551099
4253048
3021049
2387842
2963068
8970746
8641696
4753720
3434450
8456450
7433086
4727199
2376653
4956080
8750210
4638939
1837745
4475313
4944189
6972003
5725379
2802721
2921910
9511647
6725097
4990307
2125053
6320416
3943231
6173661
5024530
9179839
2238719
9253326
2488263
1492658
2429488
7716731
6964484
8843028
9788484
6896683
6604474
8276004
4244875
1072118
4578171
1240008
1101508
8906716
4705768
9009250
7533556
3278365
5868530
9924427
5499744
1627724
9761557
2615527
8516416
8281080
9159618
9294744
6981525
8232221
1741677
3441494
1425870
8848976
3829583
4841063
6852277
6376065
3112405
2787347
8297311
5642925
7746504
6363602
3768324
7791444
8360582
1165129
1099907
6335888
9033185
1568098
9555954
7741119
9314991
7796307
4181845
5569537
5462187
1855538
1675494
8733141
7693434
5754438
9823316
9485536
7108649
5034768
5010023
1169286
1388532
9884395
8109811
2421126
3702978
9535337
6983338
2242737
1599536
7513536
1512743
6166826
5712331
1091524
8836241
6555628
2376851
1423118
6883333
5476983
1885956
3900300
8640776
4669692
9880895
3288122
2928348
4123123
1752169
6197625
7228552
4682770
3490890
1599398
9458317
2070232
8438960
7845293
6240174
4205874
2108213
2765839
2827632
5875068
4744488
2702193
7406988
4125195
1235776
3000558
4765417
7195723
3156174
3799808
4316396
1016524
6838635
4377490
3315116
6548802
8258231
3900968
6900338
7620140
6168029
2604146
1160799
5240643
7721115
1403478
4389329
7686103
6200646
9274557
6372703
7853086
6514775
3327825
7914522
6805965
2643927
2367612
9012423
5829716
2386456
2175300
1728323
7581484
2959447
7926261
9832190
3454755
8898988
1734830
4234028
2054060
5871949
1211744
2229943
9793344
7401011
7346291
9398401
9293640
1419387
5798148
1211570
5637542
2486912
6223531
4895045
5616817
8743143
1309040
5007240
6235506
2928251
7140409
7787859
3773693
4098570
1784772
9992001
6753057
5560424
4083707
8092141
1353930
5743331
4140840
2187999
7273437
8636975
7299366
5121704
2235205
8933131
6042754
6377642
8282382
6668916
2599656
5773396
2345136
7608249
7248610
4406476
9180757
8214607
1366694
2757254
5063237
3808229
9437831
2114932
9574593
8140891
2819719
7156607
3021350
5783375
3751162
3289238
6746684
4131472
3212493
4000652
5015559
7374327
5511688
7941119
4989741
9380939
9525632
7788359
5374809
5007980
4481474
3601299
6953790
4220867
2549181
3559395
7060247
6801560
6783630
7486465
9029677
6846571
8606217
8529761
7089961
1761192
3581213
2064724
3417893
6133029
9527857
5131839
7275894
5069638
2956949
7175922
8245572
5949196
4027427
1605054
2455692
9633361
4481023
8953366
3986740
7234511
8409284
3696809
2131512
4717218
7588368
8132031
4909204
7965947
1132946
4900811
8494139
9067111
6036043
2007473
9481063
6972543
2706642
3960264
5716672
8971641
1232475
1856297
3915482
2088968
4919865
7471545
6637913
5881327
5126730
9093891
3998631
6087548
5154116
4024434
1781634
7892539
4798327
2349622
7222959
9794633
6341578
4844141
9931458
6790443
8165314
9118365
8879010
1518205
8007887
7289031
3108095
4496200
1069584
9263982
9150895
1517134
4043234
1755768
9104801
6766264
2169147
6621580
1853840
6692122
2552717
2055077
8113948
9053309
3228793
8632022
2194308
9245541
2737017
4753775
2001304
5714181
3961931
5597000
8470670
2653040
2941633
9037420
2587098
7756554
5138373
6412271
6015659
7500711
6798981
4944835
4799723
8303537
7771066
1410463
7168166
3506440
8627823
3654490
3528222
7393293
7870671
2750735
5262278
2470185
5312023
8211145
4600492
8015068
6751877
9453234
7556404
5407976
4043545
9013350
2352354
1023463
5983482
8056182
1558975
2381706
3304251
5646498
5339247
3133500
9499663
6299294
8239689
1990311
8964561
5036529
7026801
1800478
3587873
5438593
8317474
9700442
5083356
5387788
4223111
9564761
2806450
1125019
8729851
8284932
4411749
2376919
8204806
8496136
6323399
2682289
5274858
8047032
6240348
9821613
9867982
1360649
7024353
8632616
5113682
6763606
2097525
5306226
3206460
7554526
6189159
2472917
6229394
1017955
1624399
2032182
4198752
8699436
6272256
7862491
5958075
5638965
7092533
3174095
9543598
4305229
9752852
6282962
5644284
5700665
2776272
8086749
9128967
4248767
9500634
4490228
7751000
8144798
2660465
6687253
7733247
4863853
2051296
2060817
2318421
3739033
7000001
8554216
7454975
6378412
4468145
8342650
7731261
4827498
4230115
6503484
6064682
6272613
9501184
1585288
5059742
5082948
2871718
2872344
7465282
3756551
2646312
2687260
7097619
3068191
3003598
2987690
9870947
6630556
4030902
3451662
6585987
2267519
6068170
6482883
6215076
2794761
5353115
6520449
5447943
6597716
7689173
3188871
9831675
9614377
7979748
7590683
9432679
3482985
1045776
1267479
3287976
4005913
6894508
8546559
6078868
7016688
5040764
3670489
3714311
1457947
4084599
5860613
9318717
5313851
6939610
9695349
5072624
5762540
1761406
4313630
2259244
7394706
2893013
2564912
1974464
8778824
2000744
1497283
7586359
1036554
3771228
2712643
1602368
7812748
8780581
8120997
2302730
4012489
2937267
7553778
1193131
8334553
3582860
8471084
8412050
5901069
7516184
1193424
2218154
2332181
1699340
5915731
5998473
6819085
1522169
3160439
2986978
5606707
3717380
4010784
7098935
1655188
4847787
8534730
7249978
9919632
2248045
3971006
8826005
9624700
8656106
1803326
3602399
5486118
3300932
9277285
7820082
8830046
9961454
9097554
9140706
9942172
3583011
7253542
3017992
6711372
5281570
2086389
9893807
5632994
6762712
6570906
6992142
3029330
7562861
7109510
4900830
7998126
3882650
7394506
9226685
7499414
7876906
3244771
8997612
2992604
5886377
1469678
8405493
7213718
2225138
2878133
9463057
4730911
2933597
6991649
7276048
5992848
1896839
1808408
7391585
5321100
9104571
2888625
7203372
1460714
8532017
9542158
2829989
5883006
4978461
6654977
4221043
8599170
4372523
3517467
2107769
9934880
5933833
8207521
4248852
3011388
6515421
6896888
9571486
8526017
7446352
3761891
4558546
7892929
2120298
6678250
2936912
3297193
4885334
5413941
4724138
7261676
5326521
3448026
8137182
7868959
3632622
9285388
4052774
4890262
2642741
4917332
8956607
9782109
4135717
1460325
8876079
5653657
2601647
4632722
9519241
8554320
8992773
6236131
9255204
5652862
3498425
6934305
3583426
3648122
7890993
3791414
3154766
7824617
1838027
1635337
9995178
7411962
4652053
4561729
4102927
6957354
6741968
8092768
9631597
8938593
4598989
8627625
3338980
6958260
9202088
9149949
3660843
7504101
8548203
3056259
6816865
1128960
9060861
9402143
5756433
6622183
6312012
2945557
5150011
2316305
3221424
5728957
9169248
6662134
4254754
1490553
9044901
2624175
2213611
2811509
3357715
8496156
1368457
1612751
6058949
5749230
3366943
5935520
1409547
4223623
3498532
2595954
4065790
7952134
6632710
7026738
3712044
8394655
6982471
2064976
2511206
2755571
8884992
1237925
1795864
7398348
8991268
4583900
2694752
3563821
4394240
1729469
8653905
5480767
7295937
3359286
4979801
1697199
3165341
6526795
5783809
3486830
4635958
1967152
2113525
3299897
8060004
2636940
7235108
1069267
4139994
3774768
9022577
9163848
3026706
5565921
1770770
1162924
5125916
5320835
1851120
2989451
8412045
3550199
8640384
4844914
8242324
5245606
2494633
8715630
9696338
2115238
5933894
1766188
8157226
6555045
8449805
9427824
3986166
6650236
6780672
4447963
4897980
9738286
7682699
2645631
5870240
5925729
6662679
5356629
9026867
1221980
4067766
9431057
2116219
7939891
7038335
2466764
6640828
7917807
2442499
6563587
8541454
7781793
5772497
9463534
7138160
8480385
4616950
4134324
4769622
6139522
6332056
9488670
7311910
4820209
5172268
8617785
2898888
2959613
4566342
1610448
1004830
6471449
9271569
1729001
9448114
5375913
6862214
3388702
9331431
4528849
4648273
7313967
9077833
7421204
9347122
5368999
8056592
5060948
5303401
6765405
1864882
9760638
4706317
5848228
8541808
4693704
7692101
6039237
9149179
4890174
6947943
3181348
3477064
3828145
7447529
1963168
9073009
1690273
2264678
3880095
9330197
5661876
6383947
9581730
8472083
1586464
9003937
7275853
6569434
1658230
7414485
8976906
8681227
4824760
8855014
8342998
7155010
3691429
1121365
4414748
8919569
7830186
3564707
1557977
7268136
8487459
2954535
9365353
7680578
7140851
3693422
2071224
5293736
1476361
4368632
4758435
6151739
2180131
6988687
1598656
6204677
5599055
2836578
2734036
4187561
9459472
3259675
7252484
1896163
3193903
4252885
4559910
7992674
4708066
3314825
8386969
1376157
5909113
1673058
6407642
1515491
1030703
1197574
2088353
8516967
3797030
9539560
4085475
7560266
5227710
4541011
9682345
4360322
8717504
9674785
8553762
6374483
8449302
4765868
9248941
7383461
2308829
2932067
4370450
3712270
9643870
3156225
2475402
3675320
7296314
9932458
7640187
7315277
7319757
9424839
4685497
7703353
6257636
7815851
1346610
5173056
8640578
1575894
1335144
4151217
1347679
9943721
3255189
1026755
3931114
7821826
8931610
5637870
5118241
7386441
4519857
5447364
3803063
6115108
4098340
1676825
7583294
4738680
7393045
7609464
8856885
7852816
9844584
9430439
5455724
3564210
8101894
5484661
8378053
8297982
6525188
6792218
5025709
8947426
8209788
7647135
8928484
7172356
1132874
4323975
2742426
9357423
2222522
4589357
1781515
3583641
7453760
4835488
3979077
8083322
4842800
4180971
4303831
3260681
6942759
1449777
4191556
7603228
1990218
1783096
6361025
8980966
8148830
5907797
8328979
7136060
8863792
4301704
1280325
5162698
7309406
4513136
1501928
9270243
4775134
7786345
6752972
6015960
6365622
2712132
3123175
9944107
8171635
9371880
5982212
1326043
4283382
7153999
5842494
2964081
2964836
7845307
3326860
7031731
8795405
9760897
3031431
2940368
9441568
9845310
9252723
9502365
4380254
4919720
5218851
9765327
6785212
8710584
9012353
3467009
1658405
6275894
4695196
9977336
6179567
3248733
6333818
4490549
6635028
6108816
6447616
1663369
7520837
9005628
9360800
3923207
9219698
4791615
1182499
8775981
7246549
2085960
2691711
8201836
9658753
4430249
5453555
7697914
4869645
5593026
5746217
6829933
1547429
4900991
9111932
9053203
8140979
2202003
2610850
5865047
4157490
6219718
8318796
3626509
4699372
4321092
3207188
1191289
8100941
8312751
8334174
6970420
7591303
2694824
1334122
6634863
7919919
5036713
8038425
3370365
2027384
8388318
6721766
9586611
5946608
8603413
2524503
8493019
7708320
6113322
8495149
2555657
8707007
6335735
5040161
9072572
9850426
5944195
6963079
9972841
7582349
9044257
7470167
8605020
9404389
8065996
7267266
5706935
4635217
5139185
1006331
6074927
2963215
9837501
3593839
5525196
3925459
7808464
4821285
3368449
1316334
5885786
5252194
9567468
6067804
1942748
2396166
3591215
8408350
9746056
9077403
3538000
8433818
7345325
8614520
9439005
1389040
2844269
5700097
7225507
9134327
8081049
7428010
4542200
5533519
9246311
1139220
2564039
1021025
5812530
2627447
7663275
2404436
9214114
3031104
6742071
9718017
3938877
2906221
9295213
3044329
4391029
1884727
5152172
5652998
9984458
8062760
9985255
9026551
2009363
3192902
9062539
4511913
3312233
1040614
3729905
6064514
1405180
2254029
5919764
6394024
8621233
3604643
5114171
6795034
1820491
2106177
9215331
1300301
8857857
6898293
9209766
9813842
5799624
1073027
4983432
9401982
6138242
2007207
9434467
7411515
8022926
5728449
9154264
1487085
4686512
2923392
4265880
2501480
4132700
4418330
9407499
4203392
4813351
7850091
3904393
3323209
7679566
6333580
2723542
1380225
7109970
9597142
3645586
8780738
9450746
2987687
9030657
7998549
3621035
4984437
2195992
3415891
4141533
2339609
7804113
9710406
1701136
9820846
1302087
4333832
3497390
5767827
6444341
7466818
9674362
3965261
1665851
8362569
3791073
8222656
1138042
3456108
9277502
9802248
7522114
2321697
5312299
7018963
6590929
3228456
4123278
6962586
4891998
7687008
9877458
3945896
9613022
3060650
7260967
2515970
9137606
8053283
7902468
5790864
8741889
3429134
1598130
3587651
5479043
7905553
6180284
6871391
3323903
6486719
5353358
1514419
8817069
9124998
8914811
3982287
2327367
8034682
6274955
7412510
5363078
5955954
5997595
1123997
3548431
6273577
3443414
1993851
7586100
7776377
3234076
3094657
9915711
2269691
7383529
1790011
8943353
6416506
1431329
8031872
1583395
6055505
3969682
3236951
6418596
3653218
9502505
5048964
3504524
8290417
2580593
8310625
8362639
5259720
4599841
7495240
5178517
2316628
3666197
7509296
9144889
2621257
2405519
6408134
9341648
5322754
5775742
2918423
1572747
8207531
6846030
1271667
5213600
4211899
6397001
8208165
5659189
7987068
6885535
2735472
3681759
1794301
8183802
5368140
8698513
1951363
6266484
2880593
3366191
4319459
1057811
6287139
7524413
2555667
7583029
2810328
7532043
4084570
4853264
2049918
4323619
5669101
8522908
8813912
6413030
4698316
2549853
6174939
1399698
4679789
5664515
6452932
6019096
9811423
1637964
7035213
4552117
2158234
7606507
6907432
7809870
2872477
9848066
2592235
1653929
8555416
3264069
2270909
8063672
9051372
9104904
1769624
1911177
1972520
6348644
2004688
9449235
5651853
4745548
2847410
1868091
5665524
6157918
5957105
2278135
1229855
6669544
9494101
4094450
7321358
8251288
1098005
1107705
6424467
9447848
2119000
8908884
9445912
4664960
1340494
7111120
8806303
4962014
4397621
1262515
3058691
5466611
4769481
2647969
8904822
2481015
8210435
9355454
2657946
9246984
5900389
7281677
5400116
9111782
2201549
4244704
4192750
2625433
5324273
9619352
6422268
2134590
4604338
4648542
2057626
2791255
9994804
6916170
1702260
4730026
9222316
3448851
5720582
8046116
1926884
5935023
1215750
8357190
6983732
8523533
5375095
4834808
9745362
8221489
9603711
9971997
8581323
8065887
9835563
2640711
1345762
3074667
2708633
3133268
9751177
2146520
4838399
6677664
4258734
5853110
3947587
2584611
5803607
9598520
4294763
7047621
2178433
8610390
5041382
6149857
9855975
7557120
9922074
1848952
6146470
9353379
2048823
2897823
8793985
8374128
1858548
3768050
1506945
4031547
1816762
3236401
7001237
3962625
2478134
7146595
3348283
9058732
1981075
3644059
6436950
7448211
1427863
8916056
3813537
8264565
3229677
6506040
2017394
4552661
8644587
6706902
9577339
2998356
6101621
5177898
7269349
5203442
2180522
7738074
9806703
4651623
7979606
5484359
4065262
7799945
9511568
3743850
3758933
7573565
9635501
2134432
9385287
3789731
8545653
4895739
5240242
6320780
5861508
1018146
2933479
3125494
5731940
5151075
3397696
4380467
6363953
4275479
5410025
4031198
7267365
1300102
2597786
4389727
9053029
5483516
1856484
1113992
2250269
8106692
6946731
8963872
4207320
5455643
3723355
8326008
7150659
8783455
1986774
1338539
2639034
5382824
4500508
8571770
8920730
7647815
4551981
3714960
7290418
1759830
1351108
3786883
2893324
6231847
7352356
1606500
2126649
6787329
6556695
8273863
9855940
9364312
3647668
7703654
6151973
7413075
4417914
8210858
1291081
7564379
3235763
8640083
3732328
9471570
1421787
1099298
2722696
1218393
7406969
5889588
2570296
9910294
1732253
1381105
5147248
1332717
3126979
1422013
8678527
8586798
6088944
1167309
9493813
2134063
7558378
8791182
9852883
6689498
5011980
1578682
5328648
6086153
6220179
3447083
6236910
1027656
9368339
1741469
1731868
1144243
7146614
9088606
3818852
4574993
4698606
1176824
2892512
7657584
1167097
6092610
9420946
5946235
3641069
2363667
7414490
3358993
3886364
4595928
5622619
4139454
6250362
3550999
9932920
1685575
7596701
5050788
1407819
9740666
8213052
2368099
5617878
8497027
6844043
1328238
9043030
8080893
1128638
1746657
9074629
5592944
3004325
9704140
9457863
4105263
5073167
5643392
8408864
8470077
7799074
3780636
4469269
3724033
5381890
8389985
2321824
4721910
5371112
9799645
1965239
3633727
7637998
1909820
2293191
4373802
5690720
4224749
3485757
5093971
5638541
8116035
1947942
6472757
3820919
9644418
9053993
9945052
5047359
1010828
8812738
7461453
8513060
2146787
5328600
4346633
3388654
2647401
9485120
5042278
7137910
8414070
3789107
3673584
4751577
9435385
8287103
1588552
2999821
7457834
2008178
1451051
6812067
6294046
2545860
8960142
7455774
2429996
9704494
3753312
6963555
8142671
8810669
6810719
5437050
5324596
7296364
1551199
8760532
3790358
6033402
8593567
7911158
3448287
3153807
6470685
4476213
7771433
8135277
2054957
6432859
3074229
4476653
8404733
4275456
8735131
3978391
7978684
2566196
1646930
7298742
8457836
8190157
4240970
3594124
3791636
9258181
7475783
8166530
5753522
9952430
1495624
9813555
2036521
6525864
2749721
2095707
6271862
7163818
2188957
9221674
8172856
9775056
4956870
8840453
6303697
3618740
2111849
6902606
2701591
5159896
1941549
3650027
6625191
4367124
3647428
2435093
6931892
3089459
6662805
4887210
9546404
8692739
1429320
9289374
1828115
9697676
9300763
5744085
1964723
5204864
1407835
1936853
7596555
4699741
8279966
9822370
5211630
2170744
7543880
4287714
7097071
7437458
9866380
3042922
2001259
4334671
5459333
8151936
3318871
1392533
4478085
2878571
7161955
4677178
8166685
4932945
4682486
2805650
3382613
3459976
3381187
8191080
4131533
8289975
9312980
9460650
5586228
3764109
6298069
9761778
8367257
4875218
9158956
9645875
7966456
2144917
5665766
7971272
2990094
8868614
3528349
8521996
5418087
5946694
1470600
1874189
3570543
9064188
8868930
1504714
2410903
7762858
1690720
1221448
7281171
3528263
8022292
7971696
8022569
4707894
2139094
9961947
8134899
7028687
2132005
6921313
8457543
7325716
5945682
7359726
1998774
5259383
5393565
3644542
2275244
9362339
7521075
2451539
7650143
2243624
2148439
7410741
7097538
8635427
1003328
8661281
6689219
6749774
9224811
8727125
1794172
4387092
1718329
3074148
8613078
1576592
5827211
2520277
7314683
5880007
1969821
5081785
9691485
3307866
9841920
4351277
8137955
5559785
8697428
6616484
7629316
7646605
4072469
9420705
6218926
3687829
7304868
5079844
2938735
5056931
7436784
2112667
4175725
8931592
6659478
5674763
9787955
2736934
4539190
2586751
5185884
6803156
9577775
1762297
5262532
1310752
6520278
2820247
3763660
7665760
8632714
9778304
8253246
7224082
2450099
9389991
3222905
1990421
9754971
4316727
3829431
3936224
7204389
9095384
6340348
6933193
9226020
3539970
4553272
7731080
4356022
6848288
1712121
4244518
5713986
4689062
6582266
1106329
3334663
6347070
5673000
6432673
3990375
3848303
3407773
9243304
4881106
4454160
3781893
8544782
4615047
8179780
7609137
3351970
3863496
3067750
3226738
1911680
6091748
4485199
2094664
9099231
4855947
2153918
3205178
8516891
2034133
8190976
7044463
4848715
2516491
5346072
7525885
1380916
6681553
6243809
3965090
2277654
1221730
5405874
5006737
3044469
9096886
6748106
2975271
5875091
1237138
6236412
9136022
8778821
4334767
5990444
9507648
7686883
5706132
1237243
3736271
4163292
6762743
9329887
6416484
8464865
4784409
1123455
4036966
1652096
4954545
3882711
6783972
8680813
1886835
1924743
9770558
8812189
3046985
6840368
8607672
5093339
6941275
8699658
7743832
2678295
1675722
1880184
3336794
1885667
5766211
5189805
7282121
8121184
4067425
3907204
7753576
2730561
7884226
9565826
6761856
5553270
3001655
5885615
1629388
6650828
4780749
9043477
2080443
1398932
1183224
4470488
8632461
8668529
5849562
4671647
7247073
4914766
6474344
9642459
5876629
3400048
5756974
1216558
4346719
9254783
8291259
7227893
5792339
3966724
7582678
1449433
3618445
1387710
6118962
9644922
8789585
8163812
1831496
1376734
6241984
2283834
5637027
6462873
1394717
7578846
6160585
2720949
6215080
6184883
6268136
8037028
7872729
6015785
5346606
2646556
4569025
6889219
9116477
8561107
6716725
6035265
2208429
5902164
8055588
5082134
4778164
4288057
6466235
2741709
2991491
6197272
6924277
5571552
2711826
1073027
2686568
7573306
3794086
4070075
7816997
4182974
3927913
2328213
6515791
1753775
5002522
5696033
1119503
6979602
1396782
3454095
2926343
9579001
6808839
2940851
2657413
2262017
9091963
8448002
7074362
5983062
7772079
9897797
2866155
2133422
3812132
5597174
6284798
8718988
3696506
3762105
7513936
9229582
3805804
6747125
8446934
4024209
6747300
1397396
9835586
4476260
2397495
8649127
7574152
4620347
9992427
6932662
9072017
5710973
3811912
1724694
7550111
4032016
7638836
4685116
9402417
2931227
5294307
2533562
6411312
5925572
6600981
2723831
6139210
8573236
8356481
2030596
2824095
8474880
9324442
9437157
2782977
7188970
6022945
2698429
4955465
5887480
6623411
2364477
5547231
2444139
7864571
4989398
4205745
4113242
5917962
7960213
6701135
5691504
1380181
1414231
2740829
4346572
8267039
6002686
2590938
6694375
6678696
7650018
3954096
8832180
7039381
3856236
7463349
6923956
5583538
7818087
5117712
4259479
8820397
3846744
6395927
2334098
4052579
1314865
7103880
9690085
1889352
6938712
5763886
9230700
7702970
9210245
1926494
8749097
8481671
1533972
2361209
1463192
9273208
5814040
7124347
4138564
1451245
3815961
3911645
8112961
3032994
3032911
1094215
5858489
9033994
1338391
7527642
8021883
8349122
7043174
3294253
5611648
8395368
1955877
6419677
5132016
8764132
1696692
9074801
5141326
2283263
7071402
1780078
6913095
5055395
9003868
7605679
7975857
2912554
6361300
4758009
3884105
2193811
7332732
6059646
4882486
3197665
3455683
3456487
9232973
2837462
1793127
5736487
4195404
8761224
9236916
2102324
7605331
2014738
3080917
2504600
2147264
1503429
4789096
9776641
2309939
9343639
2664199
3117973
5241410
4030060
8895397
3467857
3064798
7834563
9679174
7943796
6076277
2736108
8629594
3757238
9697601
8771640
8843547
5141558
7915425
3877137
8356605
5843844
3784510
9772099
2611286
7751627
5399058
3999642
4681583
9341426
7537261
8329869
4749986
3062068
3374712
8669906
9400732
3102110
7633589
7595371
1304885
7655577
5496270
2938409
2948670
5839248
5534678
2815240
7281818
4902794
5716078
6885483
9780200
2203524
6038633
5230144
2504728
6799968
2609378
6881142
8394261
9066002
2485348
7381629
9410507
3589316
2895082
9021165
8284265
9024887
7274321
3292435
8943768
5254253
3742475
5275354
6853933
1478764
3561333
6273462
4163580
9395180
2619867
2723029
7787294
6878620
9592691
6292809
1479892
5850065
4801496
2055024
3928940
4608904
2131937
3971470
1376531
8301262
3564905
9230374
4771293
2497581
9594208
4845195
4764753
1082976
3493425
7547189
7903513
1745610
2519142
4321977
8282729
5443284
1963594
2814545
2849653
7627124
8900965
8966110
4225752
9317781
9774053
8680618
3404834
5758940
4217979
4747490
6038851
8244801
1293164
4304458
4510518
2312086
3360754
7350707
5512328
1395019
4207795
5811018
3778176
8312811
7315432
5079843
5701721
6086792
4395888
1141653
9486454
4578069
4346110
2669606
6933006
9067029
8410985
8939642
7293801
8069119
4112643
7533863
9060282
5682181
2465676
5436044
8964821
3862500
4037608
6544570
9362699
6898238
8650087
2377179
9510868
5221893
5548211
8307354
8917500
1814282
5106752
2178210
1875514
1156919
8708071
1455171
3067909
9177144
4363827
8578513
5955336
8997720
7880776
9257846
7611199
3632002
8313089
7376451
6717723
5139959
8017938
7337930
7995635
3815375
3903869
4118702
9020404
7037123
8281705
4869655
1000034
9864681
6833016
2956232
8311519
3385176
9992703
7557219
2292740
5714278
6138716
3828575
7102111
5061991
8281211
1023935
3825932
1254521
6613418
5669622
3778614
6966797
1620823
5747473
9594392
6513064
8126078
6163477
3580544
2467266
1436352
4805666
6689619
8391037
7624576
4763663
6674103
2888546
9831847
4312479
5543269
4420240
7246851
3177331
6103669
1846221
8467996
5575474
3113136
7691345
5685208
5116270
9202064
1999624
5094096
7964200
8079322
7881520
8719714
6894390
4348383
2277292
6395272
7100386
7757736
3529751
7607929
3911142
7733769
5354772
5089791
5999991
1724823
6023189
2049033
6441287
7373732
2303129
8053394
6530118
9080491
7839203
1161370
1539195
5933280
2959784
4614500
8822190
8106962
9486848
3929840
1489258
8070963
9299744
3774106
8536361
6718727
3862878
5686403
5736703
8910660
3070798
4790038
5001338
3244754
8933173
4681894
7156265
4985355
5449707
2817350
9446300
1608933
6740173
8985417
8020429
2572109
3934587
1821300
6559301
7068942
6345503
5317889
7146752
9377195
5270062
6279637
6146909
8283890
2959291
6076157
6830608
9912098
9157841
3350540
8416418
5245670
6539824
7824897
9418626
4898074
1899684
7461023
8524765
1080654
4951225
2412924
5430699
6766809
8843387
5211439
5057931
9396616
7226061
1219892
9091314
9022167
3686263
1845938
5067967
6972847
4836284
1771951
1345746
7632274
5567316
7416003
7675669
3146435
9451895
2004338
2347586
6424529
5102059
4154094
6069567
9849406
9715911
6475068
5432590
1355043
1439967
6512542
6835097
7186126
5808986
1051178
8571006
4107840
9410794
7103457
3305711
8274944
7956971
2145379
8922468
6552556
3083447
2798272
8385844
5560473
1493025
7525114
9552057
3691001
8337032
1455618
8096306
6002197
2486205
3518857
5180455
4995347
1537920
5148753
4821287
8111178
1523327
9773442
1090357
7395348
9907607
3310929
6814932
4876851
4768352
5279326
2991824
7271184
2857891
1998486
6028007
9609232
6401974
3005721
4431182
3788712
7717307
5622172
2724432
4899291
4168133
6733362
2385268
4463433
2322269
8934895
7351605
6506427
2484019
8888445
4943287
9691932
9472695
6954235
6417664
2506962
5167545
4404355
1777252
3510038
5338575
5912691
8795997
5684648
3430855
1834182
9945195
2850223
8954093
2069012
1715863
5868280
8418143
3552256
4479701
9422885
4809310
6615008
3401931
4515856
1555118
8982779
7452180
5997776
2698713
1915774
8346553
2628996
2498792
3458016
1225122
3876710
1574163
9902383
7214504
6377450
3516899
3254426
8007094
3134038
2591333
6677377
2540904
7742708
8036265
6486578
8454588
4657231
5080075
3632350
2587456
8714707
5511801
7413403
1424347
2360705
1312125
3536627
2240256
3675161
9856453
2527997
1605032
2793360
8212056
2719579
1221222
6553156
8580690
2047676
7623504
6318534
8237708
3486956
8238635
2088448
7109189
4128665
1094991
1535567
2044869
3118854
9933685
4488011
5113827
7622342
1763494
7020413
9339364
5555321
5613277
3119689
1018238
3708587
7679206
9877324
7197157
4114439
5928696
9043543
8222469
8773757
7755745
5132029
3867633
7696884
1563680
1210626
6638650
5846452
3671832
4080470
7751427
1604211
8871666
2652520
4337612
2825451
7325555
7266774
2939597
3938369
8152128
3862603
2208981
5873370
1765566
7025882
6377106
4928874
6320246
2183644
9257059
2842557
5458064
2960181
7522564
1971282
3138207
1917396
5606577
4320708
9481029
9900386
2777525
3081555
5937991
9295082
7374157
1085419
3527859
3041298
6799728
5510499
9185632
8082418
1633633
9510529
7137959
6324651
1359280
9769012
2555272
4582281
6486172
2669563
5507639
7304589
9841621
4902717
4227231
7752396
8910713
1542032
1380895
5260636
7065676
9700238
2380100
1240265
5864117
9475301
4807430
9641371
1743166
5094118
9912231
1226971
7717267
2115617
6930696
9678421
3887326
1101663
8666950
3279072
4156105
5517632
2472340
5022724
5297733
8242742
9502546
8763364
4734690
6047625
7713901
2239949
7160359
3542293
6318440
6583429
5896500
4916450
4094451
7251320
9893589
2140387
7245835
8174591
4102842
3263713
8000714
4880626
5770324
1619617
6094999
2122888
7732809
1195915
1712200
8321468
9425795
4671820
8044486
2735754
2405028
9917751
6846753
8573995
1133326
4615736
1976541
3084958
7774667
5334585
9644804
4638112
7966112
5327145
6664205
6079862
9337366
4075034
3226413
6609872
4184162
5181346
1917756
3624856
2125588
2287397
8307947
4298108
3898671
8565936
7803468
1187816
3003296
9078809
7940313
9119784
6193298
2391566
3059473
5848261
4321328
8737491
6202831
4458821
3053884
4494681
2594645
6364928
2729807
5983091
7282120
3129873
8832929
9801611
8624565
2872130
7464867
6457661
1665468
8704572
7916266
1228218
7908219
5607053
3057021
2467960
2180606
9316266
7612730
5966696
6605853
2874768
8970390
5215784
2534733
7487230
7768027
5874570
1865538
7118958
3796950
6963765
3863093
5825283
1555216
6960779
3112314
2386189
1093420
7912660
4450349
2571427
8814219
6123849
4895709
1292529
3311780
6331267
7004584
1492267
1029118
4899789
1600144
2739400
9208034
8095447
8434942
1854459
5863396
4699229
8182278
2771606
5506162
6303768
1153746
6968864
5256352
7298739
9148739
5191233
2571146
8941873
3350332
5356419
2225602
3179854
8637056
2968028
1188035
4000323
8878663
5864018
3381159
3447958
9363052
7681942
7668102
5088529
9484050
1574340
3387119
7056666
2426103
4653089
9276771
3834875
3665192
5182551
1672703
6382595
8675583
5581486
3907594
1609149
9309626
8401395
3380295
5716080
8484853
6638894
1633373
3344623
3057418
7463391
8203052
8258762
3157895
8750592
6966321
9379909
6526344
6016041
9756293
9499728
8347030
9900880
5506386
2701463
6629239
9444920
4907535
2478898
9279439
8823964
9324134
6290400
7831831
7101148
1880147
6750520
5126540
3035263
2733727
6549424
3052355
1745433
8632733
7676978
4424770
1962648
1701235
4536300
2423042
3667674
7449517
4042319
5107155
4846705
4811502
9129507
5838087
5153955
4128456
4776649
2183675
3914707
6263789
7904673
4140011
7269340
5085741
1761381
7425101
1633991
2097459
6805886
9169904
5982298
3099875
2973366
3171085
8299892
2921813
2366014
8831750
7367223
5547359
3326489
1504581
7869854
3720039
9347048
2108168
8757280
1800736
3861831
5019203
5360011
5843399
1221313
8789621
4075276
2794166
9085856
6887063
3639494
3245207
3920464
6967194
6103313
8941420
6116365
5886024
2787902
8587838
4527962
9662541
7380849
5961428
9455803
1748030
8545870
1280198
7670725
5744769
1128159
7058457
4317109
2291551
8168732
9705997
6015727
8816351
7270436
5031013
4289353
9191036
1533212
2448038
2480447
3262745
7619214
1253283
2466400
3393619
6881277
7715751
2449352
8083182
1251582
4436299
3925976
5454228
9184321
8220602
5721475
1608947
1955032
2798363
5584899
9447718
2546214
6168662
2376460
4055743
5798709
8493074
5638959
2352402
2996842
3659133
6611490
3966540
5699377
3268877
1847574
1692677
4846873
6928574
5877761
8824835
1715095
9315748
4463237
1878752
4140798
2251995
5667906
1822846
3581211
3286772
2565296
3807322
3743826
3234130
2702119
4360342
1652317
1940413
2020978
1868626
3747102
2813262
2291314
9407261
9093051
6050588
3011744
9191087
5377337
4139757
2403829
4636354
7092005
4007360
2191269
7915418
7196151
6998706
6989617
6296610
9703648
4616206
1861612
1331985
2742726
2420490
7473145
5845084
8711429
2427599
3019700
2570716
7707505
9295081
1734702
4545210
8444658
9726839
9870445
7938513
6978575
5940028
1091795
9760525
5823798
4520918
4923430
5639658
3713787
3837950
2943344
9432543
7135239
6484152
4465376
5387948
9959332
6160949
7179578
9644600
8975390
6147167
5450858
3698223
9298588
2704364
5773343
3292156
5973031
7025718
7264198
5621931
7817514
4137305
7621500
9458826
9467836
2925478
7636296
3457679
2178370
4359295
8633425
8188108
2047985
3651371
5830332
9519458
1387850
4870835
9387753
5455452
2333879
6355158
6987639
9900013
7218373
8089009
7247684
7352795
1098107
4506658
3496202
8337397
9871642
9757094
8216079
1323129
7936653
2430833
8770965
8489771
2191052
6605197
6170489
3782467
4263060
1709894
7343671
5608309
9217514
7413597
4976910
4693358
5488519
6140578
2532977
1000260
6362446
3713495
5078310
2453750
9746532
5562754
5263410
2052974
9315936
5502018
8645805
5435772
9799195
3541973
2156674
4496228
5248081
6294465
9284003
9453706
4189513
6617185
9011802
4244907
2145042
6638802
6371819
5102967
5568040
3190245
5382720
2926685
9131646
8593959
1264869
1116343
8805059
6416606
9957686
3447343
7366394
3829822
3988478
1363017
3207813
4591933
3324881
9340195
2886426
6435794
9941333
1697609
1355801
2631749
5609117
1125133
7836716
7841370
4540845
1145159
6286881
4024871
2297701
4015088
2196604
2121887
9278608
9579516
5212081
8429087
1898645
4771424
1903041
9641137
2869033
4001522
2664195
2519478
3264562
6598592
7376077
1643465
6958839
4338354
9409555
1145288
9770687
6121483
3457839
9533574
9531727
1080205
8473818
3227742
3196200
3777277
2661210
6744889
2744072
3180982
9326165
5721036
1101120
4982985
7382693
7291411
2224470
9503173
7866973
8859346
7825837
3950418
8726819
6359645
9695554
2920580
6117278
2076780
4590032
7978997
2448971
3138876
1935727
7490539
7081570
6518348
3929248
8597907
8207607
3055925
3526708
5741541
9091286
9779797
5976086
7146570
8459423
7346517
1300623
4043251
6022954
6443544
4087809
3717451
2449229
2630622
7056038
9011086
5369116
2715705
7093425
5382491
6450928
4137254
8122245
2375287
7950499
1146680
9270790
9500180
2409499
9861610
7567493
2344225
2339526
4459219
4393576
2270571
2295325
5359909
9890921
6055499
3299284
4240048
6826566
7161313
5792601
1793036
6256450
4507369
6941620
6948974
1231586
5359628
7605854
7154644
5306746
5368274
7737068
4958467
5460753
6684838
4419614
3723376
1589770
9859994
5487908
7147581
8385765
2233387
3249289
9561397
8098863
2529287
7914051
1514339
3673109
8420869
1740793
9096416
4056550
2256085
8655518
7959075
5115450
1644850
6332381
4260797
3248526
2051252
4521686
6939940
7131746
5991170
8589400
6880311
7926948
4184967
8839328
5592739
1680046
7789499
3257457
2401213
6340310
7179981
9506213
8128400
2261958
6500367
8243683
3002873
7064932
8434586
2297641
7301928
2322866
8077907
6244397
5048585
2251248
2801133
9967167
7600299
5843664
9899543
1240401
5021856
7923803
2238729
7817322
3917749
7166795
4633931
2152999
5311404
7040193
2044574
7299907
3779183
1382312
8123527
4063409
4728943
9128249
2706383
2930231
2590190
7589201
1905095
8231350
8021768
2165105
2786524
5857432
2054784
5851780
8298639
6267649
3354570
6468638
2197488
1967370
3232636
8426603
1333019
1109337
8402906
3006038
5420754
5637141
2762377
8756052
2111452
8159897
6169211
5176760
6526454
9811471
1577324
2345040
7786792
1148712
1436459
1916424
2663195
4865577
7781068
5341118
2715144
7463664
5462365
2528662
7565684
8184288
5857463
9973743
4633642
4200225
8771775
4285437
2859137
8985563
6206709
7263577
3162487
3228333
7902916
5984087
1144165
4242881
4007458
7649110
9247149
8123675
3693657
6978366
7414376
1247107
2020094
9423149
9317364
9426063
1217810
4617378
8030916
3253836
8337495
9479470
5381762
7305902
1961420
9238815
5705802
2926766
1534339
5479968
4451824
3701692
5790186
4567382
4526581
1954158
7063761
6556660
6528629
2485528
9479178
7133386
2977924
2914396
1451311
2138329
7450609
5958180
6404055
5325123
2376714
6308414
7120035
1080257
9369113
5505096
6733368
8073732
1790455
3164212
9843236
4675520
2490663
1050974
2842197
3790934
2970462
8256404
9690904
7281386
3206777
8601277
6162495
5942077
8382695
7362229
6516134
6221796
1097503
8899144
1791375
9021600
7411764
4839062
5717587
1304255
9261744
9919631
7062267
8006275
9042262
9524239
5221031
8284978
6431820
4948667
3282086
8293327
3258728
7118364
7199991
1433431
5495913
3039724
4792735
9812326
4615936
5207567
8253483
5802667
5114984
4287876
6594159
5385578
9895987
3990460
6472159
9143369
1129015
8100819
2373654
8332901
9341552
4413125
6891396
9898070
4138887
8569051
6853268
4796512
6200226
2555654
4503166
4852156
3092669
7408691
3934538
2161623
1755289
7954473
8302782
2703513
1533299
6668015
6011689
1641888
2452927
8256233
6331264
3748414
7686597
4639460
5074648
9893898
3127885
8663024
1909276
8341971
9811463
7828966
3444584
5562738
1931733
3007603
7042310
3538904
9493220
6515028
1071273
4019821
6601160
6225186
9368424
5214348
3026007
6322528
7157060
6092499
1658360
3717571
4068149
2968959
5282940
8096450
4252025
3839384
9864908
4923495
4165277
5829074
8058301
7138740
5926457
1633156
5770721
8035873
5927038
6650932
6907592
6904373
3897355
9891074
4747814
6463820
9290072
4013708
1673445
8799873
1430561
3819675
4650685
5877148
6291798
5043020
7214570
7303173
6212377
7867546
8505039
7728737
9144818
9505450
4431857
5653957
9156199
5663679
9135822
3014306
7263703
7046015
9180815
5160856
1860088
1665598
1808979
4297430
6437590
8708506
9426261
9853297
7606527
7982047
4586767
1057738
2441932
5677828
2115328
6293501
4009953
1985470
3560316
5734360
7633280
9978460
6586971
9492530
5901242
5317354
4161132
6512148
1825160
1508074
6034234
1066628
8089896
5237280
3424542
6409944
2545883
6373942
2646182
5276071
5983950
6285544
9884399
1000759
3789542
9269832
2559062
5601635
4844352
9744237
3567476
7486379
6782785
2480071
5820258
3583321
6450371
3571294
7080138
7378753
9918001
1517317
7363273
8910401
3160556
5582001
7259089
2670162
4413054
4703359
3635714
5058493
9302174
9744461
1750298
2730570
8208820
6845391
7764236
9804261
2204063
9778830
9316951
1574914
3575188
5475308
3371112
6287291
4002489
7480211
9308258
9651184
4213322
9945863
1937363
6485375
1632499
4454777
8233362
2233828
7442711
8625621
2266439
1929114
2990664
9151927
9650115
3231402
5402230
2891154
1817321
3372628
9954157
8493297
5625333
8785797
2597617
3587338
1352003
3467889
6742853
4110880
4357138
3187840
6679188
7895512
6466322
2317310
6513974
4683455
5826338
9673326
6399734
4228274
9892950
4424278
9988003
2145901
4838657
9304593
4674741
4824912
4749871
6123241
9245826
9378520
3101141
4484196
6728937
1599082
1516484
9491817
6070141
2371446
9228283
5266835
5419166
6097122
2000668
7673454
4029116
8414715
5007849
6918144
1813972
5760308
6431455
7744353
5387895
9143640
8060195
5637726
9857521
5756210
8930980
6305091
8910686
6465745
5839593
1161223
4447211
1529140
6789115
2696341
4065083
5952348
7943429
9449616
3602096
5741922
8530306
4550079
9617949
5799071
5766191
8784482
1116240
3700467
8285170
7359195
9793165
7873072
3387162
9500185
1454008
2191040
5439057
5436729
6461634
8562748
3497831
5423630
4371311
6247863
6205536
1225979
8792063
7621163
1551239
5024575
6228483
3180131
6688916
8454249
7936081
6837864
3424123
5672644
1035395
3922408
9189391
9783988
6726220
4607652
8611686
7823066
4730380
5096609
1228054
2238501
3161757
3092674
2754160
4998042
2875774
9626748
8739698
3118277
4298583
4922994
1893771
3789976
5128174
7998946
6978721
2624052
5320009
7074041
7485263
1101110
7666260
5456538
7054957
2424405
9459124
4697901
8084287
4885337
5085548
1600574
5889234
5470238
4491959
5488035
3778811
7199257
1472711
3929578
3238330
2992034
6312733
8246314
9831543
2970259
9735681
5867018
6616027
5572600
3857116
9596375
8550225
8247233
2170395
8799483
6666789
6265140
7712062
2270242
5414949
5086374
9982697
7991806
3422175
5093795
6610033
8495102
2529250
7761716
2737434
4350050
4960240
9894610
8242256
2995963
9718004
4910968
4544021
2458673
1386680
4243262
9316834
6572709
1473018
8871539
5539864
4375008
5520047
2490450
1884801
4535628
9001351
1179425
3485441
5557162
7235227
3106822
2895658
8167051
1759795
5005500
5079224
1775076
5800780
3912621
6550481
4879540
5699762
4305592
5420249
4372760
9016305
1388428
5449020
5946017
8368577
4084430
4364468
8768171
5680275
5555312
3128765
1476378
7733030
8803682
7955438
4674409
5840591
5477990
2705330
6104124
6708999
4369863
6274632
5253551
1830614
6102707
2311391
7459781
6709120
8204489
6290621
4601038
6642374
5191052
3687649
1741803
8138536
1655712
6070510
3026708
8154257
6117492
9043194
5925645
2058290
1951210
9888848
3718068
6461243
2375459
1081970
6988390
2176342
8415935
9161482
1064051
5226718
8489996
6115554
9535024
9939312
2310428
5915130
6833251
8273903
2877804
3447281
7759172
1174685
3702371
3912263
9588803
8358624
5335320
2678985
9722644
4680059
9501711
3843261
9224107
7195702
3310717
2815081
6273988
3451928
9822482
8412263
4576905
4108075
8904712
7771659
9522898
8607728
6912586
3655038
1452593
4323684
4637918
4360133
7878364
7198282
1699725
6979269
6823622
4580553
5409842
1064153
2786192
1559193
1919067
8213079
1889709
3008570
4924740
3610519
8496188
3150861
3855450
3533037
1925585
1700286
7844799
1998280
2078406
6952225
9416241
3933348
1002469
2617588
1399880
8275236
3523146
6185973
2005808
7959042
8331784
4516764
2972900
1914067
4351937
4984779
1325028
7222902
3873506
1045757
7433529
8922565
9969326
2071636
7969422
1625535
6870850
2402727
6612993
9269348
7241842
7006819
4120387
1310257
5722274
6852568
6596740
4951278
4662887
9831871
8333523
9139830
8568119
4502521
9695893
9692214
2423894
9961531
4421756
6229600
8728115
3859184
3252874
6889546
2084035
1879447
8668622
8627058
2636373
2023318
2480286
7503140
9292870
7521454
3440118
7641775
4013310
8898816
4931497
6669067
3575554
8696479
2282414
1336919
8990675
4282936
5682172
7541202
5091376
3524623
3801049
3586479
3701600
8872619
3533056
7396214
7777851
9727644
6345682
9537576
1607809
8009059
8688231
1837362
1591755
1345233
2606708
2847109
6203633
5501140
3540247
9621996
6389948
3292999
6804433
3501799
3444182
3009129
9845187
8054991
8218526
8031624
6409885
9318419
9738704
2918142
3468683
3478673
7527837
4253275
6511106
4259096
6095495
6913493
4749098
9623997
7041057
3046261
6276300
2983971
7852516
8347356
6832574
5518112
6706701
7923093
7204940
6650693
2708117
7473299
2529873
9342198
8286625
2564565
8307343
5745498
8941924
9236840
9218852
9453844
4896426
8195550
7566110
4690594
6340519
4000709
6910488
6892221
1628935
9984731
6689445
2402578
5608375
3230127
7717086
2985816
5740508
2685282
4440167
6169330
4484643
1340959
5885422
7662254
7245480
9993408
1449214
1786766
3343972
7705883
7142913
6785606
2218649
3240908
4726478
5630551
1045648
7404107
7155490
7428795
1342149
7775833
8742105
6592577
5886681
3349126
2078415
9861091
4252201
8698854
3058522
4736709
9172669
7216629
2498818
6021247
4665500
6448271
9138628
3658310
2440007
5615517
7640780
2459120
4910067
4403644
8632938
2942950
9308634
3671399
6205982
8464366
2792061
2363151
6146647
3568961
4727819
4312873
7296217
1971345
4546141
2802185
6722053
9631798
7870022
1815213
7991605
7876850
5656229
1616739
3031888
6248419
5584869
8125999
8617620
1603736
6931143
9190287
9507626
8555743
9151911
8215841
9819102
4912398
1826788
1645967
2269543
4714384
2635852
9366664
5029940
9818338
4469824
3702418
3751448
6735766
2529508
1559086
8188280
2131158
7338970
8673020
7671938
3669420
9894383
6571664
7408392
1632856
5787638
7128525
3928550
4532387
7295660
3630000
9421777
3435548
9908893
9843487
9831441
2479008
3274365
7169107
2364288
4891647
4951809
6284555
8513803
3224355
2868151
8442474
6185665
5441315
8217932
6355786
4954130
3472073
3115125
6929162
2925546
3875536
5060144
7073974
8893127
7002073
1155980
3379989
5244191
7146287
1509926
6670848
5905165
4447265
9468622
1016889
3661989
7662039
9462257
5998058
9800855
7177743
2000424
3399911
6047841
5374890
8035850
3886173
5432224
5738946
3919814
6815683
2976321
6107951
3111852
6065177
7220179
4388497
1541485
9870001
3718551
3373207
6415111
8631346
5218643
9729553
3272102
8379940
9785028
1746098
8787623
2850088
8757746
6434610
7197015
5542478
2341144
5252266
8618829
4514172
4706085
4147808
4442691
5253965
1178749
8857628
2148555
5240144
2613403
1251324
4723703
8614769
4782627
2123789
9256665
4484509
1083211
2806778
1136501
3067570
7335715
4511297
7254732
3570196
7879262
8741139
1195595
7551799
6907471
3304251
5100804
9047241
3799287
5442162
1980139
3675822
1883118
6100986
3619108
2990273
4126672
6215257
3367379
1301040
8641906
9156632
7905244
2551489
9931382
4222811
5202964
6830100
2647315
3310227
9734240
3676400
4318593
7368250
4889749
4818041
4786204
2517470
5394544
6013298
1856511
7504017
7989063
7385847
6177972
2261254
1819200
6195893
3705496
2271200
8599009
4722941
1473204
5913152
2081495
9639133
6082538
5888797
1775851
1829393
4794189
3407064
9413402
5714106
9043805
2955599
9337044
2143990
1753289
5089433
6259416
5036655
5067845
1508651
4156047
9096711
5118415
8980858
5358118
8064028
1646029
5939794
5707232
1381839
3653289
9050957
7050203
6347219
3208472
5012615
8087505
7864163
2351648
8817409
1321539
6251956
7677136
7975347
7593801
7662900
6624388
1900775
1465621
3692554
5586018
5463546
5562658
8462864
5033039
1112270
4618751
9523629
3131062
8877717
9445976
8654719
3134025
4974704
6618983
2533753
6102849
7939881
2601183
1840896
7862331
5237676
4731570
2879212
1428004
7731389
8570716
1223876
6184263
6815245
6858655
9350394
2381932
1744686
9447144
6940600
5986228
9961384
9064282
9829578
2162098
9034084
2419315
1790037
7298765
5006472
1443284
4076832
2675043
1541947
6407660
9371393
2680368
6579172
2995480
6213603
8161392
6360357
1876540
8010102
5416625
6378717
4599149
6936342
6770133
4024557
9515506
1235992
7010158
8817682
7936496
9959681
6930443
6501044
2007070
4211633
5803115
5681926
7651385
4416783
9423768
9825902
7287857
2179998
4052214
3738318
3545852
5127016
5322996
2366388
3583401
9687770
2880514
7652414
7392800
1867887
6499268
5111385
1165656
5385656
4176494
9413763
7321545
1215907
4444112
8892719
4439748
3982355
7273012
1752848
2754167
2713400
7035143
9096873
7186982
8158367
5802509
4058660
8820103
6820037
9250152
2780353
9922948
1487383
3569690
5077912
7485903
5584749
4360464
8108361
3191257
8376520
1757690
3704580
3549644
5623224
4831529
2727732
7179603
6576130
7834113
1723913
5274806
8455561
7245231
4025421
9048386
6078468
5955756
7332861
3110016
7445944
6398068
3003860
8518509
5584294
2209008
1151212
5205819
8318112
8567651
5720718
4543422
5527591
1527459
7320508
2330306
4997920
7107222
1287443
7853571
7103663
6121632
1241142
2810845
2618915
4448202
2117376
5904174
5650812
3038413
5568170
9477672
3712642
3808360
7034021
5995395
7027096
8571510
2512361
8658275
2324247
7922004
7482655
7942711
4637654
5768306
7413971
6849714
1715818
8872127
8988949
6244037
6084506
2731275
2706145
4273429
6434966
9617863
1940308
4020897
3921993
9315263
2757489
9298983
2126267
6175588
6706685
3369599
8809458
8388099
9784599
9258528
8348964
3344035
6763340
9196899
1076574
7496525
9048049
2674813
5104599
3151124
4077849
1599137
7912219
9769304
6967721
1584765
2464986
2618966
6661289
7818556
3653609
7786347
5340309
1493228
2911115
9548880
8147204
4048097
1257903
5366632
8040215
2270506
6925925
5410664
1762982
5577746
3155221
5461902
1505943
7381147
2587176
5015430
4867480
2095454
2922442
1612241
2088718
2511894
9754335
8434367
4280126
2955366
1941340
1956191
5669771
6829752
1619641
1325844
1620896
3207080
2410958
7480523
7335384
6430128
9919723
7743451
9816987
8052693
7594083
5153476
4815972
8089395
5078082
1961435
7269680
1532253
4785126
1300628
4580641
6366455
2609604
8170098
2631595
7175528
2825180
2832652
7150373
2084266
7291535
8564656
7453355
8880188
3646694
9210445
3406938
5857219
9609949
7159668
8020038
8750396
6217426
4563382
5154272
4000765
7744088
3067708
5028259
9710781
4887001
4215267
8708345
4004921
2662314
2281599
1911744
8221689
3985432
2390074
4338194
7344243
8757875
3137973
1039372
2793510
5284264
6237630
3741526
6681666
9909285
1290387
8607780
9727262
3792288
5188478
8220404
4392834
2313353
9535921
7255296
6588271
9483873
4639517
6648574
8362828
9031377
3111414
8619357
4999178
6741943
6111594
6999738
6778594
4107902
4338017
2906779
3371118
8516132
5512263
8739451
9108190
2914178
3889392
2873135
9503844
9191558
6491875
8155047
6786474
2537500
5221155
6823072
2520866
9701863
5427226
6559888
9153847
2094937
4820263
7081955
7571843
3053338
7210602
5886326
9330224
5219087
7513494
7877377
1734531
6709306
3724390
3321833
3123110
9817163
6363107
6713222
9454445
4998669
5672781
3015697
1549460
4888546
2027664
7276906
3088463
4845098
3100802
7049272
8398178
9785298
2529042
3761794
1234443
7057321
5408283
6430933
7256173
8999296
5198674
3377933
1625254
9105106
1295013
3550985
5790043
5528545
3937364
9088433
9723586
6365594
4972588
3913507
2595097
3166971
6283810
4685086
8037406
2395556
5217141
3711061
3436391
5066155
2869984
3420400
9908723
7762676
5159078
4816119
6891312
6606087
5743543
4661024
3254238
9119859
7155922
7243498
8485508
3520484
3489100
4325665
4312467
4925624
1829784
5568748
6378288
2196415
6901896
8490637
2503486
2167523
3842699
9817944
2914651
5616205
5664031
6650271
5209874
8582194
9657218
2675100
7348345
5223182
6390187
1586656
9523348
9271279
7968703
8200924
3591786
8521139
5485193
4585781
2683039
9644589
2421345
8222276
9204770
7520214
7447097
3197086
1621480
5921064
6007652
4390728
2255425
2211768
1323465
9642638
8449305
3342517
6829190
1552677
3051578
1828763
4499640
2072111
6729504
3026316
4900194
1364095
9341061
4516528
1045397
7323381
7765934
2900403
9964039
2328604
6383415
4011327
2075999
5139697
8153611
2057787
6713504
8367341
1732542
1115860
9141276
6188470
1099407
2739291
3876276
6278770
6968840
9420406
4012037
4638637
7632001
1718002
4321029
2431268
3279044
4047665
9639870
4364570
6574234
2011752
3105123
8024594
6539854
8566251
2057593
2255006
7321784
3847380
8231016
7435831
3625669
5080425
6998562
8378541
1560485
8643245
9197243
8830185
5147870
4255153
5531690
4869752
5383887
7092451
3638327
2314050
5957584
6147191
9093950
6364723
3661536
1635637
7532179
1430697
7610087
7799803
9783975
4847982
1742190
7507611
8106202
6963367
3294532
2954103
5199825
4433526
6464362
9800187
5232187
7704084
8412466
5613203
4775783
3484946
3368427
6300014
4228768
5373169
7775592
2409442
4351308
1578648
7668587
1370137
2133512
9114550
5610483
6888796
1535185
4979632
9264398
9126487
3312103
6303236
4411459
5305925
3095979
2876134
6531008
5664932
5390923
6307978
7434492
7798683
5281444
9499210
9593565
4367890
2970520
7183938
1909045
9680218
3243559
6326426
5465112
9458342
7605219
2090843
4797938
3799441
1176135
2620932
5358496
9430865
2867088
8022847
9423380
2261924
7694575
6057351
6249908
2493146
1046829
4031036
7126181
8906650
5776905
6764041
6531996
9723360
3480079
7537092
4614286
4831942
1187729
3762408
7853594
3010954
9539954
6897919
1809484
4990641
9691681
6802131
6962019
9557913
5987707
9600190
9628284
6438220
8125573
9232360
1961232
4254499
2616768
9486776
4016829
5290088
3036806
6725134
3814097
3978944
9878661
7907952
7923724
2992504
4022945
6635146
9792423
1313150
8871095
2445706
6527447
8708995
4718015
8852676
3938951
1281807
3158610
6807147
7328998
6476933
7867573
3882081
6012132
5323744
2484933
5726072
3408331
6324213
9493963
4430993
5538692
4610778
7485274
1284956
7716135
9082718
8637511
2532696
6169439
8297258
2970808
5166789
4910526
2225496
6483505
4771288
1079725
8324339
3838931
2552254
9908479
7343574
6288815
6695707
4370671
1412945
2003002
7023148
2917647
7177328
7932296
2224787
4422124
3741005
2428950
5804898
9881358
2812329
1575139
3402619
2338003
5297078
5939287
1942335
5232479
4068600
9562695
4550189
7569293
2973308
4290832
6734093
8063450
8960353
1340715
4582397
1699434
9713709
9564144
3098419
9937107
1274738
8024669
7819490
2187881
1898851
3036513
1356994
4618298
1616009
5500181
8960442
6041155
7521258
1154283
9098401
1075666
2559923
7954234
4086037
9592982
6995828
8675032
9230906
7267533
5573172
5864561
9128583
4359453
1522958
1759623
4654813
2474869
9293908
8025051
9526049
6410204
6784082
7603507
2276738
1974226
7253589
1428861
7052198
5951382
5353989
4728500
4949161
1032512
6041008
7475176
3338063
1723409
5496089
2192739
1603052
8070648
5152328
7587281
7444666
8869671
6007154
6221191
4844986
8777621
8475460
5848352
3185373
2897781
4209779
2236573
3883588
6006247
4971367
1496347
4895422
2972621
5817008
1507202
8252145
4311577
4114097
4829754
3331932
5932102
3523060
5313417
1859012
4337548
6759813
7054515
5779781
2447552
8280074
3013857
8036107
3942724
3085482
4988358
2542416
1384515
4924334
4236069
3178279
3314296
8578029
1727911
3464386
3864095
8577899
2078212
3450233
7128180
6402356
8073073
7457811
6185572
2228020
7943626
4526849
1940353
8412314
5231703
9676336
3467241
8325806
5240187
8045534
2841833
4106224
6061723
4867097
5233759
6017914
3413149
2376740
4882374
8603496
6961002
5639098
3386405
3938486
4526308
6269727
8779546
3090346
9150644
3939372
6843779
7707331
4025110
8045283
1367246
7454681
1904766
9512939
1234098
8302214
4972007
6672214
7193901
9849092
2572817
1800304
7570848
4288769
1310219
7910714
8398616
1900312
6231474
1830071
2156135
1146441
2677594
1581981
2103962
2848859
1356618
2065256
5194668
5928359
7471941
7072387
1346244
4948920
1513494
6799239
3284466
1011010
7555395
5164976
4959552
3884960
7376111
7582966
9612799
2409457
9439249
3195833
8933455
6046717
8616056
6810784
2556620
7554979
6858428
7475770
5253549
5373846
5108557
6493142
5221863
8267321
5929447
1478583
9988962
7520040
1848320
9576851
4008370
8357913
8764993
5218238
2947401
2570394
3449484
7980210
9575611
9692547
3120694
9560849
2801155
4713182
6085117
6958989
6059109
8923630
4365427
2023455
9925491
3386421
7708660
8172142
4070203
3972977
3320748
8120186
1878849
6585905
4287085
1252128
9031282
2954492
6184928
6513071
4045737
1987818
6888226
5435436
7067501
2858991
8874569
2085635
9696347
4758268
1260736
4712407
2137065
9419464
8767999
7512515
1127339
6165158
5279302
2657176
9579281
7468095
2531220
6766857
3216184
9279843
2398500
3066157
5370193
7524091
1366120
1178132
9613375
4543658
5676496
6379781
8392133
1265213
3189612
3297646
6019728
6131535
5583792
9344261
8421704
6852098
1831344
8679318
7179246
7711794
5130965
5634597
9517600
2353595
1186032
7702150
8978848
9298109
4563220
4091298
4503007
6729366
3830512
6557732
9395500
3134729
8845630
3147348
3781850
1450484
3591886
1173995
8321825
9274703
7381415
2727511
5937156
5668227
7366151
4707584
5944123
5585993
8623304
2783260
2580881
9796332
4182070
6131968
1452017
5594121
1520775
5230647
7070613
5571285
4369842
2209231
8142360
8216542
6387604
8140513
5396285
4054622
2810175
7440144
3396767
5649652
3335068
5797622
6939531
2261093
1146898
3765386
2063322
5602579
7005615
8457061
1856828
9446083
3382319
1235103
4469770
7679757
6429100
5988501
7409579
5993591
1510797
9375949
6455034
1501538
1575034
6821389
9555213
8659521
1613359
8971447
4882513
5514958
2780622
6625792
1076157
5590246
2453323
9701451
7560957
6601375
3413602
6304329
1200592
6053096
5386252
1415164
9175180
7017058
4264003
2700963
5247224
4578645
6517929
3046487
8942970
7189085
6872712
6791054
2043395
6723086
4969270
7157072
6661088
8148660
3636359
6044960
3460043
9094015
7767952
1882092
8931738
2216062
1333609
7803663
5557542
2011699
6835595
9750414
5024758
7169991
2891467
4767569
9543549
2552047
1390510
2895868
3523682
6808247
8559534
8946631
3035806
3340068
5116532
6839841
1763652
9319655
1712198
3557563
5362716
5551576
1142107
4820740
6288745
7334016
6376389
6267400
8103261
6654300
6032638
4072237
5016777
6181686
6293886
1189128
9650537
9546477
9402605
3577237
1965743
2143711
4803340
9781669
6709639
3552997
3265097
5537468
9924892
8354071
6630235
4429779
3984850
7448113
9532827
2013715
3750123
2867077
8267564
2143378
9174781
5424314
2089924
2895138
3233876
9126269
5807523
7333951
3848853
8832927
6792764
3965784
6046635
7464166
1892843
4856530
4559766
2966711
4125101
1522713
5498633
6607964
7209438
6292751
6452634
7609658
2696711
8706689
8751312
2519477
5320703
5408175
2802584
1704239
8855253
3713972
3762528
7869958
3655050
8096550
7648912
7090932
2768636
7843663
3852598
8141925
8466393
5868005
6618042
6437364
1146009
2514526
4147762
7917550
7078415
2377432
8823174
1266018
9363385
3525455
3569423
8714912
8270711
7637334
4947900
6445649
7609984
5702947
6538037
3528199
9648780
6741246
6652811
7640110
8347821
4282842
5552240
5492762
8054751
1041158
1774540
4391650
1279075
7915677
9777232
4684740
6759182
2980436
9849790
7363082
4996496
3150924
4493328
9972701
8437202
9007672
4960641
5849129
4207967
4791160
2042538
8481136
8015431
2133022
7226862
1442315
2976248
5730639
7090768
5399381
7767854
1966790
7147779
7427577
1212508
2874821
5674362
8564839
4123932
4230421
9210322
6644746
8099180
3405592
3891037
6301165
2262666
7758972
2658168
3451574
3937609
9820594
4530767
8430539
7574132
7431670
3131592
1632556
2376795
3157032
4490454
9996416
4373508
8068204
4481264
5553235
3370613
2994735
3135305
4470151
1930959
6391011
6745753
7102522
6841133
8865148
2906851
4965248
2304229
3265058
3553361
3195730
4360806
3148817
8338526
5801407
3724651
6932183
6287746
5219544
2001208
8976349
4551171
8213889
9993395
1370441
6519410
6417950
4680948
5320546
4767044
6640604
2293736
1486101
6224051
7295162
7428843
8250327
1532445
8020358
6475661
3432187
5549011
1433115
5771246
3279285
4114980
4809131
2521397
4460056
1078283
1617609
5045181
1822036
3154623
1001058
1098906
6193507
9862386
5075668
1038795
6887270
7724628
6803054
8443376
2908323
7645633
1960801
6575518
5337753
1767553
5314295
5576672
6765886
3246358
9157027
1435641
5238271
9049596
7462568
6142416
7974057
5816076
7651389
2435972
1004127
8956577
7568337
5048536
7993452
9342343
1455107
6381529
7405275
5236473
3943588
8732397
7185509
5865667
4010048
5191158
2814938
1460511
8184090
7294312
9133419
8171396
7536839
7887728
4497006
8648203
1023966
7882702
1731386
4972284
9018533
4372092
4821845
8226938
9146302
4556423
6521524
9951810
2661532
6076013
8339282
3848058
5837152
9633193
6836532
5972000
1227127
4230556
5048979
8467720
5524168
4365340
9707322
9549794
6072778
5167497
1440003
9191468
7014036
9621349
5122284
1947980
7356769
6791077
2551695
7711137
8758995
2220646
2362473
2609371
5206054
7531137
8832434
1344232
1051920
1201098
4053230
9445929
9037270
6843526
5160859
1259716
1720649
9717852
2253564
3764979
7982539
6515501
3738196
5806117
5746420
5896095
1068494
8837452
9643137
7060022
4386604
8770743
5686615
2995157
5003557
9931985
2936563
9122812
2244924
1660370
6643765
3684554
3557718
3998733
4270325
6454373
5253915
4550330
4946813
7327656
5371152
5360285
2354433
8676013
1207107
8397246
6323380
4826387
3624193
3666435
6566989
3892977
4504620
4538620
1234289
8182012
6924767
3926669
7180721
3730974
3153830
3435753
5459414
6611408
6668537
6965141
2168612
8688962
1808138
4130459
8636636
5362896
9030830
4113032
1917550
1665863
7416144
4411017
1106181
1419240
8911827
2386185
3916684
2894853
1062607
9464999
8496842
1975515
4743832
2834046
5603809
9970351
2580659
9695188
4141829
8701684
1073041
9379864
8378066
2976179
1129336
5872134
5548254
1807660
2494311
8190757
7573288
4466677
5613066
1145419
9941247
8035384
8113118
8876336
3895200
4482978
3902854
4540176
9825258
5453538
4674215
6287029
1043883
4195159
1536192
6470620
1816664
2722278
4757781
5736295
4651168
6950402
5127205
9424452
8628034
4765676
9626578
9457444
9100127
9568797
5797753
3671279
2541162
5691418
7781754
8177805
3110751
5272312
2080232
8606280
8365449
4513361
2229884
3845441
6750775
9260174
3475639
3873289
8636200
4867725
1303582
2923810
4917942
8211797
7466330
4746340
7683969
6228544
2891584
3936292
7681789
2658129
8649205
6605554
5034438
5219582
8299157
6793427
7577937
5153000
4636502
2742807
6748790
9937208
6289080
1532627
2843165
4989428
7069559
4560266
5080717
4678507
3896467
7990464
6279724
6166326
7795878
3109559
1241515
7540808
3048783
6348718
6907377
3000600
6064311
3643735
5645818
4569524
2116721
5388016
2184832
3748280
8521006
5875316
6399282
3167408
8798705
5763307
9849508
7014210
2439632
8498760
8582583
3054439
2015268
8751833
8945393
8423204
2210137
4562237
6854520
5166117
7226137
5340585
5244234
4755393
7387773
7025908
7084903
5119300
9048646
4554068
1227123
2417113
4439746
3478432
4532158
1459695
6067242
1651256
4474341
5864366
2921122
7433274
7901934
9008282
4277481
3343639
1531143
3327903
3486052
1002797
2866295
3457525
4384573
4258742
4331553
9657486
9713722
1534761
3625757
7060606
6742330
6346600
1410273
4257251
6543306
4335914
2621808
8187214
4704600
3004627
5757744
4642233
2834486
8723145
6285297
9678434
5362643
4902351
1061244
5724222
9384382
8330264
7877314
8813266
7083524
8068716
8448302
2877110
7819099
5035815
8026140
9472547
8143911
2678772
8077059
7867239
2969924
3774819
4160552
6385750
4151733
4022323
7218341
2652708
1411228
1201076
6006361
6087168
9013793
7724892
6735209
6969683
6880543
7069261
3047743
2363442
5179157
8507788
9747761
9084521
3929274
8400422
1841972
2020329
5563796
8228263
2980801
5816339
9764426
5667803
6671872
2669493
8750024
8368233
6945068
8935941
8403738
1315068
4896278
7843700
1343172
8800396
8322934
1147829
3165536
2978477
8024679
4746567
2663144
9399918
6092289
8992767
6018662
3885997
9876868
5023873
2145594
5533897
5743131
8710681
2729524
4965121
2697478
7773277
5605665
6868156
2738404
6034574
2475530
6825488
9276128
9211119
4295522
6516447
8836555
6084532
7111784
2896431
2480146
5026559
3055894
1800513
9683023
9744152
6974872
4217093
3733837
7922204
9633952
8592556
9935760
3127807
4111512
4166326
6806708
5323573
1189049
8272877
8269910
5765341
6275235
9730537
1256383
3502919
1878629
5718846
2094287
3339617
3343991
7744780
5112327
9620444
4781550
3694966
7128644
3757004
8439327
9974325
2267352
8507520
3836718
5103725
9226410
6842127
4375344
5308337
6821592
1527028
7573071
5029395
6082458
1145932
2666606
8415479
6205746
8988702
1467709
4415145
3161659
5209234
1165054
7218707
9174104
2831957
7022528
4456884
3979910
2181443
7498571
6274606
3894810
8156663
8394012
1152415
5697879
5440000
2432555
9280675
6896626
8247932
1126363
5515159
2665160
8693362
2960513
3736409
6284315
8758778
1735480
4543271
8667743
8028792
9096220
8558997
3643283
9547938
5869676
4463092
4892893
9906846
2458036
1782751
8518542
5669343
4546923
7525080
1605280
9472881
2411338
5441387
4134700
7701676
7352830
5033601
4147744
8433134
9686415
9933328
3907112
7483101
9722168
4269209
4422923
4566955
8641553
2084802
1056369
2776402
4704883
1715093
4163211
3324611
4301507
5010105
8299267
8196218
2133810
2700160
9076269
1458180
9424236
6537426
4967628
5688364
7282575
3281832
1526481
6358778
6820421
3254227
3284626
1027957
6299501
1851318
6408127
7631180
3215077
9427569
1971258
7183471
4511540
8140376
1033254
7562163
9763655
5245380
1493704
8475047
6058002
4549008
8648813
9191632
5494377
6318039
3083924
3433204
4085206
6953949
3211189
3731149
2321997
2259003
1877736
5071116
6171941
2543711
1715362
2229945
5523329
9228579
7438309
7248976
5107240
4362877
1612264
4484719
7029505
2785119
8540198
2897533
6290330
6178960
6496658
4966461
9398545
6385307
1658794
4975348
1760836
5370727
7019994
2784055
9366494
9819847
3176788
1414681
4105154
3762483
5606646
8642756
7876804
5744015
2296812
4873853
2908077
1700747
1654255
1226981
3963663
6308699
3976789
9207254
1701362
9313103
3204394
5511683
7359877
8346678
1965839
9010284
1836079
8548463
5940569
5021096
6042080
8351320
4228516
8512700
1006611
2084643
7984841
3886139
4412047
1236054
7944445
4012447
5625653
4868122
7317323
2357447
5948931
1271327
3057445
8268657
3922402
3148902
8995390
5362338
6050396
2121895
5226586
7818444
2513522
9431596
7536898
8379432
3190580
3583278
3800890
8637093
6305753
8316951
3395356
9711880
7872024
5051776
5504121
2040508
1107072
6040051
1403342
8252171
4281389
5906044
3368829
7296902
9489027
5033108
3503326
8024722
9894943
8478071
7226797
4104668
9750482
6658319
1613508
1369711
9866937
3555712
5222732
4718420
8803219
8124846
9558143
5607785
6290521
5076324
9655144
6917661
5497636
7321334
5655263
8487163
4473075
5293257
4211999
5163485
9700244
5553154
7999193
7968924
6996548
4192149
8542622
6851133
9411785
3031040
8781009
7168606
4573215
3851911
8309098
2266417
2899457
4170752
9297697
9334224
8378978
7742674
5565514
5492474
2308691
9207986
1152813
4142990
2789079
4519903
7452241
3558846
4520637
7379688
1163529
4707286
3907293
9120906
6468375
6235493
3889526
9276078
2895551
1758579
3264295
9366530
7205742
7450460
2290347
5511775
5380132
3618052
8295417
5562635
4962159
2732620
2115549
4657936
6384801
8802012
5404376
3290822
7209236
3056065
6680455
8185037
5315412
3951713
2396146
8894413
9630597
3017741
3176234
6818273
8611063
8557351
5874247
3541754
6774038
1253565
4040578
5363768
1447262
6925149
7418520
4824615
1830166
5957177
4327256
8560864
9782579
8786845
9711063
2548381
5628592
8890326
5042216
5569049
2415771
6918830
1983729
9226647
8138227
3076046
3631475
9008147
4297089
8021435
7788962
8128670
4440828
9851388
2044269
1174038
1314056
3222955
8874551
3664853
9177088
2840403
5488598
8965665
1882579
7383361
6854355
5086548
4875380
5339526
2534483
9524485
4368542
4328587
7867716
4140648
2130128
8180214
2911555
8128433
8729644
2572597
4605213
8191431
8883878
5700762
9263812
1551567
8134490
8214630
8936892
8225422
4035405
5476424
1133398
5382915
8396240
4920224
7656588
6240661
9912298
2107431
5685709
7738321
1644741
2635658
6929970
9203983
8532859
6914695
3271746
9848086
3019130
6140631
5374130
5570484
2040884
2681389
2024336
4264323
9769083
9875894
6396585
7733225
2460989
4009778
2470145
2947175
2908084
8157122
8390683
7889117
3186272
5482682
5318160
6595284
8196928
3801041
8568404
6761660
1530909
3053880
6568822
7842504
2991721
7621119
3126728
6952182
6173472
3793150
1720472
6007259
7724437
4616723
1725718
3186999
7765408
7240640
1772670
6798453
3178941
2662767
7311214
4227151
1704391
6641864
7163603
1638783
6313974
3986458
7865353
8772681
7867694
2653496
2490065
7404303
6573370
8181903
2574608
2803173
7267425
5620798
7574052
4941007
9376694
2650653
7844569
2201848
4588925
3088593
3607701
8693972
1838420
4436895
6892111
2988824
5732671
7111431
4473239
1341905
8225296
2388420
8348737
5437179
1239790
9731449
6788491
4294316
9101109
6726846
9182025
1129168
1099990
6635491
6411717
2386414
9507311
4395172
4192468
4634171
2522733
4825863
6679238
6090405
6928976
4750498
8052190
8757035
4557056
2540249
8106307
5638259
6037622
8409998
9296597
7035125
1206005
1350050
5815850
9666591
5855282
