1000
4000000
3999999
3999998
3999997
3999996
3999995
3999994
3999993
3999992
3999991
3999990
3999989
3999988
3999987
3999986
3999985
3999984
3999983
3999982
3999981
3999980
3999979
3999978
3999977
3999976
3999975
3999974
3999973
3999972
3999971
3999970
3999969
3999968
3999967
3999966
3999965
3999964
3999963
3999962
3999961
3999960
3999959
3999958
3999957
3999956
3999955
3999954
3999953
3999952
3999951
3999950
3999949
3999948
3999947
3999946
3999945
3999944
3999943
3999942
3999941
3999940
3999939
3999938
3999937
3999936
3999935
3999934
3999933
3999932
3999931
3999930
3999929
3999928
3999927
3999926
3999925
3999924
3999923
3999922
3999921
3999920
3999919
3999918
3999917
3999916
3999915
3999914
3999913
3999912
3999911
3999910
3999909
3999908
3999907
3999906
3999905
3999904
3999903
3999902
3999901
3999900
3999899
3999898
3999897
3999896
3999895
3999894
3999893
3999892
3999891
3999890
3999889
3999888
3999887
3999886
3999885
3999884
3999883
3999882
3999881
3999880
3999879
3999878
3999877
3999876
3999875
3999874
3999873
3999872
3999871
3999870
3999869
3999868
3999867
3999866
3999865
3999864
3999863
3999862
3999861
3999860
3999859
3999858
3999857
3999856
3999855
3999854
3999853
3999852
3999851
3999850
3999849
3999848
3999847
3999846
3999845
3999844
3999843
3999842
3999841
3999840
3999839
3999838
3999837
3999836
3999835
3999834
3999833
3999832
3999831
3999830
3999829
3999828
3999827
3999826
3999825
3999824
3999823
3999822
3999821
3999820
3999819
3999818
3999817
3999816
3999815
3999814
3999813
3999812
3999811
3999810
3999809
3999808
3999807
3999806
3999805
3999804
3999803
3999802
3999801
3999800
3999799
3999798
3999797
3999796
3999795
3999794
3999793
3999792
3999791
3999790
3999789
3999788
3999787
3999786
3999785
3999784
3999783
3999782
3999781
3999780
3999779
3999778
3999777
3999776
3999775
3999774
3999773
3999772
3999771
3999770
3999769
3999768
3999767
3999766
3999765
3999764
3999763
3999762
3999761
3999760
3999759
3999758
3999757
3999756
3999755
3999754
3999753
3999752
3999751
3999750
3999749
3999748
3999747
3999746
3999745
3999744
3999743
3999742
3999741
3999740
3999739
3999738
3999737
3999736
3999735
3999734
3999733
3999732
3999731
3999730
3999729
3999728
3999727
3999726
3999725
3999724
3999723
3999722
3999721
3999720
3999719
3999718
3999717
3999716
3999715
3999714
3999713
3999712
3999711
3999710
3999709
3999708
3999707
3999706
3999705
3999704
3999703
3999702
3999701
3999700
3999699
3999698
3999697
3999696
3999695
3999694
3999693
3999692
3999691
3999690
3999689
3999688
3999687
3999686
3999685
3999684
3999683
3999682
3999681
3999680
3999679
3999678
3999677
3999676
3999675
3999674
3999673
3999672
3999671
3999670
3999669
3999668
3999667
3999666
3999665
3999664
3999663
3999662
3999661
3999660
3999659
3999658
3999657
3999656
3999655
3999654
3999653
3999652
3999651
3999650
3999649
3999648
3999647
3999646
3999645
3999644
3999643
3999642
3999641
3999640
3999639
3999638
3999637
3999636
3999635
3999634
3999633
3999632
3999631
3999630
3999629
3999628
3999627
3999626
3999625
3999624
3999623
3999622
3999621
3999620
3999619
3999618
3999617
3999616
3999615
3999614
3999613
3999612
3999611
3999610
3999609
3999608
3999607
3999606
3999605
3999604
3999603
3999602
3999601
3999600
3999599
3999598
3999597
3999596
3999595
3999594
3999593
3999592
3999591
3999590
3999589
3999588
3999587
3999586
3999585
3999584
3999583
3999582
3999581
3999580
3999579
3999578
3999577
3999576
3999575
3999574
3999573
3999572
3999571
3999570
3999569
3999568
3999567
3999566
3999565
3999564
3999563
3999562
3999561
3999560
3999559
3999558
3999557
3999556
3999555
3999554
3999553
3999552
3999551
3999550
3999549
3999548
3999547
3999546
3999545
3999544
3999543
3999542
3999541
3999540
3999539
3999538
3999537
3999536
3999535
3999534
3999533
3999532
3999531
3999530
3999529
3999528
3999527
3999526
3999525
3999524
3999523
3999522
3999521
3999520
3999519
3999518
3999517
3999516
3999515
3999514
3999513
3999512
3999511
3999510
3999509
3999508
3999507
3999506
3999505
3999504
3999503
3999502
3999501
3999500
3999499
3999498
3999497
3999496
3999495
3999494
3999493
3999492
3999491
3999490
3999489
3999488
3999487
3999486
3999485
3999484
3999483
3999482
3999481
3999480
3999479
3999478
3999477
3999476
3999475
3999474
3999473
3999472
3999471
3999470
3999469
3999468
3999467
3999466
3999465
3999464
3999463
3999462
3999461
3999460
3999459
3999458
3999457
3999456
3999455
3999454
3999453
3999452
3999451
3999450
3999449
3999448
3999447
3999446
3999445
3999444
3999443
3999442
3999441
3999440
3999439
3999438
3999437
3999436
3999435
3999434
3999433
3999432
3999431
3999430
3999429
3999428
3999427
3999426
3999425
3999424
3999423
3999422
3999421
3999420
3999419
3999418
3999417
3999416
3999415
3999414
3999413
3999412
3999411
3999410
3999409
3999408
3999407
3999406
3999405
3999404
3999403
3999402
3999401
3999400
3999399
3999398
3999397
3999396
3999395
3999394
3999393
3999392
3999391
3999390
3999389
3999388
3999387
3999386
3999385
3999384
3999383
3999382
3999381
3999380
3999379
3999378
3999377
3999376
3999375
3999374
3999373
3999372
3999371
3999370
3999369
3999368
3999367
3999366
3999365
3999364
3999363
3999362
3999361
3999360
3999359
3999358
3999357
3999356
3999355
3999354
3999353
3999352
3999351
3999350
3999349
3999348
3999347
3999346
3999345
3999344
3999343
3999342
3999341
3999340
3999339
3999338
3999337
3999336
3999335
3999334
3999333
3999332
3999331
3999330
3999329
3999328
3999327
3999326
3999325
3999324
3999323
3999322
3999321
3999320
3999319
3999318
3999317
3999316
3999315
3999314
3999313
3999312
3999311
3999310
3999309
3999308
3999307
3999306
3999305
3999304
3999303
3999302
3999301
3999300
3999299
3999298
3999297
3999296
3999295
3999294
3999293
3999292
3999291
3999290
3999289
3999288
3999287
3999286
3999285
3999284
3999283
3999282
3999281
3999280
3999279
3999278
3999277
3999276
3999275
3999274
3999273
3999272
3999271
3999270
3999269
3999268
3999267
3999266
3999265
3999264
3999263
3999262
3999261
3999260
3999259
3999258
3999257
3999256
3999255
3999254
3999253
3999252
3999251
3999250
3999249
3999248
3999247
3999246
3999245
3999244
3999243
3999242
3999241
3999240
3999239
3999238
3999237
3999236
3999235
3999234
3999233
3999232
3999231
3999230
3999229
3999228
3999227
3999226
3999225
3999224
3999223
3999222
3999221
3999220
3999219
3999218
3999217
3999216
3999215
3999214
3999213
3999212
3999211
3999210
3999209
3999208
3999207
3999206
3999205
3999204
3999203
3999202
3999201
3999200
3999199
3999198
3999197
3999196
3999195
3999194
3999193
3999192
3999191
3999190
3999189
3999188
3999187
3999186
3999185
3999184
3999183
3999182
3999181
3999180
3999179
3999178
3999177
3999176
3999175
3999174
3999173
3999172
3999171
3999170
3999169
3999168
3999167
3999166
3999165
3999164
3999163
3999162
3999161
3999160
3999159
3999158
3999157
3999156
3999155
3999154
3999153
3999152
3999151
3999150
3999149
3999148
3999147
3999146
3999145
3999144
3999143
3999142
3999141
3999140
3999139
3999138
3999137
3999136
3999135
3999134
3999133
3999132
3999131
3999130
3999129
3999128
3999127
3999126
3999125
3999124
3999123
3999122
3999121
3999120
3999119
3999118
3999117
3999116
3999115
3999114
3999113
3999112
3999111
3999110
3999109
3999108
3999107
3999106
3999105
3999104
3999103
3999102
3999101
3999100
3999099
3999098
3999097
3999096
3999095
3999094
3999093
3999092
3999091
3999090
3999089
3999088
3999087
3999086
3999085
3999084
3999083
3999082
3999081
3999080
3999079
3999078
3999077
3999076
3999075
3999074
3999073
3999072
3999071
3999070
3999069
3999068
3999067
3999066
3999065
3999064
3999063
3999062
3999061
3999060
3999059
3999058
3999057
3999056
3999055
3999054
3999053
3999052
3999051
3999050
3999049
3999048
3999047
3999046
3999045
3999044
3999043
3999042
3999041
3999040
3999039
3999038
3999037
3999036
3999035
3999034
3999033
3999032
3999031
3999030
3999029
3999028
3999027
3999026
3999025
3999024
3999023
3999022
3999021
3999020
3999019
3999018
3999017
3999016
3999015
3999014
3999013
3999012
3999011
3999010
3999009
3999008
3999007
3999006
3999005
3999004
3999003
3999002
3999001
