100
3000000
2999999
2999998
2999997
2999996
2999995
2999994
2999993
2999992
2999991
2999990
2999989
2999988
2999987
2999986
2999985
2999984
2999983
2999982
2999981
2999980
2999979
2999978
2999977
2999976
2999975
2999974
2999973
2999972
2999971
2999970
2999969
2999968
2999967
2999966
2999965
2999964
2999963
2999962
2999961
2999960
2999959
2999958
2999957
2999956
2999955
2999954
2999953
2999952
2999951
2999950
2999949
2999948
2999947
2999946
2999945
2999944
2999943
2999942
2999941
2999940
2999939
2999938
2999937
2999936
2999935
2999934
2999933
2999932
2999931
2999930
2999929
2999928
2999927
2999926
2999925
2999924
2999923
2999922
2999921
2999920
2999919
2999918
2999917
2999916
2999915
2999914
2999913
2999912
2999911
2999910
2999909
2999908
2999907
2999906
2999905
2999904
2999903
2999902
2999901
