100
1646372
4345883
6695038
3752023
3283554
3023912
8076337
2236615
3626721
8592028
3451492
7416137
8579173
8495760
6134502
2696257
5671663
3000796
6060237
6000544
5812312
6537646
2522986
5010755
6753480
7373509
5264666
1079207
1221153
6425358
5502855
7052842
7426658
5754374
1896519
1263453
2639586
5750440
8976123
5610976
7733153
1027273
4746770
3912549
6641742
6670073
2349455
3838010
4067197
2742340
1975833
4924152
2645255
5711809
5657274
7868952
7504302
5883322
7476867
2178232
9179449
7286180
1700261
5293906
2620573
4913736
2947795
5909717
2547862
1459163
6816423
5135871
4716741
6571659
3674026
7717914
7149017
2880602
2214712
2513182
3201443
9405679
3096747
2059111
3948981
8143938
7633055
2648111
2094676
5625271
8485607
2919047
9900558
5515359
3167399
8583049
4141653
4742946
4928737
3563545
