10000
2472761
7269781
2189427
3854263
3231417
5657961
9256819
6462621
7993622
5224567
7230175
5294719
6527154
4570043
8011891
6730419
2612255
1104534
9163747
6629423
8848636
8932633
5782274
4071532
7628390
3309106
8416429
9575832
9526186
3096195
9572759
4291722
7918249
6323568
9027830
3838217
3466035
5900681
6713557
6834637
9278102
3970032
9857828
2654417
4176169
9450260
3073598
1594041
1146701
2709279
6096306
2664176
1584260
9680948
3742629
9454380
6885020
1085148
4436909
7562085
7640309
9936618
7813937
6596514
3948650
3749412
4165744
4155183
9943166
5656732
3344559
9697244
2193895
7725056
3205791
8368790
1537895
7681478
2171438
6658387
5084656
4001036
8028637
9804529
9807488
1290150
4065506
7299343
3511262
5681056
7813776
8858888
2158124
7004245
2126732
1674524
5560470
7000752
5465225
4547665
2334905
8885043
5509319
5099873
1226952
7208358
1889559
5357957
9523780
7856426
9473090
8516098
7602866
1467685
3366251
3111025
7941857
5329111
5461739
1248237
1555924
4929374
3163364
6784016
5361669
5187830
4183168
3629550
9412619
5367069
9951778
3936014
4279070
8996125
5343005
7576189
9679401
6436698
4686613
9411885
6476991
6086950
5387299
4246437
7762410
2427771
7751413
1827058
1377000
7350520
8492525
9267270
5648382
8262774
8190761
1837094
1728010
8518549
8199708
1054089
5975651
5968041
4041355
7880360
9459268
1149147
7527314
7992480
6746706
1256805
1300344
2196551
9783490
4628484
8168640
8490598
9750543
6571876
5215530
6831258
6011035
7584488
3260363
9582113
7007492
6248041
5597736
4919986
3243769
8013392
4936576
8563565
9146293
5755158
3382659
1581909
4753667
7183092
1589310
7931498
1738275
6885142
2131897
1550779
6561260
1489348
8617290
7375699
1637163
2112323
5950763
9411874
5475108
4480712
7182346
7672831
4271446
2446622
1482505
8808172
1395060
7135777
5232366
4101562
6636609
8513804
3549307
7878414
4778387
1155368
8065120
9770155
1319156
8602677
5507631
7491401
6900078
2126516
4846489
7589325
6080341
2173397
7380256
8726698
4905385
3470470
7681405
4040184
7664148
8857469
4635803
8918908
9407017
2101168
8704499
2564360
6581375
5626706
6743130
4787171
1189877
4104967
7338241
7443059
2274038
7752882
7916587
1369864
4623974
6443782
7743612
6539452
5622021
9632196
1320064
9114530
1174828
1665468
2799834
3520628
1530607
6240039
1777047
3611761
5007338
9806451
4047234
1177398
5933471
7309255
6164481
6964787
2842607
6751002
7802464
5839745
4274015
3815430
5309789
2714626
1594237
2095826
9276028
1963752
8159555
5041711
2052996
1318018
4658884
8162530
5350457
6127779
6334469
3956059
7555332
8350845
2356438
4595868
9503657
7882349
7533953
3611118
5403087
6937184
2097538
1032472
5463950
5943678
3576592
3798800
4031476
1229685
3646947
2650678
3956312
7084825
6475167
6945511
6478539
1186121
2931793
5504527
3463468
3741949
2427327
6500689
7547739
7774582
9957293
7027011
3854456
9721741
2340285
3179460
2982965
4178824
2051422
8098193
1802922
2689482
8090378
3614905
8890568
1722890
3810745
3662260
3608265
4686966
3707258
9560362
9735630
8743808
9379586
8452523
8810656
1194841
5977110
8129362
6487099
3397709
7210134
9415590
7965920
4452334
7667035
5958419
8115275
5031252
1303804
7086406
4451973
9111245
4314691
4470927
2086971
1945633
5695453
3128843
1368590
9273096
2110402
7397770
6118492
3419663
7585553
5213398
5375879
8646392
3577224
2003245
7576389
1138273
5323987
7983207
2476865
1861280
4713948
9027403
3179928
5712788
1957714
6811934
5746223
3728446
2632189
9639020
5282802
4754081
3571761
5571588
1916824
2677903
1293744
2032511
2853958
4519510
2870237
8748688
2454825
5977162
6402879
7809778
9942569
5861332
9473131
6170045
7339242
7522730
3030174
9531786
4478053
2150064
3318746
8305257
5406927
6547799
3778238
6528376
3304632
2413484
2752307
1116238
1476798
1987163
7518908
3179096
6858915
1291789
8825742
9697514
3118782
4628711
8748530
2371601
9873350
7998556
1803639
9169713
8586836
2269926
9058506
9678682
8548457
2375256
4729978
8818904
9928405
5674870
9610544
1842386
2670243
7362864
1750829
8950193
4351945
4777884
2635623
5844005
4446628
3552947
8242661
4379652
7288637
3293455
2800200
1811627
2817589
7693394
8730837
8083866
7024494
6493338
7054377
1811706
3781165
3060619
1734052
3812593
7352346
5700228
7104986
6884946
6061867
3913862
8883013
8399670
8855833
1952769
3380023
7635990
2393649
2364514
7953144
5635692
5660574
3229273
3325859
6614735
8221893
7963070
7173310
9001816
6774433
5074367
5465625
1803979
3800952
5054954
1150327
4199095
1030734
1705601
1122619
7559688
2085721
3554358
6673877
3543307
4682789
9137148
5071654
7761771
3403673
5592560
8759064
2984884
1242914
6413742
7979346
9335310
8390087
5230424
8020970
3994995
2268397
4916340
1555964
7661355
1622507
3611605
3528258
5876367
1626385
1865109
7114605
1603980
7813237
7877080
5839156
6912330
4769046
4282811
1686930
1493805
5340149
8349470
4963389
9931595
6586737
2379598
4538445
9356239
6093674
3791304
9663449
1279420
7482033
9947747
4941817
3458429
1727502
7093228
8156255
3419419
5116249
9076335
8647511
7047231
9479758
4651763
1446682
8479083
1595363
1829479
8785213
2937588
5763740
8546171
8069808
7891778
4323794
3921505
1899276
4197378
2023143
3119869
7695940
7360530
1704285
2655770
5430175
2329758
7755056
7034558
9058821
6619682
4251809
4258792
3178081
9060281
4705149
2050761
8453239
1207029
5026869
3240568
2350198
9794814
2161023
1574673
8390031
4033272
3862134
1853823
2541671
4371087
8575197
6092360
2283889
8652581
8765466
3016290
7110744
5315712
9042273
3380341
3531644
7020405
3096679
2891688
2514931
2641240
6116185
1891432
4860171
5501520
4396523
9773117
3647293
6370917
1182862
4931990
2437332
4740805
3923868
7785304
8369030
4830999
1764222
4463793
1259002
5787718
7578416
4262811
7493099
6447322
9315707
1946399
9070276
8848722
9563771
1711855
9351085
6319958
1960163
2631681
7171846
1988724
9123118
3939167
1363010
4033600
7938496
3520987
4458469
4309921
2306245
7580163
6334233
5285409
3605351
9393496
7496309
3614436
4600110
5953837
9444456
6662428
5535587
2724101
3444221
1004660
8804367
6942357
4969439
1294786
9181754
1365027
8091888
4506234
7701278
4273383
7075268
2750304
4933685
6885304
1974996
2324821
8587808
1126545
1812032
3817957
7739634
4681109
6833796
5733887
1060589
9138263
3178207
4728071
7054436
7345895
6388311
2915592
4818040
8905186
8305602
1293045
6418919
2364000
8595945
1575225
5170994
4105891
6406165
8786204
5902638
1977429
9472719
8512824
7653702
2102754
9531283
4105180
6270639
2302815
1846542
2119040
6273260
8887915
4800848
3476562
2152148
8315005
3678867
7915248
2151737
5102725
4110284
3644558
1473298
3542438
2396225
3700993
6348787
7786979
3172669
8309444
4439243
7926090
8712240
1586834
5938903
4678558
1340323
1358421
1462845
5338880
9152578
4037518
8862828
4066543
6765587
2803413
7341371
2081734
4290999
1092243
1889999
5902055
9560070
8508653
4840746
7450495
1940424
1369955
9129312
4388865
4237386
4014976
9902907
1195630
8655182
5473644
8720218
2581116
8670286
5687992
9274717
8580574
9797034
5663297
2762597
8257828
4417968
8508177
7220970
3196164
5169076
4215777
6201669
6394720
6648489
8645394
6176567
4279865
6182263
4749413
6723522
7847459
6890333
7965649
5740719
3193170
1532425
2318933
7520823
7795286
2841325
7501710
2827167
4388786
8336989
4924706
5150470
5910682
5452711
6152373
9159025
2386453
7834259
5268243
7031953
8689888
8021475
9646814
4832050
5399788
2039484
6457026
2112504
2283603
2002702
7292654
7632678
1966606
8311873
2944965
7474192
6561850
6830625
2576590
6938090
7602643
1126851
1428728
3354647
7423873
1687712
7199489
6916527
8020538
1469962
1218544
4635355
2922958
8679302
7400984
6322931
2281122
9473393
4860031
5129643
9144063
9566557
7488848
7956841
4203218
7464990
5160125
9725162
5677521
7428848
5215456
9349830
2630123
7657284
6232931
7942466
8990864
6289204
5408589
1180756
7874202
2763395
7714312
5580516
5791956
6743720
7698408
1852394
9109193
9875244
7775326
9845922
4135768
4460835
5347357
1478408
2000990
4664728
7758684
4267104
5200707
9315764
8626332
7964412
4360744
5760208
7912003
5025556
3826352
9082361
4139866
5798138
9364239
2211020
6387691
9747372
1479136
7684051
8397399
1328837
5403179
6677159
7698694
4718390
9982109
9150182
1261583
4895562
8862057
5622295
1209034
3330056
4210743
6524548
3547979
6153380
6016339
6468335
3187289
5333688
4170657
1707001
2049855
1852078
7547287
9205095
9318018
3793458
6193915
1862558
1881700
2044415
6628566
1279441
9876968
9442231
9438104
2756584
5990358
6367935
6163796
3251227
1434384
2531818
8812591
3974320
6847428
8210189
6766516
2547170
4298180
1832156
6056795
4691578
3698757
9812203
5885995
3714131
3802981
2219679
4935637
7758912
2205095
6760422
3118387
2818721
9237402
3794156
2048535
7980735
6589320
7214376
3688895
6269548
3336364
4494327
1364977
4937767
4697448
9289280
7114963
9271935
4628493
2339856
6003710
9218958
7941811
7080351
3484859
1137431
5584850
1540466
5960574
2203659
6954337
1630675
9618217
6702657
2694375
2094246
7842275
7184901
7946775
5684717
6862122
1063307
7804961
9386583
1787486
2806523
1631006
8844540
9276680
9648183
9850627
7982053
6323273
4057643
5235993
4518810
8390151
3146021
6160555
5115620
1548157
6381750
6079145
4269669
9280946
3305392
6607308
3510180
4646428
2776824
4086834
1184469
9052557
5054342
7869508
2457649
3490166
3859627
8249878
1884842
4341210
4421186
2012638
6129075
3120822
4559547
5331247
9614317
4221455
5381788
2169607
7311773
2771283
5132777
3597047
8220348
7361772
8509630
9551355
3449935
6074026
2354586
7793578
6355361
1961520
2404982
8852231
2265494
5672760
9731759
5984040
5952506
2803642
8374313
2217166
6763081
2986315
7732221
9886790
6090128
3536434
7291340
8772175
3345388
2726544
9881740
4355772
2188410
7595440
3161563
2551411
4401854
9464492
3104210
5522822
3229105
4239714
4240116
8216705
5147077
4324638
4635471
7868973
1450299
7032609
6187114
5945972
3181063
1306177
3473625
2084573
3824874
9070762
1219773
5576009
7977297
3227388
5707047
6570015
6037228
3520006
2150711
2614100
3700346
1479252
9561592
5258654
1998324
1405852
3962887
8946858
5519799
8160166
5445491
2532124
6240206
9338356
5653007
2197935
3919615
3254992
3261359
5476516
3626476
1665957
6318047
5870519
6511093
6187495
3507746
2753512
8398397
9150838
6794546
8197095
9155187
7806816
9918268
1816363
9854930
6155726
8707230
4938043
5573051
4451569
1920188
1137749
9883962
3371606
3690359
9885823
2129926
7727807
8928663
5678044
9462765
9800315
8707306
5693161
5027040
7006241
5600758
4553967
5225491
3607080
8456636
5972187
7958448
5855465
9950718
5149508
6844212
8289136
2577571
9303427
4348362
9493071
8636336
4514769
7563679
8258694
2797097
5440989
2739487
9950296
7962185
9675852
7533790
3899678
4778023
1766814
6988929
8109393
6354945
1146821
4468998
8186723
2229501
5290592
4540802
1593103
2553758
8737617
8482978
4782497
7719893
6674531
6661860
6374288
8058352
9024143
6928759
3694499
2667175
3439672
7221384
8633129
2204981
2747836
5662351
5258501
6355924
4025478
4331921
1174416
8561276
2843553
9472159
3054768
2411758
8792575
5951288
2780561
6279916
8427490
4206483
5789003
2706435
7058065
8104200
9134764
8769292
6090799
1089048
6553910
6502800
3210232
7662073
9281371
1845515
5542397
6371391
4581479
8071530
1157737
7608240
1211934
9134664
9485308
6813430
9789295
2105973
4725287
5477475
7896905
7729056
1667664
6153664
6795620
9156695
5984791
1885175
8677970
4473621
6809938
3016306
4650199
8237436
7296614
7623539
4191478
3734587
7770206
9642374
4444389
7525082
4994832
1147940
3714035
8800891
8583268
7923178
7142696
4615043
8625536
5023298
4749821
9694986
9202874
2082976
9001933
2652496
1427357
9988408
4859075
7995209
1269959
7907814
9369878
7313643
2689184
3280670
6378905
9533477
7746135
5852445
3367551
7517914
6121050
1052216
1669966
5943383
1642892
5234292
3201907
5982121
3710714
8269062
9403694
8782155
7144664
2755020
2711302
5051614
4044297
4941820
5096175
6742802
1693302
7123300
8574538
8137933
4830129
7585113
6417734
2564802
8612329
1073732
8207365
8424316
8570639
9810018
9155905
1300738
2069297
1801339
2766175
7749613
3178798
5671830
5411372
3722649
2668011
1554148
6637862
4640385
6011965
8351466
3828526
4546087
3905607
2720403
3465084
4157610
4375518
4033189
4910275
4499120
6344899
2769274
6298774
9285670
5357663
2382203
4971722
6262430
8569645
7145336
3741525
3732721
4909955
6300571
7651558
2897197
8551930
1328927
8900831
9515705
7415904
7835699
7983080
2056319
3027019
3913283
2418197
1021770
5731545
6970977
7712233
1128096
2519461
7171400
5545500
2180082
6176771
5577922
1711682
8269338
7213599
3714051
4206829
7180436
7000170
1237317
6492726
6508936
6168405
1085373
3026503
8740423
5560707
7625006
7586484
7575004
4008721
8616550
7449635
6882765
4451521
4746926
6239472
9365107
2777135
9833581
3797109
8390447
9710802
7512160
4758513
1417749
8370791
6116163
1882967
4380469
5299314
8642163
4327202
9409176
4424925
1529951
7649183
5580945
2736621
9729637
6843779
7991981
6707794
6899489
7214470
1859971
9606111
7794316
1859856
7474096
4357010
5073506
6308946
5002916
1317413
3318036
1216870
3459825
3312590
4655872
5895435
3356630
2797843
3451806
6106779
4810567
5127177
9292341
4111255
7874472
3908246
5931509
4292469
9081498
8738893
5299143
6314552
1881789
4181097
7858026
9804872
6605950
4332445
6836383
6440667
5768203
6109915
5506431
7285339
3426669
7302866
6794524
2246968
1868910
7239637
6680309
6503177
8038700
7148657
7397207
3094415
6126692
5799303
7862304
2491450
4972443
9085642
1976230
1451039
5538409
2680153
2457768
6026937
6032735
2605769
6530331
1727239
9016275
3879668
8291128
1117662
2543489
7509766
5231212
5344384
1645397
3352393
9657265
3748044
6542575
5424830
7869659
7220134
1649318
8807630
5699838
3258082
1680648
9333633
9321454
7971405
2232281
9982303
8193551
7733164
2611850
8449812
5722919
8115176
4971588
5635224
4274208
7192280
2849901
5164863
9748483
8771577
2686435
1009694
8717401
8099955
9121063
3258359
9588260
7755966
4418620
8316189
9163758
8431652
5805281
4362731
4656968
4392200
9795107
8023921
3440287
7693127
6852870
2896376
5910698
9187532
3432926
7368720
4831119
5478329
6808697
3100775
1666862
5985220
1728624
8369476
7581510
3299416
7463678
4251716
5666784
7834773
2985128
9623292
6051009
1876842
9372686
2419767
1923372
6644984
2097921
3117273
2191415
6698258
5853549
8417301
6052205
3167980
5400329
6751411
8650604
2736569
9932773
1981085
2392560
3080297
9242588
5969100
9441216
8419625
1609107
6138573
2375991
6769428
5103857
1544138
7406903
3248562
1220383
1817845
9067017
4525399
3748705
6861975
9910976
5797223
7597742
9477857
5733887
9919896
7378093
2440906
9963008
5748759
2158738
3766882
7568767
5330335
8972511
4400205
4337974
6253175
5717678
8184107
1146322
1280419
7491150
6574279
3651119
9459349
7310996
6003806
3656168
3477396
6324541
9002297
1677377
6828844
3189713
8675126
1769945
2715807
2606307
8537467
1313042
3555285
7005998
5551989
5760355
7645176
2094298
8632855
5853609
9152122
5070359
4556229
6413433
1423473
2909609
6658155
5985329
2677739
7256326
2186689
4490840
3883934
9903460
3801329
7347323
2352642
2083670
4675388
9368026
5003715
1828313
2597944
4789947
4758993
9882978
9265734
9697949
6043738
3825179
9382235
9884240
9724681
5833758
7951356
7926963
4734704
2086321
3259023
4385646
5398891
2492811
8477574
9993730
9462358
1071822
1669047
2090118
5794066
5626158
2279657
8433459
5103002
6757248
1922073
3791866
7675660
8547903
7900645
7035853
7787718
2348107
5588880
9639588
1601534
6992427
1433639
4974001
7085694
7253934
3986330
6907942
3838662
4106532
5517278
9820749
5648484
7379243
1300545
4384897
8528721
9743895
8277455
9798092
3975061
3376273
6497172
6799472
4188454
6650707
4279059
7894586
6173356
2119595
1634910
1102740
4207983
7186255
9129966
8468082
2292644
5378888
1430572
1687224
8773069
6304978
9082584
2252562
5744512
4652362
3766809
6254164
6956146
7252242
5133573
1221916
7987060
1405034
3753451
6533805
1200774
1423200
7595743
7017653
3977971
6331177
1351637
2569313
4454797
9175072
1768729
7250727
7043530
4397575
2400670
5100797
9699590
4112276
6011780
4801977
4926113
3913077
1428638
4036721
1573339
9856503
2376004
3159212
4915551
4533277
9875774
8096968
9870646
5984060
9103273
5150469
1615429
4607879
6324654
6184290
4814440
6072583
2909057
8854136
1666871
8519251
6688359
5140100
8208633
7210729
6208426
3139553
6546577
7994844
8326721
1377197
6290694
2075551
7830243
9227403
2176094
6951928
5726051
4602433
7152092
7575449
4124890
5891971
9839672
1147051
8817512
2098256
8016768
1340669
1713813
8745492
7434037
9455124
4229031
4805334
2613000
2932515
1715515
3097067
6364734
2391605
4947401
7703595
6885297
5854968
8454290
9203898
5824024
6355245
2387852
7473202
8253761
9555326
7114873
1305775
5881885
5352999
2541044
2009091
2810100
9867080
9403365
4315195
9953402
2886194
9015662
8712371
4784722
8896449
8865310
7973974
1013961
8409329
1996606
6516745
6621933
2720444
7272881
4861320
8324294
8946506
5921096
8910944
3173229
9869363
8592238
7920712
8077636
8357890
6960273
1227810
7973149
1590978
6036586
9116095
5009423
2226021
1647653
8949842
2314454
9141522
4597116
1221483
4299177
2319312
2160616
8633775
9018545
6553377
8142721
4066510
1549864
5123249
6305592
8496094
8168303
2884871
2143506
8888062
3172732
6570075
9451271
8305726
2306323
3100161
5804779
9932253
1560100
7398886
6013451
9987283
2892317
7828368
3445132
4226713
3903616
5593802
3576600
2878718
3156007
1890505
8517553
5682756
1241774
5558801
3267499
4289450
1518649
1784036
7950396
5056322
3548831
7368236
5142534
1874982
8863494
7341607
9658592
4402952
1440513
8055859
9681393
1308760
9156359
6700258
4473134
2300537
3681588
9280608
6060077
6690366
2603117
3618971
4920322
7733561
8090376
3427978
2750097
5423644
1295929
8642217
1566668
7969972
4998131
2862308
9376911
3648859
5030390
5914163
2686802
7935149
3119749
6127573
6665470
3934702
3308555
5389336
9418098
1451043
2594951
1859792
2947223
8519646
1487604
2977094
3237243
6403877
9119029
3339924
9379786
8883141
8827432
6416414
5838819
6331171
6723609
3668251
4642065
8345164
6142507
2466085
1578760
9027327
2479978
2741381
4736258
5506376
8107811
9415226
5544505
2614462
5544567
1314980
5485799
5659318
6424660
6863836
6420500
6339409
8295710
8477735
5993087
3893237
7466678
2885267
1447776
1542064
8025089
2674817
6484620
4535074
7862964
2069268
2547786
3406108
9807214
7529425
5340453
7904875
5496189
1347352
5946570
5886082
2077917
9366282
7908916
1647208
4823869
7221028
4254781
4583773
9228403
8458603
2417103
9757595
2356579
4478825
8440043
9930243
2922171
7201246
4821249
8560365
7112042
3148018
1948936
5728868
8263178
5396875
3910104
4088130
9517218
8712619
4857013
7292568
8607256
3006836
5893110
4403505
2882511
8187678
7355279
2869569
8165172
3401440
4922363
7859176
1898206
6981774
1930324
8982515
5533767
3608338
3861511
7308572
1067021
3477046
9427235
3576433
9951741
5445458
5021914
4561667
9465586
6087033
9036291
4317104
3728386
4194569
6339966
3087932
6522793
2479202
9474153
3630843
2762857
9698718
1997209
5358307
1746633
1065979
7629060
6884136
1153100
1992382
4189318
8285440
6695037
2723936
7536514
6464608
8079785
1052853
9073403
3677078
4892677
7934011
4612827
2612553
2671721
3627432
4124491
7938879
4992316
5171120
7124299
9457398
3315913
4173166
2809643
1727845
5118554
4986408
5312194
5746115
7184939
6647456
1909239
4465168
8988226
1899681
4820270
8294883
5263500
8561070
9308284
5794556
2142267
9839842
2312085
6752764
6308382
2504867
8040509
3278498
3026448
6222896
9952421
3640176
9760270
5227766
3047249
2982317
7252362
2657206
9124175
2377604
9969364
3911433
5340425
2442397
9194579
4911679
4495805
7971962
8295624
4821372
2788548
4585893
1815595
7506524
5393498
1472497
4919641
5529641
4400269
4665542
2922645
3712635
9439120
1625641
7209470
4155831
1543265
2219780
1110377
2573923
4504650
7977274
4260999
4856674
1483380
9582062
4121089
5478739
3304393
8022533
7839971
7951047
3953611
3033176
3303830
3757163
8015465
8973799
6191010
3142242
4427602
8276667
8694595
7842543
2896572
4789707
3414602
1597626
3648749
7078121
9746078
4118217
8029075
7441478
5145548
4520329
7553801
5566396
3065372
2512773
9591274
3441962
9199133
7504407
2228010
3436862
6022300
4002269
9633426
1615862
7686080
9984486
5563692
9062752
1688145
9395773
4700383
9972195
4232529
9322741
2627181
3974598
2938179
9261686
2802338
1131551
5656722
8449576
7983894
4153534
2114508
2742406
4070727
3610604
8623552
6303788
6020096
5864007
1876029
3073228
7303022
9686863
2372989
5502909
9997147
9289350
8967840
5812886
7827435
6638220
6997197
4209026
4495855
9405528
1021782
2393572
1064368
1029510
7233850
7459613
1420830
2345677
2845737
4783596
5979464
2378257
9696907
5444550
9186645
9238193
6098737
5616366
7147163
5938962
7391951
9345839
1835856
2531076
9691384
7115312
4852343
8250803
9614092
2034584
7717725
9945833
9051152
4722754
9350524
5584355
2420501
7796898
4729590
4756089
2928226
8835249
5462237
1521170
7176725
2455077
2030018
6022911
5406767
4169885
1650500
5514230
6992727
9664397
4933666
7910611
4204177
4754125
2184228
3130187
2700551
2382078
1437094
5179265
8179785
5345520
8333974
3172301
4473624
9750446
3222280
1547865
3220609
1523139
8424303
7207110
8769615
9673010
6839462
2688175
6314696
7155392
9135646
1719492
6367085
4115725
9059474
5320002
2946011
4457571
8294177
3828826
8973614
1268430
9550619
5538639
9279568
9245261
9213087
2328244
6216878
6576993
1426659
8654238
2442908
3518452
5440349
2836989
7745657
9865547
6582809
5556138
4820260
3815135
2984491
7857020
9044176
2322456
7499599
7041594
4845446
6142772
7023550
2825392
1563241
2516815
9400843
2464140
3014319
6454083
9557734
9286833
2954070
3035370
7318535
5093735
2264612
9684778
3847335
2199705
2322083
6839377
1978547
1025247
5486891
1812770
5413890
2856532
9032394
8414015
5688409
1827867
9621361
3315022
2506907
3993774
6773632
7383433
8780662
8475784
1304316
8964961
3766523
3436396
4325247
3390595
2857141
4423717
1152832
9702351
9581261
5553368
6122596
5604981
8660517
5969551
7126413
2394593
5007971
9572503
5673977
6022616
7344696
3045596
9250637
8599491
1016849
8899540
6778530
2163812
1234628
6404650
4630232
5816511
5839334
4403476
1147538
6641547
9452828
2286143
2129914
2371042
7481792
6778306
1643517
6439093
6012678
2642697
8350113
8162308
9182831
4324315
9721942
1746732
7100373
1302926
4500314
4507754
4352175
6577009
7396529
8355432
8681110
1627418
9958203
3937757
5073248
9203834
2642615
8220058
8726765
2560574
5938592
6379131
8380863
3986528
9788175
5360779
7865343
5077398
1021209
8138491
2649301
2362569
5102617
6691860
4267399
1823528
7627360
8366795
4219725
7449182
1618995
7724333
2866595
6832370
4281757
6376364
3900616
2244445
5908462
3672520
5752542
6510866
3885603
5534770
3245683
5449562
1869976
5120285
1267942
6081197
2026075
4396894
9489253
2324616
3618641
5464751
7213694
5376747
7447438
8696006
7081540
1868274
6076608
6544347
9140996
8483311
5919117
9067170
4047759
2933734
5215142
7900350
5586337
5640010
6297003
3229823
7877659
1134079
3070640
6206957
8948797
8080775
9279784
5432677
6381224
8547489
8243968
5641484
4916995
1737686
9801374
4065883
3305395
5882254
6274362
6286258
6144271
1659724
2145205
5533120
4610268
3071109
7709961
9921218
9731213
4069527
7222384
2743258
8908471
7402503
5983665
5378394
7617580
1504572
1483567
1093873
8302325
2062435
3291324
1071093
6406389
8297818
4783918
5698866
2556106
5467465
7660792
8926715
5662806
5681614
3789099
1643334
5982703
4387889
7709605
9646589
1139051
6927840
9572426
1245915
7801767
1310476
3144393
3365452
2741082
4330931
6830122
1043920
5363332
2831151
1321518
1569937
7323620
2225447
4747751
5170267
9097458
9758308
4554745
7713316
8997801
5949592
7709808
9463573
7155360
6303683
3639235
9027184
6980922
8884902
3443576
8486578
5852700
8375315
7425409
8630011
4157447
4150492
3072535
7906132
5437598
8972316
4693902
3455632
6364016
9234476
2371017
7178038
1025202
9124327
7916382
8862990
5133110
8943096
3247804
3336003
9256576
6171242
6635395
2520745
2171714
1229264
4027139
3338439
1726925
2512559
6874913
2141742
5228475
4796497
4449360
6355299
6068370
6303059
9711140
2785818
3137562
4345641
2057251
6305844
8500362
3790049
8114871
7093386
3272943
8151398
1845182
6030202
4174118
2505303
8169868
1550809
3779204
7490079
4236652
5561027
3383835
6328494
1947649
2602343
4528550
6947015
4761539
1181247
3327472
6565724
9855439
8352391
8465826
3897976
6764687
3951915
4817930
8210219
8924764
1327478
5827627
1140139
9894504
4666616
7932026
1511817
6657288
4276937
7386519
9043330
7774040
1268348
2382020
4822552
7972369
8222766
6545945
9293953
8065248
1600814
7654929
3665102
1941553
7451039
9388262
5537646
1939483
2940660
5336939
3768028
1763084
3059964
3665843
6792255
2577024
8715335
2619077
6094185
5387061
5130408
9488675
4807602
8138930
2690979
2116882
8995454
1686440
7712753
5520516
5136045
3439521
1108642
1555267
1202969
6729848
4115242
4164912
7456654
7592960
4681664
6714621
5010885
7685473
9449099
2631926
8529049
5640623
5537158
4923318
5782790
3823444
9745365
3334040
6247775
1078873
6179209
4577789
5471296
5231008
1217537
4141005
2557395
2220156
4162314
9131753
4471551
2619165
8646200
4726471
7391294
2986670
3469381
2511942
5406181
3923113
8930162
4256796
7320122
2546181
5612685
2363229
1103697
9533933
3023138
6852103
8371328
8603116
9208660
4588075
1802461
6161759
7456910
1079046
9412172
2305043
2266590
1553152
8930286
3883960
6015441
3533987
7158462
8409021
2184909
5582144
3125221
7814965
3437923
1050726
5212441
3319433
4005763
9524331
6209954
1029872
2375150
8953471
2267110
7282300
2600438
6805350
9772014
2898694
2813688
5151854
2405840
9076836
6810565
7355434
4961294
8738696
1531750
8951861
6349191
2405420
5595519
3848434
6495061
8637069
8106477
2741411
7031807
9239117
3435578
2589111
3483056
8696148
5174545
4997105
1335032
4169529
4067982
7949190
1788698
7508892
7712944
9228766
8015534
1479048
4308281
2137142
2876216
9270687
2172397
9564148
4636041
9078669
7356122
4132524
3540972
6543240
9882640
2739363
6679084
2378591
8975721
7879329
2167484
7556730
4766027
7562619
4751839
2882835
7906139
7876441
1723778
8765211
1314772
9559773
3035151
4176422
9159649
4100716
5685603
8208019
7953984
7941721
5466171
5788494
8710504
5019631
1212138
7094912
2907020
7201982
7606271
6064448
7048960
5705946
3499629
2578827
2070556
1669447
1002338
7292641
8604167
3969921
8609429
1015817
8514062
4144683
9337722
4929096
3348525
8508173
1323992
7689093
7090597
1098874
8137341
4151552
8782392
5997170
4158497
5489987
1296785
8201789
7802664
1417136
9734167
9516193
6112404
6835029
8903348
3097677
1657242
7526604
8161729
4749949
3406580
5313423
1944188
4198960
2569576
9449900
2977334
3992960
8117599
7255853
2072886
4498721
9951377
6344962
8054618
6081365
6652430
5335754
3966055
7331655
1339624
1046871
4929159
6127038
8101400
4806936
2120179
9764747
2292255
7506773
8769361
3031350
5770071
6819821
7741088
3617885
3691640
9008363
8041978
8481029
4628159
2092090
9354449
1590262
3061700
4029006
1125190
9655641
3964540
2882741
7039046
1327572
3835415
8349724
3418622
6883953
7188426
4378694
8081081
7110219
8331520
4175122
4205775
3000379
2052493
3869347
9776185
7818697
3206443
1901173
5881698
6038373
8576321
3023606
9432984
3269383
1626337
8663354
8716756
7704389
5990641
2017323
3602694
5212421
7448828
5519233
1640653
9496379
9323738
8081525
6882110
7256773
1974174
5501859
6900555
4671868
3461886
2671881
3657230
7593148
5932345
1450178
5963446
5256647
4841948
5280511
3002442
9880790
9656374
4727912
8434372
7740041
8092997
9572654
4551728
3386433
7884256
7005860
1852220
3741491
1851807
6850966
5820578
3538439
8500488
9476050
7103461
4126081
2742740
4377614
2496697
6021415
6763537
1230457
5870511
1630315
6766889
1502998
6497031
7518611
7933499
7955742
9703966
9946998
8789089
1483964
4983666
6538960
3693922
8045766
2196004
2763738
3580858
8260097
7462126
6507139
1734567
2348757
1717125
1274323
5956292
6243051
3142849
8095793
8372276
8609484
4074355
5649810
9089671
5203267
8621215
8960556
7322697
9645836
8371642
2499163
8296845
4326030
7729285
4268707
7203187
1601735
1170251
8769303
3478490
6297774
4416344
1700144
5044346
3157902
9230356
5165329
7938929
8933240
6946974
1791930
4975953
3979889
8096852
4241299
7008807
8070134
2812553
1430459
9695856
7579116
7871912
5479944
7222944
4622404
9893618
3391033
7288171
1960550
6158923
4800106
2441360
5816701
2187386
5796847
9342594
9199403
2786600
8375875
2911553
8519541
8461152
6532827
6635489
5221305
8415744
5861686
1652025
1431422
9248792
9135271
4540391
8567197
8522625
4261182
2175978
8225022
2548487
8476346
4131129
3433621
1662083
8495803
2292267
2849125
6854962
5764527
1156678
2330805
4346178
3615706
2258748
8482858
5046183
6726139
6425171
4541988
8559721
6797380
2772500
2486037
5072769
6499065
5353855
3976854
3228339
1357292
1387293
4472524
1501510
4234015
5763382
2822818
7540738
5327787
2552996
4836840
5929970
6252048
1485263
7895883
6061819
3126837
7828083
6172406
6261963
1230874
2498888
1636889
9945574
2939059
8890857
1379657
5468045
5396800
5477327
9894560
8782256
6808354
8017143
8036165
9832558
5898455
7457081
3718174
8999234
2831721
2669546
8322180
5965400
8819162
8947149
5260039
9131193
5283484
2165574
4350715
7402340
5348625
5316823
4226354
1108734
6772838
3381703
9126811
6821740
1911252
6497256
8736947
2863446
9022256
1923536
2995514
1358990
6379202
5565515
3737649
3904394
6912237
2483134
4025562
3481502
5081974
3932199
7586135
7645310
9527904
3669916
9185855
5038491
5831406
1119529
7824493
4472347
8851866
2084095
7384035
7786230
3351853
6845689
7640574
1967159
7238855
4423697
9606147
9094264
1574449
6751963
7287666
6702378
2306472
1066888
9842945
4733547
1031475
9145342
1058732
3810120
9898784
1740094
7251443
6704846
2720052
9997158
1196507
1045892
9326497
4536304
6983944
2988684
4698388
7033739
8069467
4015513
4761206
8694761
2230488
1864555
2291970
4990146
2728275
9497753
6580297
3649223
2773835
7482295
6181778
8601641
6114014
1722449
3499620
2169467
5998942
2441862
6662048
5277621
5136596
8188257
4413890
3897819
6396700
8321756
7920528
6581118
1975040
5510038
3030174
8144385
7402737
3693831
2857432
2035543
4052754
1442497
1367552
4625468
3227582
6222834
8722809
1862457
7220165
2062528
4035109
4445148
7281058
2023252
7826468
4902503
3226816
2452274
8929869
7558344
1200541
4651663
2738297
3320601
7335174
6076669
2014821
5340905
5833173
4339316
9281616
2719003
3435544
4647993
3898885
3082398
8018779
8956508
5063691
4798749
2631224
1629229
8041682
3752232
4595877
8732750
8364271
9593451
7076222
2438111
2290299
1073494
8449252
1346110
7248072
1395565
6915909
2458750
1817485
9316104
3573853
7837026
4786124
4416206
3613245
2507498
3006609
9804310
1604098
2417917
2827589
2827310
1858697
1879831
7654811
5666496
8614960
6816422
5571305
6150410
1013032
2865880
6743011
5152173
6769625
8740359
6065348
8031985
9972445
8751729
4838470
9726519
4613913
2184001
8813747
2814663
2346153
9835210
8355843
8735643
9847059
8079685
6087097
6907764
8207550
1852024
1305401
3459396
1881715
8793514
9495467
6380692
4461852
1109333
1833877
6740199
3494835
5211932
6022045
8457902
1090678
3707766
5078582
6923597
6585801
4886537
6249093
2147719
8419259
5801666
6672908
4747590
4021421
7917996
3899389
7614334
4237144
8941367
6331394
1330675
7348862
7385140
9633844
1173440
2332755
4898095
7007202
3173601
3834300
8567372
4862364
5756187
9342967
7430589
6136599
6491539
2993205
7182490
8199659
4957317
2870717
7924346
2285627
4639791
4269794
3875754
7998764
9998077
1764999
5193596
8827705
8176990
8375665
6119363
1465109
9495630
7561508
2313196
2474561
7947862
9868282
3654479
3082696
2015081
9822065
8609174
4676337
5870225
8285964
1584204
3750292
7334002
9533605
4844371
6123560
1908101
2142560
2402424
4873635
8721112
9700098
9241319
9794979
1053444
9194699
9724575
3150052
5091607
5110041
5321613
5345034
9789979
5620822
8058380
6625249
2169120
4652652
2587297
9732578
1963518
9781392
2037048
6672728
5444845
1494700
8858731
1946539
3210592
7602184
9217492
7923308
9225928
7141123
1603321
2760138
6945894
3213317
6895887
4833819
4249475
8194672
5242659
6797902
7821331
3985504
4562157
1652120
2699207
4974336
9293446
5630308
7371498
6441415
1524180
4178824
6231055
4403938
5077131
3809365
1897786
4248906
2241935
1069671
3260076
2743608
6922256
4620069
6300875
4712951
2600741
7106442
5337009
1358955
7749588
2302716
1089580
2269528
3759217
8771524
7861310
3726189
8077981
2298318
8855158
9401202
8765018
7774251
4953672
1626182
4269844
9905805
8248648
2088813
2664058
8374498
2123709
9722858
8187957
1335164
7190908
4915577
8079296
9775303
3267282
8864368
6169762
7467532
5874302
1415565
5440456
9573029
4991999
7330442
5341671
3033369
8332778
2901536
1449768
3572873
3945031
9093530
6787853
2721668
5705669
4002003
8648651
1655919
8189042
4014569
9280129
7000784
6150192
2383251
5773040
8099444
6262429
7537783
7182715
4964375
6544059
6775673
7133562
2099091
1504439
6540721
8909690
4659956
8957013
6894979
8535664
3203603
4550372
1523164
8102245
3882496
5938711
2046882
4856764
1711181
1612428
8347828
5664114
6240560
2413680
8386036
1857182
6316720
8323955
8921306
3589161
2067539
9234856
4110146
3870015
3836287
4826097
7059648
9187855
4367079
9505808
4666401
2951424
9284776
3729465
4588037
7342286
1308267
5708926
8916475
5457004
1719189
1622979
7242957
1691969
7046860
9835236
3533845
3012488
6115644
5066428
2657895
1773147
9109755
2474919
1282129
2956016
3489008
3691035
3919471
8937855
4949707
3447019
9683219
6898098
8575312
8914443
1287957
6220647
4518533
7311611
6717510
5586002
1679661
4228710
6705202
4834319
8243789
3272475
7377134
2957751
7631543
6347551
2335280
3542665
4797788
3950688
7868310
1894091
7745607
9684917
1408904
7343553
6263310
5488485
3815161
3775685
8587252
1921741
4414731
7567104
5097044
4130350
1423099
2883648
9430439
1286934
8538204
5916731
4719186
6971462
2340903
4308251
7753169
8102788
4877043
3752347
7129680
7815051
5780152
4692257
4973947
2861008
3838818
5403220
2762634
8420494
2576499
1022049
1816522
9341925
2480561
5103608
8996522
9783102
3187129
6725853
2637019
5892562
9563067
2417180
7961395
4574476
8024464
9025597
9280627
8810509
7457001
5452464
2473134
5149111
7643969
1863323
1524084
8430100
5545244
6775770
6201855
8035551
8348585
5280006
9903636
3312395
8789805
4364289
5000494
2580116
9802802
7759785
4107480
5757107
6398055
9865748
1825497
6487246
6668673
7965115
1765603
9800607
6277361
6273930
6262894
8424956
2415847
6886119
9967658
7838888
5889447
8931218
4002956
2285376
7229314
7459164
1240994
7280080
4206288
3079378
1956153
3690783
2930092
7833940
3633790
3139376
4145128
9749458
3697307
5975947
8383697
4559927
8671211
1408885
8791261
4432601
9528441
5575355
4234187
4282735
8550198
5614364
8254851
2997060
9813121
4049368
1650360
6674155
5202883
2238044
3545762
9023516
4545266
2281016
8949824
8067534
2686269
4300546
8702173
9069438
1094913
9998508
8691017
9439943
3983379
9050132
2249067
9568899
4134758
5467292
3410701
4233049
2736815
7062122
9280272
7991895
3723038
8368448
7219009
6842171
4078639
7257182
6719371
3629749
7582265
5913638
8801365
9550575
5491590
8121393
6988471
4783528
7835603
9980305
8055657
3742101
9597922
3150583
4154772
2137729
5545797
5892734
6593877
2501199
4742045
8334047
7168757
8976197
2580132
2747447
8183021
8085356
5139558
5187991
8128258
7679534
3412854
1609458
3144093
3873863
9720848
2490988
5947534
4901136
7102938
4736393
8275953
6571055
6160776
1516228
4570064
3019331
1520247
3570562
1909818
9277111
6463473
4358702
6604748
7441381
5367562
5615182
4200542
1258182
6642217
1722494
1429425
5847199
9747778
6019268
2273998
1901686
6492187
2142004
2779034
8854382
8143213
8011813
6095784
5534791
8001229
3427427
8049327
1143657
2956835
3381943
3288637
6794971
7476106
4374405
6070379
3224735
3365528
8031148
4565491
8489145
6755383
3800620
8604334
1157481
6130676
6789771
6587618
1928125
7143176
8823712
3244570
8891258
1807693
1013820
1363112
3511316
3663226
1548141
8935336
7628996
2044721
1901422
5905990
9715754
6644768
2165076
4068483
1288724
1989663
5818362
9982563
2107462
1629872
1971824
5591378
1216290
7169533
4424423
9664495
4292282
8994197
4123217
6822904
8914164
8774681
6110887
8103671
7351126
2139758
2015858
2828869
2410578
7345106
1401062
3504613
9512692
3208707
1596236
6360284
9710914
6416102
5887984
4028535
8479443
5400925
6796699
4652645
5824643
4610228
5427594
9255789
4297054
8277293
3643686
1321026
2181140
6555913
8830165
2515510
6637277
6940777
4348969
7120788
3546741
9715157
6546608
9541786
5858041
4696756
5307005
2264238
9156818
8493253
7919925
6221263
4941122
1118133
7682132
2077614
2597501
8723217
9696937
9984670
7749058
9744621
3831656
3805553
7300866
6262933
1397791
6135757
1458313
3723516
5074395
5227958
2979531
7377546
7232556
7808101
3159617
8547098
1018566
9822656
6945820
9597260
8450314
1954843
7798089
7348672
6815381
1873463
3504159
9380156
2285255
1347385
8194005
4057927
3679726
4826797
9534199
5305486
7498116
6212779
1637570
9128862
9035960
5053635
9005566
8155682
7979545
4809461
4866956
5418574
1224168
9401083
8749713
7704468
6248958
7491986
7161658
2573375
6689763
8143062
1167624
3590438
1716562
9784493
5680558
1867610
3954329
3264766
9731633
3226819
9446941
7328098
9734408
1778823
4613246
8830538
8809173
8171939
4003968
5384315
7856386
7180607
6271962
8088759
5129695
9389260
6472650
2809950
6806235
3255425
8345432
8713212
9333546
3120958
5435626
3375563
5221943
9036887
4273265
6256395
9859538
3633148
6017050
4012936
5813979
6210527
1041976
5511781
6158551
1374736
9751200
1085655
6819027
3922509
9509861
8069548
1460072
5293989
6980629
4218997
5318182
8074894
6135908
7198105
6327908
2643348
5818896
8840547
3339175
2108397
3028629
6424781
1775688
8967730
9147138
2433134
8675923
7711455
6791700
7374170
8708078
5623454
1760298
4568785
4106256
9715712
9371144
7711778
6542858
2423278
8322352
8208008
2480954
5623670
7491006
3470164
6367174
9127513
8403036
6772100
7826989
5149596
6155118
1954717
7918805
8499788
7467654
5397844
2623905
9018206
6950035
4421442
3468465
1764447
4566765
4130088
9645239
1544001
7833460
5478704
8760175
5316183
6675259
9673871
8580959
6782066
4852911
8729207
2020912
3371324
3653693
3705032
5672451
4364364
4206795
3052920
4384944
3870746
6539493
4354226
1698147
1850269
9384428
8210029
2100904
4317874
7865090
3009958
5029633
8376279
9950753
3322512
2385550
4411568
3983701
1383553
7411165
3342977
1740639
3127976
9743098
8776621
2263659
8048389
8375880
3716630
8205253
2184041
2621336
8248372
5081536
2927519
9906130
2072947
9499463
2559523
3855155
9331559
5281208
2318633
5657887
2396571
7788798
1219312
6273918
1213266
8045014
5048336
3499332
6311420
7753501
2376680
6343348
8341516
4786016
2850300
8934084
5610513
5023451
5836887
5662855
6936563
1510574
7611277
8297591
5835736
2784254
6075211
2098458
1454135
4597040
3810130
4361239
2236019
3257740
2938377
9936857
4521308
6359520
8718274
8111940
1683530
8732945
4981687
2516686
5131626
9006522
4101205
9318199
6673949
7845718
9058729
6963316
1071791
5938152
5312594
3351289
6204180
1503279
5621775
2319621
5933665
5063954
8643777
9782187
9511121
6046018
5269211
6239582
6504302
3115216
4384736
5244797
5359099
2133485
5164525
4542544
6810534
4634153
3899320
6765081
6975995
9167142
4617000
7794103
2852958
5101262
6341879
7354311
6227480
5768850
1319125
1357164
3849253
2853997
1387982
1991249
4286261
8923441
3493941
3398253
3930521
9434089
9678938
9404967
9766199
1955462
5478185
8590226
8105329
9008566
1515941
7485682
8572594
1725714
8073828
2853312
4312778
2502111
5650084
9028931
6399955
2698344
6616566
4708712
6345740
6536738
3249160
5332203
1304941
5200648
7451161
2515598
6398508
2596568
8872335
3598002
6006863
8208823
2963821
3179444
6112066
7230168
4324907
6958139
7201042
5407723
8778733
5883911
5851394
1734356
3063240
7900516
1433509
6726505
5680097
1453063
3934933
9375656
8076808
6654384
3598251
8964344
1237621
2816825
4805079
8345536
7646465
7034782
2631170
7514341
5220279
9485087
3992841
6493817
9648371
8863682
9350756
7804056
5340699
3052508
7932223
9621868
4116621
3163689
5024935
1133140
1239648
4559658
9959144
1100216
1126502
7004384
6576934
1921601
6972002
5340246
3182251
3816855
1552942
5729676
6178624
2506627
1799800
8269913
7737182
8757814
4446029
2920264
8186039
4661434
9159637
4881655
1619415
1915736
3681649
6048332
3781912
3205657
7509305
6347346
9061190
9829098
3294058
3470819
4396087
3781554
5569680
7087814
8858311
3074838
7086159
3362074
9399546
7664351
9118855
3642556
8170426
8838449
1550657
3281166
6326779
5194944
7123388
8473240
4273628
3528031
3806453
3291348
6295936
3542530
9498621
8487845
7248622
3379661
9652676
8340561
9437157
6801939
2427726
3338423
3296747
2183012
2848820
6421930
5725143
9475321
3544542
8373358
2252340
7016458
8736039
2907154
9905752
4467435
1680184
7357328
5390718
6068970
7947313
5597433
8143928
4826596
3774076
7077053
7127960
9726249
5376028
3175274
5521480
7853790
9273838
7796306
7721320
2527121
4615173
4363914
4341511
3509642
7004955
9580769
1470733
1498025
5884806
7725022
6436087
3856194
3534257
2875925
7529579
6070289
3433980
1636539
2349623
7511530
2089774
2260736
3370765
4542191
5818169
6038414
5457745
6280040
4557942
3750408
8029292
5258127
7801546
5379260
3342563
9644018
5452280
6737643
5913611
3421548
7818135
6863584
1718799
9512734
8645463
9029841
2083845
9231171
2766056
7890410
6616181
1366530
9828587
8837840
4251027
2195959
3506164
7426925
9964526
8812924
6750359
7606775
3875666
3688667
3463042
3397454
5345402
3305984
7095467
6971246
7269256
1849182
3698978
9490450
6232489
6901239
2302353
6403130
1044116
5943248
4323451
6271815
5632811
4239468
5557474
7727948
8335549
7444312
5536621
9642775
8515754
4183736
2652873
4662865
5820407
5752368
6602846
8618546
7109412
1460909
3933093
2459713
2057684
6774989
8628135
5509483
1674180
8565188
8511409
5467186
9467726
4294137
8889086
6730008
6071144
8754745
2405397
2970284
3329560
4514691
5485228
7190492
7029474
4442140
7783428
3566308
5951989
3155300
7016686
6441535
8915937
7157528
3454197
4568124
5630413
3116249
5120950
8328570
4419944
6057662
1074037
1815807
5776821
1763134
8422497
2651806
9282164
6079361
7293706
4423480
1999334
4789447
4031753
7078861
2643088
6949633
5455895
4084842
4725387
2225287
3523834
4306517
9723834
6987338
1474213
7250663
8171165
3258228
9791543
1555625
1596277
4776572
6045342
9159203
9692209
1528518
4988460
7226049
8836207
7229915
8627449
8133808
2713110
9581989
3263203
5587152
1941883
1607311
2772843
9106146
7661081
2218066
4505642
8854076
3708686
4088275
7529035
7578922
3696931
7442867
9199113
9071351
7780260
8668663
9810587
8025757
4303968
4227786
6058366
7080066
8283498
6998072
1841604
3964948
8136864
1130101
2678435
9196198
7258035
4402565
3558001
1871235
2648984
7854589
7524237
9995820
8263590
9138266
4715488
3974669
5591208
5138633
9778405
2491940
1764860
3219510
6471734
7903188
9528684
1125114
7047385
1644975
7087844
5720095
3694306
3436452
6836845
6139318
5410849
3121624
8074769
4324155
6965023
5276607
1638815
6244559
6779828
5612381
3227601
5666143
3384788
1752544
4534227
6514363
2598475
5168144
4019629
3231290
4158901
3560930
2584908
3950661
8709227
6782458
5465478
9044081
2897922
1118816
9140732
6938392
3005157
5387540
1622732
5982675
5169029
3032325
2182263
3965825
5878399
1854415
2425591
3976035
8680615
2576595
2805420
9132188
2909459
8725203
1538544
9046011
7558905
2421518
4358465
9590803
6739917
3631914
7849678
4465957
4724677
6769640
3513781
6085525
8877383
1681316
6118692
3224546
8299765
1507933
7128750
8985522
9836782
7075370
8128552
9683902
2236576
8997742
1517796
9479378
7597964
7986686
9457628
5320512
5615490
3797896
9731914
7396365
7705790
6062534
1582150
5721020
8470027
3502700
4482681
5301362
4620558
3731415
6921002
1514259
2113973
9653543
9461438
8968699
6775817
5666950
2057597
6181071
7474209
3687617
8150257
6738493
2424520
2047111
9663329
1023698
3761328
5048416
8718015
4345619
1815496
6451536
5529182
7394326
6455588
3243413
5944623
8465770
5697331
2234253
9912901
2323668
4788254
6079211
6997527
3042852
8526655
6219883
3148957
8476935
8380208
2134189
5711517
2558238
2093357
9741327
4492680
6433376
8524251
4494070
9168336
7645356
4221225
1374927
2233949
7845602
2487671
5114601
8322303
9155363
2516359
2156037
6651749
6205229
1597440
8744633
5079879
5958996
4257066
2367154
4320984
5817485
7888966
1251832
5344024
3675301
1180556
4867438
9266600
1840347
9384554
8504027
7993878
1664745
6179715
5216971
7455978
7282873
8470750
4283961
1945154
3873669
2588143
6436537
6681491
9486159
1834523
4961913
1724168
1702291
7081520
9405073
5941919
1300546
2032570
7301868
9259425
2593585
8901277
5497805
3982361
1914082
5149695
4333557
8240680
2930473
7353780
9561188
7170920
1385226
2260991
9340366
4669343
3821201
5835198
3975240
4994726
6343346
4749423
4161028
8940265
3112650
9748874
5973905
2828049
1796238
4562270
3132951
9262176
1207211
1880919
1440578
7859124
5800814
2115056
8590109
9486983
1435677
5583013
1727658
6035308
1753886
3505723
3695326
6949774
9357919
1352115
7487194
1031174
9727973
6453987
3664128
3174083
7797201
2883759
7376011
9013622
6259584
8256472
7785683
5225397
2111978
4381500
5471703
6327863
1489446
1602949
8537003
2906065
2098941
2814085
4540949
5226496
6924372
3414970
5180995
5377392
6537998
8339029
2883703
4216371
6672825
8009761
2142006
7866965
3989751
6054121
5189702
3511935
5183673
2217050
4811534
3621785
5287439
6612810
8174610
6034749
9519875
7490152
5792272
5813640
5232832
4932214
9095189
9830028
8584805
2681683
1441932
6307803
2811830
7172925
5812863
8652046
4448981
7043215
6620863
4593295
4615093
8166678
1724617
8019938
5609120
8269802
6490154
4753699
2184826
6117954
5030525
8845763
1504669
5148064
8555514
1278228
4613598
5930158
5920994
3151726
5430136
8027744
3784336
4224426
5089257
9636259
1656259
1964974
7713658
5202982
3545001
1763425
7533466
7833767
5030654
6217402
9657214
5027921
3383062
5758539
1178122
9616812
2094695
4072011
2837155
1966548
9680275
3742547
6177240
3745990
2584772
4479376
5702918
6965959
2328585
7683642
5981100
4385639
2609801
1919588
4897367
9390621
2413670
4847212
6525327
7777196
7658964
1464284
7223770
6365830
8704418
3372210
7805455
6237880
6622624
9242484
9454566
5129397
5609738
3013055
1555670
1415862
4622956
8779041
7719535
5493065
3618158
5834573
8717634
4484377
6759354
7270438
7440757
2303390
1609757
8686247
5304348
3892157
8664259
9872362
9282973
9482347
2792094
4162047
1064706
4981893
5375840
3099294
4139661
9078563
9206262
6194479
6077551
7158934
5843000
4542978
5347434
6941494
6549943
5893842
3761577
8406168
8768879
7521895
1936772
3661239
3171789
6183859
5510416
8716082
8073970
1234763
2588070
3763982
6100762
6529194
5348739
4790436
1847198
4069370
7683337
2044462
9381777
2990284
9925996
7829981
1253385
2630490
5528664
3123070
4601772
1213809
3739865
1261485
1503822
7319284
6680955
2904513
9726704
9075878
9246868
6424018
7412627
7326808
5971142
1454176
2438342
3936995
7745097
2945638
5273508
9326063
5728017
5514669
5704458
3936669
7052565
1691252
9366848
5427305
2447872
6881080
9678581
6906571
3434187
1570344
9561889
9064215
8351915
2336020
7479309
2466642
7474487
3831023
4945709
2603095
2808405
3292297
5965322
3216299
1039005
9671400
3154137
4494077
9920030
2770690
6862049
1401802
2802033
1650612
7734683
9534735
8672539
7078973
7733714
7987727
7093375
3726073
9047342
4605183
4870859
1982192
1600124
2987687
7152042
1699231
2672257
3274651
1787834
5501873
7498134
6033690
7406975
7063245
7196710
7414237
7756000
9347187
5896006
4352124
2679160
6249235
9571140
4463981
7011441
3601662
3141156
5769382
9125780
8296080
3570935
9006108
5005364
4120229
8768469
3174588
1633516
7123554
4098101
2459081
3139542
6865663
6435850
1882254
2485430
5160932
6142641
2605950
5508382
2805057
5965889
3590577
7650387
5440305
5135098
9477362
9119257
3132680
3863297
4931070
8634667
2487780
5706746
3778191
9068301
1591418
9856912
5093121
4965574
7911986
6230794
1028651
5410240
5961285
3834182
9323585
4078242
2108068
6936371
3340280
8759465
2495819
1349666
9978076
1076370
6583856
9185852
4288014
7430427
2606798
8513706
8450905
8116051
2917671
2301041
7186055
6914375
5260048
4551357
8173334
4891631
6207062
5044448
5304208
7686401
8083353
7567251
4053242
3679036
1690038
1027828
8571412
4175672
2259227
9448713
9749266
5549748
6910926
5682796
1826498
8222296
4215943
9525055
8669198
6530629
9841327
4941715
6406444
1480426
8477799
6733116
1681011
7781784
8099397
1021200
6053720
4136936
6857876
7928815
6528289
9945116
9634306
7366037
9233113
2426188
4264656
9783046
2199301
8053610
7829404
2857809
3465725
4248504
2479202
8987425
4997230
3534312
1619565
7409848
6597918
1479053
5156047
9794677
3479673
8233113
4547616
2376440
3028276
4472750
9393557
8031044
4875759
3228001
4771880
3642436
9711807
9033100
1399945
8225089
5455836
2500259
5156723
5446563
1565727
9411290
1870360
9569070
1442320
4638765
5859584
7530848
7367230
9932760
7695328
8087400
3959344
1240609
6687191
9830353
1428619
8182883
5597262
6876744
2751955
8039196
3879312
8045099
5604735
6292793
6342631
2767674
7782495
4497912
1043856
9618986
4399889
3857495
7956897
7369120
4843756
9891796
5969826
3095611
4309179
3946349
8824873
9779054
7418782
7026785
5528138
9837380
7902773
4833974
5628781
4581133
4411918
6356884
9837233
3969816
5961792
5811482
5566874
8055738
2203175
2582841
2355094
2347798
8526482
9040486
3258453
1531342
5640563
4661964
5837809
3168825
1695454
2864985
3758843
5926045
5216949
2207600
5484248
4591752
3081490
2306191
6669372
4388297
2712190
8545466
5933285
9614637
1046994
3741520
9031833
6019391
1647971
4217925
1826267
8579207
5420362
4266304
6390364
6621679
7339268
4083046
9919366
8013970
5548398
1181135
4201326
1937191
3776380
3559695
7380395
1019956
9814035
5025840
4698449
2889502
5806517
1439326
4400722
4842936
8874709
4083787
5258526
8315923
3569019
2259100
6370289
1994749
1230042
3845749
9689357
4025485
5041903
2919265
7615105
1399246
1805171
9098628
7953106
2107946
3122812
3321693
5913993
7322274
3628096
5958286
5946588
9330419
8748683
7262295
7036808
2327043
5837658
2845530
5021967
3877492
8794656
4332680
1233846
8775449
1398616
5401756
2516625
7551447
8917700
2391294
9501482
6133414
9385589
1199363
7534591
9316176
8880179
2662435
9953307
4899473
3036479
1153268
2205063
9009592
1123670
2701653
1122889
8476149
1384984
8115062
6121029
9299132
9746489
4147262
2377707
7074353
5508839
8872557
7789057
9821965
7733932
5116020
5721729
8688256
9961285
1844602
8256189
9869151
8735228
6910440
9014073
9190649
9998114
2202280
5219609
7413205
1346504
4606897
6274852
6130630
8107879
6757062
2615352
1293818
3144862
2650593
6632647
7315302
7664044
8504753
4686394
5349311
4625838
6942084
8668621
6342349
9581082
1169905
7223467
9349249
1746668
3857750
4014410
1604617
7689744
7240258
9828817
7079618
9737640
7751275
9285896
3704190
7813192
3483507
1118664
6153397
8308088
3943166
8472828
8659625
3112689
8091776
7405919
8766165
8258394
2340270
9300783
7577990
2812085
6389434
8027618
5300557
9495949
1687314
9979448
6516755
3501770
4716131
4360280
6734599
7378343
9377410
1353998
2278789
2063890
2780508
4501460
1833895
4928518
7059160
5544880
5233208
9623349
7735122
6636231
1825847
9432849
4248881
9987847
3145033
4438588
5802714
7052602
7083499
7470022
4511534
9876625
7342926
6812478
7622963
2168214
3154020
9715076
2580215
1552982
6740411
7097526
8681706
2894326
9868439
6753704
4494269
7599052
9205197
8643488
5853653
7394465
9396317
8242650
1528901
3807525
4764592
1925473
3710572
3474235
7177443
4688807
7674330
9081462
6466323
9140742
4030649
5626067
8771929
8028807
1224050
7128216
1411064
6370074
3298109
8216844
9219333
2834934
3367565
8103600
8408526
4836923
5636532
8951078
6937711
1153518
9205531
1410073
6892337
6182972
4498661
8189564
7950397
2301497
4144533
4074487
6241856
9757554
9555149
8903678
5138782
7198241
4564186
2971075
3418548
6786560
1287324
2178759
9125289
2888305
3264177
8623628
6017621
3316821
8358053
7602294
3560269
7692675
7767187
5155058
1024430
2412971
3861776
4654031
3354241
3756019
8353960
1511843
5058998
3688793
4359561
4656584
5390907
5169584
8249415
6840321
1090151
7002432
8616256
9214975
9786659
6630808
1463841
4599016
7872465
4944239
5601040
3133729
5496944
4220547
9094964
2737594
7857286
5420712
1273467
5883770
8230031
3102269
1125107
1688684
5509709
2332923
4912739
6099482
4551809
8252015
8392210
8670952
4489953
4586720
9796944
6083859
2682667
5674012
2869348
5951955
6318298
2267351
7958454
4655694
8793790
9464061
2761479
1334871
3822417
6073018
1284958
9078846
3305463
5754416
3747989
4077704
2227509
9610064
7231443
6705530
8534630
4287979
9567259
2807049
5186059
1089346
1420957
3033941
8486713
1933684
2618867
8167950
7737616
9274919
3637319
9768895
9691504
6217186
7274260
9921626
8391519
6377138
6759234
6533019
4124641
7889363
5437534
5486216
8275407
2890153
8180730
3971048
6834388
4252894
4974697
7698236
5018595
6280581
1320998
6872907
4685605
8454096
6006621
5447049
3180474
6712359
7854490
9864498
7711959
7335321
8831586
9722602
4469384
1556135
2570647
3802440
3653541
6586982
4569119
4667772
1758969
1755316
4095255
6416518
7067273
8953447
4511413
6503216
2259715
1142586
6712836
6129678
6655792
9045256
8256211
3328844
1268186
3235205
1137424
3592368
2332666
9809138
9793881
6761929
3231292
6355729
2205916
6692727
1678316
1990417
9216640
3548772
9746021
6470964
7463275
5583882
3738887
6262294
2000206
9486471
7452593
1340336
5820838
8658798
2125824
5420909
2290221
4056007
4291320
1019811
5861408
9390993
6314776
5695278
9448858
4310741
8125779
4662993
1160290
8034654
2871988
1077781
9378904
3625392
3585641
3050462
9013342
1810246
6702933
5420596
9730629
4551559
3413663
2521999
9179669
4036507
2246734
8352070
5418986
5216753
3112002
9617952
1411795
9955092
5610851
5115420
9779141
9209719
9031477
8348349
9242384
5222694
3558758
8422457
9214704
8875887
4050471
1960692
5017143
2152408
1703826
7194712
5381913
6778049
5926148
4782559
8639361
2935508
5451891
8684723
2417987
9105612
6491617
7405989
7483537
5776547
1754858
5786444
9932337
5242391
9870202
7270112
1108647
9903247
7349467
3898798
3349280
1608058
2726638
8343493
5131663
2993328
3302320
6257578
8793275
5888125
7976063
2971121
9358545
2212666
5594070
5622821
1991991
4353654
6765805
5598401
1085953
5595396
2869636
5031966
6745503
9834293
1761098
5196711
2654358
7445105
6812594
1280659
7800855
5314481
6164062
2096290
7483253
8205664
1482110
9345795
6806611
9007747
9123146
7079676
1273686
3817237
6885454
9438123
1003142
4306496
2469998
9237556
9769660
4181144
7496435
5232643
6987142
6279041
3864566
6412164
7624630
2080291
1329258
5873864
4813565
2655348
8884454
5563090
4281794
8988463
3579764
7721002
6115800
6136418
7589460
1619801
8167775
6192941
5651405
2005821
1015874
6642601
4644421
8737406
9166873
8095687
4533910
8141562
9586279
4050330
8308028
5121142
9538943
3224991
8638525
1580277
5492067
9633091
1679248
8303325
9812838
6726772
9281490
4090039
4650707
6452956
4872557
3782494
6066709
2799194
6341618
4259380
5745529
6987675
3296016
1499328
8453872
6920153
6459357
2575619
8934314
5028329
9188701
1505437
2763304
1157315
4899794
4138195
4943697
8191989
6308435
4557011
4141696
2435264
3629440
4915555
4497339
6001255
1507781
9977573
3376447
1664572
2522500
4271998
3146435
4836268
9475057
9907977
5350307
4959061
5643480
6414143
9814934
3963126
5408290
1965658
6677090
4111536
4318641
6650721
1893238
5680867
3571799
5316285
4644816
1547307
7086638
6493092
2905993
9009220
2927732
4827742
8747782
5762810
1346565
3642614
7258369
2092013
9429302
3792970
8121656
7382860
7107391
4905733
5475972
9249745
8537057
9580068
2502044
9879389
3297817
2285391
3301227
3790093
6468612
2021402
4241712
1590197
8701980
8024541
8585876
3338834
9138802
7405055
8673338
5933109
4390500
8571897
4656554
1837014
8676305
9202970
7110231
9540694
7694539
9129494
8325779
5220362
1182524
4182819
1702439
3739772
8051180
3275782
2520111
8920115
6736939
2791971
9699725
9581157
3105538
2467219
7179413
8494163
5351407
2767458
1426338
3200597
6276865
9627793
4006736
7486527
2706873
1867297
7972409
2113867
3361618
2997728
1468387
5318392
9687466
3285880
8127914
2300275
9917761
3219669
2598091
6342157
3614098
9267254
3796033
7326340
8354793
8686952
2717012
4620277
4275451
4648247
1592071
2917794
3591628
1674981
1970032
1399280
9742373
9264623
4373166
9805379
3958893
1254013
3400278
2158101
8133219
5615106
7864942
4659884
8349000
9550332
4742046
3736754
7614202
2001869
6386180
1427595
4088863
1306067
9696760
4035330
8128167
1536604
5065192
3459916
9428933
5943342
6069852
6344848
3049663
7323741
1591077
3808926
9452037
1475428
6081682
8995527
9335374
7652009
1848059
4166813
6462674
1763092
2626841
2422756
5449619
5760016
5102774
9434928
4836741
8855092
9540730
7933016
5325273
1833531
4287422
8458410
5077028
4730794
1591516
7193352
2322854
9420794
4915550
2106595
4395432
9837022
7398511
8727023
8381781
6253382
5560936
4735670
6181037
9955700
1312556
4128553
8334510
4064781
4424486
2765043
1709364
9156364
2833673
6681343
4322746
1456219
5776544
3570813
8177106
6932459
4448560
9994992
2297154
3379582
4945059
5475171
2996032
3116578
5400894
7657252
1559847
2330976
7256541
9532761
6324682
9821412
5329950
2454618
8990057
1579910
8072356
8786806
7475770
9634650
4855630
1751633
3312659
5472677
6061479
8476429
2720461
6509265
4711271
4204208
4911723
2543722
5360441
1179366
6582963
6615920
7599175
7729192
4430700
6170359
1272676
1751549
3826913
3122989
6597000
5177430
8871934
4254195
4917257
9427775
2255177
4544527
2045248
7327748
2686266
5462264
2517210
9878186
8051566
1788803
7454849
8149824
1138281
5168253
6386835
2042588
4529299
3774305
9899913
7527825
8521564
6349987
6256738
4375961
4975603
5218926
8268433
8711087
2403139
4420850
1536893
4871440
1520208
1511233
2076696
3929866
6108921
1925532
9066554
1505940
2169534
1162705
1603479
5102671
4925804
4959031
7021511
6376637
7942678
2099260
8900348
7347753
6633383
9588901
1167730
2644318
9948334
3532991
3118890
4881459
8817162
2690677
4122799
3862447
4630590
3919050
7244357
5021937
9515695
8107313
3170391
6877010
8194115
5623339
3319025
2904126
8181060
3140800
9346269
6286312
2668222
3459049
5129242
5286117
5533894
8359796
9206713
9053404
2040564
9857152
8386762
5152427
1010514
3363363
1408576
7864908
3066997
4823994
2773296
2171530
6042219
4705864
4606736
8003646
6295007
4458810
5154638
2641413
3092074
9846193
9521814
1666502
3283386
9793208
6811728
6150304
5493087
6350953
9957354
2892394
5131155
8048882
4473354
2858255
4917499
8181181
6677727
8132097
9890740
1040583
1351561
2660452
5561383
9094792
6694134
4449718
3367472
1859956
3123847
4203764
9577892
3430425
4945610
4902327
2179034
8331706
2562001
7388849
8289747
8160306
5780379
4240698
2758613
8562388
1475722
2049215
5210908
8104826
4752749
7484213
7057003
6289539
4593415
4102593
5216866
8402826
2834032
9273099
2050256
8547124
9172931
2956027
4060355
6227601
9868024
4936603
4333974
7209550
4230395
3088759
4898683
6909377
8579884
1433346
2272849
5686151
3184369
7108891
9530863
7078810
7536578
5456383
3172378
8586389
3276035
5290151
6888068
5207276
8201407
7089052
2713438
1610391
6867619
3374522
3934560
4022408
1616721
6434538
6912350
8860484
3519998
3979892
8335957
3398574
3569263
9064835
1217414
4773617
9016015
3826178
9788203
1724765
9478141
6142664
4125401
7781326
8872884
9657639
1192485
9298881
8285602
6235539
9771042
5199575
3777622
4336184
1862625
6047958
4758964
9618036
5133018
8084221
8900811
1963414
5584195
2643656
8511041
3515821
9953502
8543740
4850830
2709518
2632328
1652748
1338734
8895808
7763176
9088349
8245339
1809345
2481101
4918958
1652026
2142910
9528964
7067763
2630333
3129494
9708696
4517179
1710082
1506696
3635170
2208744
1471586
4818269
3366971
2339503
9245045
1963656
8193480
1011440
3031195
9060661
2446126
8686094
2420790
9091495
5983519
8019658
1491223
3460637
5610156
1753949
2647687
9962518
8641739
3797012
2545360
6915476
7609707
9328656
6664538
6601743
7642174
2465006
4254522
3727947
7904495
5471883
3387928
8304620
9073356
6097139
9759481
2663671
3583814
8562332
2572501
9898332
9335886
5455726
4098113
4497427
7171450
1243645
6158424
6638571
5420081
5806345
9876062
2029466
1436084
3129788
8427325
7199633
3730574
8614461
8970036
3513551
2926622
4166381
9633485
3531920
9775242
4482535
5466966
5406158
9434326
1535572
3489194
3973320
2725838
9340991
4249033
7215170
7260040
1277262
5920678
9372741
9764341
2877826
5597943
8215343
7565578
9248399
1280803
9852750
4900019
9784071
8266759
3178192
5129839
5769771
3223034
1586925
2677730
6982292
3512682
2585273
9359391
4309280
7108494
2530692
8409645
8985400
5825686
8784403
3942236
6423296
9215184
8923396
3454512
3323487
2685029
4321069
7109893
4996666
1352931
3672405
6967331
4702763
7488004
2593527
3479356
8375112
5940263
1975467
5970980
6476040
3648110
2672015
2455761
4501576
5981160
3043070
5065916
7230398
3098529
5779206
9784911
2232436
4561047
7539063
9092992
4592097
7740021
6371610
4146060
3598348
9848198
6491536
6867208
3393970
3602834
7038292
8379636
6761417
1649925
1992538
8966865
3677685
6860946
7475625
5553213
7015162
1436017
7006542
1423972
9821635
9804697
3184435
6858426
5705954
2631970
7492431
3237054
8427927
4058842
6029551
9263369
2566861
1219763
8701845
3193520
8249859
4345994
9665535
8802471
3151752
3222908
7655290
2866591
4665634
2522333
9514959
3526313
4898400
1113185
1173126
6867235
5028566
1070311
8623562
9205699
9361008
6337722
4614652
9961682
8941754
7862626
2904484
1081131
2323206
7528779
1718893
8120781
2725102
5773444
7338079
9390141
6752300
6915859
1538106
7989847
5815496
7939631
2413881
6676119
4719466
6427919
8623460
1131771
3259847
3490706
9360298
5136372
8329344
6671134
9226806
8297661
1077320
8074957
5170545
1890682
9741038
8846301
2214472
4176909
9877108
7246127
2489829
3590182
6756670
7455331
9011995
9472122
7103918
8878186
4741334
2581245
4189422
3412308
6388418
7841587
1219103
2582899
3835204
2931179
7793593
4168175
1438365
8324021
5612107
1004404
2948253
2017383
7677365
6094218
2886765
2314930
6827020
9676436
1030466
9051458
8501285
3420939
3161198
3409150
4106748
3501251
3168808
4320029
2541222
1570271
7595566
2973562
9979765
4027889
6360384
5375578
8080740
7677109
6619032
9546900
5617867
3197215
6767833
9527616
8971780
8200945
4988654
8069579
6828486
2510210
7209516
1155321
7840689
8928596
8404344
5410237
4232106
6662605
6543869
4174902
7686169
2558025
1326328
8853218
4908697
9433125
7655486
1987048
4038423
6590799
6930137
6516304
5837086
5589389
6793125
8218022
1374530
2940803
4265945
9561696
1435658
2821506
8682283
1328148
3080082
3412349
9876228
2275629
4952849
2147934
1587862
7694015
5521688
5735689
1756898
5699482
3742036
5871271
6081238
8791860
7660869
6379710
3785006
1977187
2008222
9043839
4068513
8396033
2623983
7866408
9718143
5334296
6262121
9609595
9281617
7194337
6203713
6848079
3273409
6386448
6107800
4434910
8194675
9704546
1854786
3615912
3245554
3614922
4048653
8807974
8404607
3548312
9458419
5524369
2394056
1489139
8769003
8353228
1574925
7333874
9437091
6609975
7673144
5285269
3061034
8338198
8479676
4880313
2945021
5523730
1315766
8017989
4832824
5163654
5902043
8693230
4780663
9412709
4017346
8751282
3227924
7399795
7033715
7985723
9855539
7353137
9219238
2269858
7825123
3541669
8633368
6571255
4681695
8810321
1180075
8894910
1417990
4864555
8386702
3250525
9723263
1039845
4210180
3791419
8632216
5136270
2886480
3956291
6772799
6495161
4784712
8221178
1510194
3736045
7553920
3102669
4796812
1505973
2750826
4348751
4943552
7256953
6044860
8856682
9274522
5726557
3846690
9527923
4442083
2506513
9756477
3672211
6705349
6770801
3262691
2453084
6843312
7383309
7730808
4525745
2821867
6472716
6747485
3416634
3730309
2602485
2418127
5403750
6136942
3861438
2034626
7414098
9028689
8074161
2174263
8740913
9514117
3850164
5534435
3210653
4919915
6978976
7747561
6251101
7970777
9173805
7959035
2866199
4632416
8098772
2657628
4632632
9368354
6031117
3432728
9152314
5015624
7405090
8726856
6593126
7948986
3685156
2838536
4507819
5511511
9034981
1105986
9437502
5446446
9065454
1902223
5782850
6393590
8454761
2161596
6826481
7815163
3784898
3118339
3246388
4999105
9095642
4301156
7782248
9300637
9404245
7856435
5830290
5396456
1320285
8747866
5647445
9520887
7249350
3492682
5556474
6193425
3338156
2020981
1973023
7336295
2722802
3093358
4203907
7543410
1039132
7741533
7509897
7055009
3611719
7577197
1465683
8778154
6727584
7701847
6750682
4490210
3902507
1596988
6737043
6665399
3613478
3627767
9278148
9891941
2137541
6811352
1840799
8473111
2880342
5279511
9340078
2128336
6788952
5043608
6322088
1346721
4229872
4798099
7612148
6883173
1813741
6666127
1444988
6166611
7665014
8001775
3977276
9489923
5846680
1946005
5281155
2519012
5546988
2917709
1164161
3478565
3476384
5939300
3992170
7048449
6949645
4882386
8496754
5517895
5008481
2248597
6338370
7145835
8983910
1126871
4720594
9778630
9792036
1271042
2062151
3126493
7351027
2289250
2477935
6834512
1636139
7764955
1991923
3182360
7008655
5345621
6795973
1752293
1243368
3740900
1531835
9750128
8297918
3469492
6675467
7112582
6670029
5156484
4339831
6117030
4190694
5084433
6152083
5365477
8258203
3306318
8480124
6056086
2079935
7293201
5700052
3509063
8752557
7696313
9210980
5245241
7886001
6743279
3323865
8562552
1654044
1638994
6329754
6938499
7604468
7088494
8612121
2272965
7910067
1543286
4534193
4270396
5899583
7280449
7197023
2788929
1004514
7169026
6049268
6116649
5146267
8614796
3134273
7713786
1682974
3112710
3474668
5901193
2926991
6119002
5706067
1275579
5309797
5313348
8914688
3341490
1709277
7428368
9244644
4806658
4871204
3441947
1178350
6907684
2852921
6354126
7414310
3870554
1366003
7054632
5401117
5067707
9240767
4794587
2697576
5631008
3761261
3170937
1368669
8405024
8334116
7121120
6570141
7708040
6512610
8470658
2631411
5286462
7918313
2583937
5777524
4738935
5011807
8906643
4255840
4004455
9489269
1194986
3099632
4884577
2223835
5944294
9128080
8268222
7209394
9714598
2351191
4358410
7103122
7360715
6667606
3078972
1248238
2037111
6883437
1356414
2486300
2067782
9711732
2166278
3157529
4290499
4158969
2539188
3632149
1019174
1030838
8298236
4876635
3792859
9284701
4085268
7769477
8310333
2639206
4913729
9364021
5735236
3792840
1743095
6362327
6353996
3195742
1608855
7498509
3563392
4507261
5468838
2161283
3393807
7506708
7204074
4587557
9462964
7064747
1130623
4279798
5882571
1654695
8125755
8075242
2012122
4506253
3946093
5738526
7954533
4461485
6791197
8947807
6783382
2450802
9082447
9811777
1149588
9665215
6282153
9308994
2803531
9116012
8972799
5079038
6457676
5489729
6225419
5760476
3345789
4681882
1182642
7112689
9856491
5935101
8957316
6776531
8198462
6268512
5386564
2715113
1627606
9242247
4224329
1356825
2731300
8495612
8118275
8193139
4772531
9444336
6685384
1600973
4501104
6581810
1547137
1561878
5057566
1251597
5885456
8459887
3669974
9928191
1048692
1066054
7630054
9498455
2025656
1129390
3495345
8347799
8774384
9292500
1409655
3751763
9204869
5920363
1860262
2830832
9579506
2102515
4502792
7716289
2000806
2989477
2042998
7815566
6018348
1238250
6019581
3968519
7671225
9094533
3728831
4461976
2063878
1855494
8075076
6853797
3465014
2679689
8757081
8485152
2461073
3372247
4868250
9874176
8251761
2431924
4785084
7400581
6874884
9208233
5411965
6553202
6779643
4018451
1216646
9161754
9728281
5056363
4189985
6241878
3671343
9767911
1532215
7441870
2244190
1805673
8926997
3635271
7710367
3201983
4250528
4932636
9248503
5173052
5132117
9622808
6484222
3840461
7601429
7812931
6931345
7192294
7059408
6148075
5104389
9624822
3456328
7003797
1470599
6269560
5441969
5717396
3038625
8047964
3960296
4995458
7590671
7485854
3641720
8593965
4024961
9865574
4572548
7672108
4919971
6221368
3586681
1352618
7855203
7261677
3742738
9482050
8053642
1814994
5334570
4044780
5421742
4975967
5603564
3925447
2715926
8911018
5670423
3004504
2524391
7358853
6764320
6291187
1318550
2847902
1467615
1601607
9038014
2533911
9269390
9191679
5169356
7821326
1868526
6314438
9149624
8500189
7583763
9026594
7833646
7610460
9077898
2674365
1778205
8630477
9904490
3320480
6456167
3324745
1795161
8222970
5713930
6891186
8407544
2930688
5324109
8547977
1675904
1114565
4680478
9462729
3291541
5947020
3215658
8893579
7179699
7107044
4750910
2062596
4604568
7101475
5774117
1732188
4222002
9589286
3288715
8079929
5710250
3243393
2828649
4932580
9994928
9916274
6019800
1696786
8459303
5319923
7255051
7392838
9027044
4244848
9016807
8908677
8464571
7436525
2184230
1597386
7440642
7452548
4641756
7843947
2461993
2562166
2365168
4803740
2426648
2925640
1895478
2040579
3087067
2559776
9721052
1705196
7002628
5517232
4229067
9283462
2127247
6298107
8672432
2432381
5378419
1456870
3404963
2751386
7019358
4584145
7957311
7404601
1897721
4420774
6335058
7971041
3218725
6002393
9310030
1064738
6906533
4706161
3910673
2090666
3202710
8331942
9236641
5385096
3275860
7042140
6885995
9861701
9795798
5212479
8654661
6793263
8536804
9333456
2804874
8566937
4059559
2593855
2093029
9404376
3055537
4739418
2247217
5197591
4043462
4051909
1992055
1299174
3132585
2845226
3941513
4269110
7631027
7127228
2159871
2566385
3365922
1858094
9204351
6030208
8255462
5443073
5194265
5916276
7869440
6580303
1009738
8859857
4402678
4166889
4601329
2155768
3675314
7489816
9090136
6739525
3816746
9775491
2547948
8836873
4834588
4069620
5198416
2081816
8589874
6251296
2258246
3846998
5776500
9989903
8697175
4086670
9636053
7810640
3499892
3016507
2001496
1251049
9643189
8828427
7199227
7744502
1009041
8066361
8308971
3335713
8175223
4971522
7753898
9046937
2025300
9315258
6066326
9530069
1254533
8654904
5238187
5280531
2748158
4442704
9572747
8811013
2940475
4252456
1776164
9166028
7530079
8391181
8116298
4292440
9929434
8066607
3546797
7966742
8756888
3624570
8529126
4596491
4879086
6734175
9014317
5166073
5991591
5151282
2838438
9965103
5448288
5811710
2305981
7757342
7830120
3809870
4074743
8285281
1647996
4450917
3156466
5801805
9159945
5879585
2887870
5767626
7155114
8629572
2643062
7048913
9499171
2559716
3404553
4944943
7946374
7259059
3400413
2713745
5928350
2378569
7253565
8229497
7554842
2073480
1998281
2194928
3616763
2253929
7160959
6562900
3823985
9526854
3128409
4578563
4009498
1634072
9240166
2554169
8978372
1500947
2866164
6102344
6109852
3445110
7092725
8172270
2183935
5476967
1813208
3999059
9298528
9266734
7367739
8298362
2572322
7888985
3862960
5912280
9505840
7620145
8199333
3842308
2847426
6953283
5453287
5026223
4617867
6350594
4200065
6727036
7118856
4825107
6231168
6817153
4443706
2172737
5705274
3191542
4998119
5471906
3639967
2606446
1013429
2168298
9564688
7268988
9943896
3096903
4151895
2893112
9273222
1303917
7352727
3214747
1389576
1971435
7297405
1711423
1270762
8035702
4976374
7405067
2127950
6442341
3931842
3312949
4268702
5402108
5915760
7033009
2633552
1565797
6828570
3552289
1970710
4515844
9484532
2356534
1099165
5537435
6690817
1932231
9217365
8238406
4033934
9653935
9489122
4907991
3470147
1403828
7473322
5011781
2870598
1901510
3388543
6352688
5492801
1747668
6873318
6879104
6650206
1315789
9158825
6934848
1278673
2124534
6744449
1749789
2023622
1130104
3143768
1906692
3015229
9018629
7081381
6977675
9684674
8487698
6252792
3627846
9186441
5678894
2641496
3140278
9908865
8806788
8653490
7019869
3923975
6483967
7225764
8125669
8630797
5076180
8709498
3522410
4755476
6883916
6897009
5924917
6637472
5044138
1708313
5364770
6303714
1417162
4056735
9311853
4767059
6629731
9150051
4313113
2303062
4542870
5943126
7832009
7672302
1672431
9739152
7530819
7569834
1151292
4973296
5971346
4831878
3940349
1559172
3593587
7973258
4588659
3202171
9569771
6270984
6676556
7025913
5768447
4600865
4360638
3551010
6346363
7076200
3181210
1718330
4150887
9316259
7509490
2762171
1573856
1772431
1331143
8294623
1743459
2180395
1351885
5517288
8096512
4021255
8884872
2043414
7946932
7515077
9271011
2350841
6828567
2890063
1417078
6159414
3131249
7364658
4816193
1422910
4264534
2818603
7298646
3557333
7482409
8897897
4363516
6163943
8396529
9303698
5040034
8797273
1600389
8686754
3188472
5240775
7421374
9456896
9539733
8794528
6007677
6068067
1164780
8314506
4157818
9793004
1851672
4542403
3632384
5225541
5792683
7276492
2794222
8832930
4017961
4402732
9580439
6821382
5854267
9962643
2876108
6920016
6638321
4328438
9510960
7117782
6269343
9671370
3714741
1489931
2121324
6348323
5126342
3034908
5772262
5217310
5252100
8460265
3611106
7133965
7910045
8921809
6496292
5401699
6976650
8680310
5036482
3054472
3646184
9578434
2704550
2118590
5671202
6537689
4622164
3569420
1345669
5219433
9938273
8089810
2287484
2886718
6734373
2536342
6352821
9452826
6870778
4929214
4192124
5233996
8752397
2796694
7532871
6363304
3640692
9302827
2393107
5177799
4098177
5609464
1574301
8991551
8441199
7880921
4443323
2089949
7070595
6494797
2601299
2071433
6276597
1991720
6995076
3048242
3835856
8023633
3660765
3466892
1667206
2770369
3298899
9409814
7683895
8924381
3459719
2871944
8905811
8163061
6175016
1699844
9372423
3066357
3421661
8060539
9023837
5407962
3473510
6536724
7952055
7679417
6006315
4697359
7330141
3552308
9775821
8328719
4767549
1072213
4956804
8932649
8641915
6741207
5739033
1613191
7394594
9277091
3883893
4868658
9778674
3455400
9528562
7878127
8608234
6721301
1171121
3193056
4684880
3076859
8049939
3862637
5820390
5069558
1143093
2225027
9956288
3701436
8572622
1868989
5459940
4780369
1302482
5043794
8010298
1362585
7224733
6187367
5767660
1678390
7388680
5492454
4643255
4795036
8205832
8370718
3449035
5703955
3736448
6439996
8391696
7246644
7539084
8843705
6648090
4136006
4133296
3726637
8675910
8046322
8175679
2606124
1493157
1842589
2995329
6933263
3262769
9832478
4244503
8805206
4570439
8320816
2253817
6214651
3229324
2014210
3502211
7623618
2884890
6508708
8491163
1716103
3081749
2958467
8087014
7744176
5462281
2255584
3416268
8378628
1813671
3642765
4691098
7965355
6039201
2251170
6187086
1611072
6083074
6800446
2365984
4626499
9921841
6690409
4688487
2450115
6927439
3697584
6795914
7573059
8027272
2927922
5974001
4889899
8497759
4004298
8684404
3387154
9942733
9098549
4432034
6068522
7669259
2066222
6231740
9929308
3153478
5135607
7030948
6261012
2667139
6897938
8237880
6834735
2294260
7645943
9059859
1488020
7401418
1339641
6235294
4717129
7877523
7121460
1111611
7926750
9279934
8855064
8331220
9085975
6654157
7402196
1548138
9253917
9736154
5805268
2986608
3737605
9241573
6917596
7299088
9172725
6710222
9204521
2746958
3404562
8049190
7873932
3199549
9024319
9820867
9189514
3055463
9805379
5786932
8314458
7063393
1508034
9411042
7431742
6876566
7942902
8984368
3271021
9758035
3331654
7088788
3564831
7461763
3655263
9601943
8390177
5004365
8574625
6874601
2016347
8397355
6570860
1664537
6125392
9100620
6163580
9087884
7943693
4263436
1615826
1691892
6561021
4917730
5881973
6542875
8638427
3943611
7855360
5739592
3177560
3052934
4879421
8460458
8494191
5472872
3970457
4649683
5409287
1543849
2341441
4865046
2078760
2470038
7355133
1437612
7521609
8913656
1647611
3074124
5976017
1947294
9945110
1951970
4054988
3387383
1239032
5359714
1361871
2468355
9438237
1544228
1583782
4047954
8809985
6396178
9268285
4611429
8994829
1615064
4663669
3245364
6447445
8586652
2886617
8556040
7039580
4623599
3479537
6024619
1093067
1158267
4417982
4739180
4853567
6278373
7514935
5183167
9180058
8750397
8403410
3930629
7405277
2910012
8393462
3823968
1210356
8105757
6469632
5782762
6063177
3389000
5207268
8134647
5814988
4678003
4847501
7024992
7926099
6759090
5780936
1207986
3062382
3753713
2609669
3583839
8953461
9200951
5261710
5411043
1946141
5644789
6546501
8658866
2418760
2469160
5272809
1620528
1344156
3138260
2131872
2200265
9537230
9515274
8626530
4929650
3768968
2820939
7586509
6859360
1112976
2036621
1043532
3167688
1984298
1174958
8809045
1966382
9119288
7438959
8982898
3333955
1880215
8168243
3022255
6452561
6471285
9973456
7252069
7373937
2813018
2175541
9035302
5163463
7032180
3815846
1408177
5976308
2511055
2124628
1478696
2051205
8950732
2766064
6946559
1536330
2701640
9074218
3256662
2689450
2477631
1296293
1894283
9446830
7038761
1954669
8816065
4264579
9043222
5527396
9964460
9947411
5695654
6241714
8647033
5973951
3725611
1539083
3336129
7849774
9882770
7742190
6580166
8136425
4814278
6381467
6305216
4410043
6691007
3775269
1943729
8096051
3717307
9428025
9348455
4637508
6347035
1675237
9592050
2286847
9638329
8122348
7336934
7367920
4640319
8791682
8415065
3015614
5278803
8822459
1794808
2053879
9129177
9563841
9395679
3268212
1105456
6898519
1697744
8044633
3612545
7636143
1006805
3611024
1014828
2380099
7761440
2492350
7377373
2666370
9693610
4789126
3088527
5103089
7666713
7350109
9238351
6785372
6234519
8984247
9916195
7849157
3231912
4484440
9676115
8674285
1180348
6069429
3016568
7756314
1602046
2088588
5455244
4753128
2100802
5434810
9336866
6047099
3148533
5753860
6871191
6535587
1984569
6823776
2176199
5932497
2080991
4779381
7491092
4688970
4217866
5586936
4352924
6458698
2695569
5734952
2051506
7204483
7102172
3549933
1225543
1443357
2795370
9420149
8923873
8423305
6793289
6844912
9675253
6214017
5358534
5629061
4909144
2163826
4008568
5282220
2248891
8428933
4770928
3765277
8502735
9699451
5692002
4907833
6320822
2380776
1833713
6858432
4958580
5247953
7083967
3954715
9974309
7872025
2420860
3849772
2826512
6981544
2639649
4898435
7279516
4015021
8535212
1720658
6819505
2397886
5526902
3839019
3903841
1828326
8529490
7043632
1551248
5986279
1666104
1276995
4118113
1924496
8126482
6305040
2741346
3173704
3488742
8380600
5757418
3538100
1919701
9575824
9683017
7732206
6403922
6964546
1188112
5708383
7726838
5322802
5730554
7821287
3745987
3478028
5302451
9422546
8517079
2046420
2326679
9525478
4131771
8333006
7529485
7524370
2118515
4684455
5152892
4550073
6135552
8469476
2096118
6593776
3097812
9493194
8814860
9250212
9072269
2258550
9466961
5901320
4276421
3426166
8480419
8523341
6626056
5726168
6323583
6153875
3421134
7902369
3387851
7957864
5064955
2566049
2128553
2499246
8184957
8601270
7584082
7448346
9056341
3404366
2765584
1238883
3597385
6965449
7787520
5313200
8308433
6468510
1201839
2857150
7360471
5186566
7014004
5560152
1273764
4192494
8407725
4549695
9297296
4899425
3470670
1961205
3121728
7471909
7749558
6753685
1836151
7520060
7067396
2445373
7266710
8912591
4870689
8864663
8889277
8205374
1506023
4968908
7759046
4433395
3738290
4424370
3523470
4680569
9989756
1027312
2077887
6261359
2018599
5562568
3802708
4253441
2951814
9954365
2173283
1855433
3015508
8615885
8883249
6139618
3810553
1621561
7462074
3338534
2466465
3447227
5509919
6198201
9051007
5000023
7290092
8699237
7443945
5338349
8836170
1685423
7627741
2221205
8574249
3395482
5877315
5729693
6120018
5875795
3846812
6319928
7309163
9607838
9574267
4460920
1197836
8544183
2126586
5022501
1324505
2730716
1937640
1316630
3362175
8784145
8374585
1928792
2445212
5960131
4245438
6920397
3276289
5368361
8097493
2708240
5053867
1603416
2726451
2170214
1107378
7606543
1811968
5712270
8064801
1159635
4562931
2320268
5553766
2288980
9269375
1202651
1211891
2056720
7155334
9454034
4416950
4266870
8604252
9008257
5287629
7153774
9793559
2913700
1115053
5899831
8744397
2258847
3250340
8436777
2103973
2427075
4378141
5446189
3911129
4525328
8959748
5719705
9211988
2116819
5256401
7083913
9369576
3680186
3235545
4987963
8552666
8661774
4006347
9878489
6507514
9001945
5024688
2525229
7293261
6109081
8456422
9532728
3247148
6911483
3349389
1528780
6798082
4630468
4917930
8859988
5384225
5887756
2194140
1343992
6937853
5815868
5209069
8569101
7960621
1017074
7189362
6044460
1816614
8161058
8997742
8778866
4492417
4402408
5618083
4638857
6979191
9956003
1772626
6293165
8461988
2977861
4516085
4517706
8397601
4794689
6541874
1701876
4575726
2893003
4488001
5862807
2252175
4809583
1685833
6314649
3988557
2972307
6849127
5828292
9123616
1995038
2156480
9055776
6376626
2979990
6475936
1898849
8338695
8023876
4830331
8828702
3652699
6434483
9138924
2660970
8738052
1520906
9666299
7523238
7005649
1679310
7937244
3422991
1388458
5610539
4484261
2581340
6500441
7809133
4438207
7945139
5745809
8858970
4548176
5725748
6613277
7932291
7219415
2187534
4649507
3765211
8766008
4482114
4723146
6834879
6277682
9221285
1919417
1062999
5771575
9575978
9064090
8350404
4158596
4477287
2905206
3083954
8773193
3796710
7256409
8296592
7861626
9083280
3907488
9799518
5069646
7732990
3069890
6270471
7923110
4999000
5682060
5687928
4782562
6294161
6986969
6159831
3214328
5543194
7363305
9030184
3936270
3495375
3090920
3745572
1215209
9027968
8083546
5676987
8320670
1845209
5119373
2938748
9309992
5244060
2391111
9217755
1214746
1715925
6015225
6432178
8410431
5606238
3764250
