1000
4393429
8251576
8126460
8977908
2112915
7693882
3505322
8327480
3865223
6381852
6739432
2719726
9970451
4981965
3159116
1869997
6663396
3351817
4746930
8919264
2893465
5831078
1065904
4844898
9089106
6934461
2762884
1704264
4171155
2376635
9231978
8583663
8984817
5529448
5360907
1409775
7424204
8316990
5520554
9566959
5205687
4564758
5322688
4793602
2309756
9519775
3676603
2146082
6624811
3456431
5379179
1423219
1308556
4644886
7537302
7754194
7569428
6967096
9964013
1850551
6400893
6472251
1024286
1659888
9945121
2595050
1671187
8879472
4661392
5574152
7079219
6978455
3935216
2350832
7060000
4016850
2890686
2211499
1238545
6402333
4318178
2105035
6150529
3313399
8484399
7424887
9532248
4474271
3052731
8567375
7716065
2851454
2484940
2293435
7322260
4429804
1787613
1281086
5603869
6244542
2333520
8051887
9853413
3131303
9177420
7026250
8209639
6771285
3353056
4000420
6751574
5709879
9282089
8619621
5601997
1614470
4764625
9749698
7996719
1851161
1603865
5590611
9123537
3181828
1813393
4928873
3151565
6095851
2910973
1788836
1163808
4462306
6690418
1084603
6060527
6921464
4939386
7481997
7488326
3617573
6379244
1742935
5893385
3395777
7475544
4309686
3437206
4524710
3300498
9641750
2415291
3988055
3172317
5955387
6986836
7719611
7053138
9073143
4613696
4880700
7298289
1148477
7289005
5207932
1716176
6385829
7690089
2196362
6347305
4667488
7011228
9292152
2079881
4583566
4193042
8580008
8441183
2160157
8058069
2885640
6677234
1108900
1591906
7551843
5530519
3879255
7494659
7521281
3068321
1711709
1124518
4031184
8056521
6992528
9075212
9485132
4129672
4489676
7352925
6132581
5651779
6599179
4352729
1867775
3374623
5808184
8955674
7872023
9612822
7451306
9256409
7175396
1749841
6607050
2866039
9691571
4634007
6481040
2074614
6746095
6760108
2506386
8646958
7054296
6175037
7481173
9082396
2482162
3923812
4541145
2662688
6393936
7914815
4197495
1480199
2358738
2847919
1692549
3026777
2440661
5005149
1527301
5822571
5284889
2110351
3041530
9432064
6119752
9494725
5410532
7772756
4964156
2235693
1339574
7914777
8012257
3768846
7678637
3494438
3556589
1058755
1204354
2316173
8204333
4393061
5375595
1827916
9421649
6658703
8953774
2336910
3474457
6059725
3100119
9173275
2738577
7856821
3299019
4955118
6037522
1773793
9914030
4638661
6918346
1869291
3770865
9279103
8689918
3530130
2944343
4727737
8405758
4228452
1823313
4785698
1507442
4158037
1482911
6984144
6584195
1631472
8063090
7587698
7887340
2030588
1481703
9422528
3707226
8050329
6485318
7481008
5668016
9256435
9376563
4342283
5456855
9004142
5878900
2870359
5197822
3045714
8006987
9356606
9436630
1635345
3493845
7623183
9344560
1940976
4865844
8473900
1319842
6631978
7407081
9332901
9688006
5063347
8511966
8607019
3766917
6028980
1382578
5836303
2796764
9309051
9172901
7485627
6370421
4258278
1656974
5591570
6136976
7017527
2121770
2887109
2161170
3982201
1991431
5924685
4705447
6280212
5769529
5508112
9202596
1025230
7353756
3131574
9604239
5421555
1933090
1696883
1667042
5094903
5759071
8618938
4461684
3726449
4119083
4130848
1093626
4982986
8080735
7426591
3898013
8503207
4217091
5750221
7500429
7710276
8541902
6097020
2144254
9380490
1509374
7234155
7985546
7381562
2484402
3391373
6154287
2952866
6788997
8355241
2034536
7289248
1831190
2276682
1192697
9579541
4025349
1503312
5159294
9729044
7341184
4670647
5131797
5214500
2213622
1306206
4549462
2458850
3350978
1861139
2236599
5791426
7691988
2723926
3060323
8772264
1065499
2530787
2652093
7697418
5179879
3638428
5363881
9924425
1799214
4801670
8075115
6899952
7601980
9754139
4049331
1090324
3311744
3933489
2275816
9910556
5933539
9379705
2508172
7906995
5843964
3946827
1580024
3721581
7827017
7439232
3228641
1541182
9879112
4042904
2897762
3975146
4115591
5835693
5094635
1047400
3775007
6731567
9991946
2534640
4856687
1964362
2651488
1625416
2615119
6597006
4259558
6311473
9267219
2648110
1753776
2238271
9891050
6462163
3266466
1659385
1958080
8078866
5927450
7232958
8855656
2504875
3248326
3530697
5899565
5856571
1539135
8675631
6390321
8144405
1308357
7452511
6397222
6909997
3190524
7398473
2789973
1359918
1105134
8650914
7932309
8563028
3068266
2839566
2583550
3995132
2709093
5052448
8260526
1495067
8239319
9894487
5672971
7500685
9555281
5691361
3901665
9077975
1186797
5327365
5956261
8201047
2651445
5742339
8433842
5293043
4368744
3978367
6888019
9995240
5022585
4119255
9251194
6426284
6877714
7596721
1454128
8975246
1813465
4164712
5972213
9243292
7882360
3614921
4459713
6694453
9457979
5441297
4086027
9572105
3396581
2027874
3002586
2606190
4738770
1379078
9236466
6980181
1459300
6132066
1881624
2288356
6547184
2724744
5838993
2006613
4709200
6670438
8025567
7914616
9274837
8148603
6631964
7498212
6522461
3144971
2560891
4293596
7618539
3116841
9560292
9035072
5167990
4535685
9504873
9607897
7475284
9923783
9677358
9529538
9445120
7668491
1719741
2872483
8006824
1363268
9213098
4767272
4570419
6651606
9495539
6566954
6044395
7739112
4445643
6436717
8693590
8044071
7534704
3587593
2726706
9636737
3955068
7396973
9676609
6580120
6189584
3299761
1628635
6590453
4693447
9661995
7184443
8595120
7571977
8921669
1681868
2515893
7657869
6797965
3805076
5941442
3817300
4530805
5099481
6329710
8612315
9857372
7805026
6075980
3390401
5870293
7494920
5810833
7734697
6741583
1740567
5929754
5930305
8020741
6151399
3181962
6587700
3560343
1171054
8960227
5285524
2156793
7947067
9317323
2354867
4183075
7167955
3140648
6623763
5717545
5207904
8431439
7239547
6792499
9441826
1500946
3351117
2055144
3888549
7101153
4498797
1087199
2813765
9319723
4119740
8952630
5091847
8848589
8728285
5802663
5078818
5011570
9460462
9609104
1899172
8255132
3015995
9638970
4582384
3118258
4760191
6816381
7161399
1139050
6492644
5898098
7593127
1088777
5090876
4526657
6669121
7022361
3143183
5609260
9761190
1453651
3826711
8824588
9216644
5933254
1083642
1427643
1680373
1501935
1608992
1856378
2195024
3940073
6489285
7339236
4852003
5949023
2293664
1827354
4471328
2672399
8604180
8063384
8124606
3342002
1030286
4818409
5621396
3508297
9164712
1717959
8087905
9307187
3110396
6908534
1621150
6062053
9917716
2866026
3699439
5685897
9762897
8552526
6978463
2097538
1919114
8851134
9952763
1976486
9501223
6061103
8514049
8131286
5942933
8567326
6076490
9502707
1508844
4709111
7785989
5847674
8121207
8209704
4702749
9593769
1705091
6555061
1124189
7282418
9397650
1017469
3726514
4787055
8634617
3131524
5720489
4808327
6818521
5977451
3961394
1816217
7345955
2144101
9619316
3742615
6170951
8618268
8360082
2544773
3612165
7517772
3759517
1911842
4711228
9814814
3392339
4760094
4100210
5663288
1100209
5226261
5988629
1702075
6529940
2304035
8383945
4103181
5613261
1040881
6761354
4908880
1137934
6748807
1304604
2242420
3672807
7848698
7554016
8655609
7064229
3949800
6341449
7179999
9633988
4229331
3158839
3956130
9884675
4759650
3694059
6902936
6413889
7180830
7218268
9906701
3980070
7467716
8154024
1989905
6409405
3113278
1925126
6763568
3143272
5092872
5771499
5300659
1051666
7609024
5420650
7976893
4381556
7700717
1447321
2639001
6749106
6448539
5821841
7219403
2778461
2278414
9408525
3793324
8255302
3018549
3750759
9540882
1128568
5476002
2771654
1692167
6580935
6468240
4550156
9359177
7283535
1441052
3354086
3646322
6922663
6610719
1464108
7107881
1213535
6517170
3899220
4920050
4549734
3568044
5357537
9883905
7082553
1510456
3305385
6632837
9539448
5964251
1545190
6446371
1427946
8803589
2809452
1590576
9694332
6664429
9475500
2440283
5501701
5817243
5876240
4312979
2015797
2786016
4447919
1505853
9801182
2321369
9345474
2056017
2424666
9174292
9022199
6155054
1908046
1846034
1202534
9795458
6967023
5664870
3930226
9694903
1974492
8121197
1292457
6673499
9808236
8613383
5140414
6910680
3381288
2519901
8146110
9482259
2777227
4426092
4497810
3250232
3329056
7839776
8648300
1693838
9325156
5041909
5670372
4172016
1080350
5718499
6130452
8433004
9036419
9352288
3298962
5213895
4737269
7909034
8925757
3711209
2232214
2884509
6051195
1905909
5451129
7576970
1651042
1811165
2448274
