100
4662757
4859723
5529778
7035190
5288106
5942264
6446805
6729370
4006101
6548629
1084954
6840966
7931308
2439626
9537538
9082929
5833115
4658704
3977306
9386021
7924072
4829777
2097512
7290161
4355767
2574031
4350150
2724966
8107191
3337457
6753383
3909209
6221588
8946506
1413168
9591762
4410359
4537548
3595041
3350291
7374020
7021348
2668484
2734053
7418938
9788127
7728893
1483807
8310617
3514309
9935451
3249519
6798303
3008844
1989702
7485093
2523587
1503448
7458618
9796798
2589798
7157472
9538292
3179190
7958191
1888156
9202634
3055328
3362886
1433869
3844416
4998322
3021699
9476892
9075712
5510003
1861688
8789255
9002585
8285088
5617757
4932169
6721189
1329368
6425555
9549441
2145060
4753139
2279996
5529549
5866949
5195297
9286105
4282455
6114701
6671786
1313355
9053912
3832945
2756321
