1000
5646982
9144196
1129161
9450173
4044659
9439253
3154510
7649186
9474022
6018787
6958391
5625477
4314824
9874372
9833070
6297518
9773270
9668192
9102480
5627802
5527625
3924023
8061181
9432505
6725031
3142222
9064900
6360413
2270170
3833711
5896667
6550140
3695624
5125576
2658302
4466678
2851484
5464119
2800087
6926010
1170315
7227043
8164109
5086565
7577474
6627629
9423520
9962123
8737261
8525264
9202116
1326011
4411547
3520790
9188763
6851662
5900713
3578365
4477200
8439303
7357324
2108113
7801850
7428993
8405540
2704835
5072350
6485556
4626357
7357337
9869361
6022617
3717696
1041423
8229565
3932296
3053962
8734654
6457369
9963607
6911635
6848675
4223142
7511741
9459825
3870626
1205783
4398279
9193734
5534556
6176705
4548881
2413641
6855142
4611877
3678752
6296673
3313875
1818610
6932112
7169831
2488685
8497589
1145353
4651740
3258335
2192605
5181503
7775608
1997549
6561627
2541129
1813174
8077215
4213992
1601392
2670428
4084075
6498970
9847604
1221663
5363010
6489240
7542619
4591704
6232750
7975539
7422098
2584648
6864913
6545712
8678769
3519985
1944865
5245508
1870601
9132472
1087570
6901103
6527600
2015565
1543347
9943637
2463049
6588342
4060221
8954888
1690949
2430620
3067536
3035226
7038853
7224748
8359257
9944955
2726411
5355001
3496584
3964342
3913142
6948072
4606173
8404705
7812375
4565036
1141814
6256652
6838482
6015131
5841625
8637186
8650662
6893353
9452008
5233454
1634303
6148124
8213109
7200080
9858050
6361264
9676643
5902561
1948282
3674220
2923831
1878259
7619971
9945781
6392685
6698589
3938037
8461234
5961959
8515269
4869058
7971264
4215555
9330039
2288082
5085710
8774380
8951541
6679110
2073788
7132956
9113008
7790723
2028184
5200071
3974071
4867153
2168825
7629650
7309693
1080116
4667528
9864421
2826816
9726666
9681964
8686021
6721064
3415902
4124941
1762423
4806268
8602907
5481012
8630114
6084556
2293996
3054345
6248491
6131114
5958722
7995052
9479238
2918866
2498486
9462633
6022146
1037925
1458602
7098830
1600278
5352448
4540315
8762567
8397418
6828851
6230449
5658229
1940560
3162655
3792361
3398146
4946188
1638663
8515521
5615528
6570905
5557962
1524549
1330923
3333925
5737336
5278393
2714164
4949135
3337004
8623664
4608568
5085152
4652194
4826396
6249640
5819943
5941289
8565805
5216450
5609064
1893074
7300695
6589161
4968358
8268426
5422774
7910552
5391495
8874364
7255460
5972821
7547577
1605195
8950343
9481012
9439428
1762967
7415908
3759434
5486319
4945806
8700367
2787532
9974447
1283222
3376583
5723982
8776220
6182856
7925324
7677969
7534677
4068991
6783828
6426871
3612703
5408545
1185238
2443313
6850128
6650149
7454869
2465267
3793634
8972830
9442177
1770702
4381590
5237023
6595169
4042310
2058926
9670528
6258213
7783286
1610472
1434841
8503867
6938881
5750614
9458661
2756807
3489435
1075586
2833360
9048928
8433840
8735810
6837892
3328352
3244794
9252647
7535208
2497243
1015841
4100812
4523851
3633891
3854990
7919780
2931544
8487899
5483538
1193252
5560834
8497785
1540805
5392210
3578979
7277073
3620497
4276790
7578159
3489159
4924072
3008967
8477503
6607196
3722611
3761056
1163683
6932452
1954813
6396460
4904599
6680198
5387584
4517006
5241882
1523758
7621095
9916678
2579058
6750007
6081995
2676753
7784565
3608172
8929514
7055191
9922748
4986144
5577517
6916874
2469912
6693091
4949857
2052236
2487226
7955183
6180097
1065513
4578078
7140611
6445170
3489750
3333865
1282007
2896367
2882810
1231187
5479321
8351447
2646276
1189422
4486455
4614860
3777348
4861431
3455197
8752821
3281021
4947124
2135376
6859998
7253922
9643888
7232747
7926678
7801961
2855363
8573561
3473274
4353181
5699110
1465172
4981112
8381247
9671805
6032989
2165431
2293206
1948206
3166396
5020694
3788109
9969978
4015626
9168906
1097118
6199785
2199420
2271813
8085318
9331267
9444186
4360827
5431152
5268693
1337311
2677406
6022413
6542537
6388355
8647181
7584987
7493217
6482447
1753104
9095525
4964781
5106656
7593080
7868411
1968251
4079768
2531933
5663259
3936095
7874720
6680976
5725071
5559156
1832905
8375562
1962080
6797202
8080340
1058493
6546474
8097880
6072400
2955666
6588481
8315396
2009012
6455762
4742021
9512248
4368717
6650290
8759169
2303640
6199105
8661681
8753033
1987042
2083420
5718244
1229652
3769470
5047594
3326276
6540679
4588710
4945221
7183589
3978779
7262135
1196033
1935779
3790962
9001105
3567669
3671457
8545597
2838844
6563028
9801723
9604601
8197692
8363301
7721565
1445610
7741022
1151015
7393738
1882608
9822707
7338144
8339154
9623225
9724981
3733223
2130846
4445805
6750489
1963135
5209630
4908737
7920372
4855734
4056606
8075382
7741432
5779279
6667836
2118737
1119577
8091556
1060901
9432136
8875907
7074719
4476041
7329290
4072591
9787490
9893053
6681903
4176479
4139468
5083639
5621993
7722838
6581399
7891023
6834243
1702707
4141687
9891637
2400816
3162935
7410877
3260189
5874663
8195566
9038588
8245467
4867189
2063547
4617099
7226203
6051570
6458967
2405531
9819975
8531495
5591803
8915450
8272791
1133775
9569300
8078585
6333893
8103750
1722271
6990338
4258047
4658479
4683990
3568422
5135008
3742194
2188178
3357941
7469345
7913964
4061385
7504462
7102069
8529552
4149730
7844049
5065363
5773470
2747511
3398498
1352679
3043522
5563834
6022240
6492651
6477616
9178220
5348798
4635857
3662902
6420770
6273841
2888917
9892698
4749065
8932619
6003130
5631589
2630172
4407295
7681490
1177071
2459643
8633037
7630274
2782203
6290662
1997151
8890717
6703566
3661659
6386651
2601840
1497283
5058421
5581787
4287999
9979138
5530461
1205540
8459622
3760098
2481614
1493596
3746538
1538476
3917371
8752758
7255065
7401034
4393548
1792193
1137103
9211694
9627498
2248879
4149931
7875598
9436599
2443731
8861434
9967816
3704866
1308223
5792667
5469930
1814090
7743604
3474195
4158589
9809889
5040818
7975026
7503066
7840570
8395641
7651109
9083085
4250686
6381128
1277862
5565872
5885428
3889478
4925265
8045778
4855520
9773134
9675336
5001737
8974590
1071080
8145282
6718573
6037998
8162717
3539047
5103231
4839858
1645394
1645272
4862072
6480238
7542608
2277125
5401078
2169736
2939138
4426663
8575724
9700961
4002448
9684016
9507993
3944259
2058643
5677119
2041891
9623915
9929841
9615536
7759700
4093241
9448227
8224324
9133885
5170862
2084909
7923085
3024193
8412765
6407677
7704790
5891621
5734190
6998086
8621424
6376254
2108927
4068366
2438600
9318290
6339556
4632478
4787239
8020827
5988441
5642002
1104946
6509833
5761533
9804385
4842260
3620343
5187113
4591934
2656761
7411959
7738370
8507007
9951101
9958441
6013412
4060093
8402676
4373266
2275528
5761469
2729107
7451953
6570519
2407494
7440383
3409607
3360471
4654947
4523229
3766887
9632470
3666522
1160553
7091259
7687629
9317045
5388452
5466833
7919631
3267776
4314320
7007469
1722842
6463260
7793630
7043376
3626117
9620171
3964154
7693664
5000212
8551476
1943877
2361385
6434144
5563504
8888308
3430123
5074346
8981318
8292591
9123461
5461330
4369291
5179117
2914595
9936867
6453909
2981503
6816883
2385402
7157681
7310866
7171477
6764238
3047115
2311657
7053171
5740530
4320790
5998586
9489631
8388610
6919259
6609119
4716300
5853458
6593806
7854272
9294054
5146229
3428559
5421688
3033685
1329261
5208982
1506878
5897887
9469783
4795266
5509557
1134053
6258593
2693466
5140094
5174512
2551695
6492292
7530613
4710389
2809786
4840182
2120393
9962214
3807194
5713011
5693664
9995762
5946909
3768624
3954235
9633240
4127577
8340142
3400558
6154935
1831295
3623922
3029211
5754880
5293321
5528443
1555671
7452375
5640934
2986834
8539765
6312262
3731987
1557248
3170450
7301293
4332044
7075004
3026066
2801623
4441380
5918659
9628329
5854613
3569666
1577837
5115292
3872448
6153948
4197508
7411993
7781202
4828256
7965023
9715253
7684478
8840833
1900968
7633885
3281032
1910872
7901306
8860471
4137343
3233995
3603942
5879034
5593530
3234258
8906191
5188227
5484224
6435224
6582867
8005146
4589540
3850759
1956677
8042300
5225143
5016615
7006368
3335698
2313023
1618457
1339086
5846043
2911280
8358847
8990873
1413454
7472450
9641646
2213824
4695403
3993067
7640079
1125534
6000907
6692293
2717403
5893639
8925028
6748850
8444654
3353036
