10000
9999926
9999757
9999284
9998917
9998258
9996861
9996409
9995521
9995103
9994045
9991371
9988339
9986249
9985998
9985939
9985931
9984505
9982365
9980589
9980103
9980065
9979540
9978466
9978306
9977676
9977443
9976466
9975530
9975057
9973751
9973217
9972802
9971388
9971104
9970147
9969224
9968584
9968029
9967594
9966531
9965509
9964887
9964440
9964234
9964209
9963108
9962990
9959628
9959600
9959259
9958171
9955986
9955459
9955447
9954601
9954372
9954224
9954203
9953339
9952970
9952510
9951005
9949876
9947104
9946981
9946921
9946789
9946578
9945453
9945017
9943934
9943516
9943455
9941231
9940961
9940055
9939788
9939678
9938937
9938683
9937366
9936204
9935072
9934106
9933693
9933483
9933259
9932525
9931369
9930357
9929648
9929634
9929440
9927721
9927303
9925961
9925842
9924915
9924854
9924607
9923611
9923203
9922503
9920366
9919600
9919236
9916563
9915337
9914942
9914765
9914756
9912788
9912322
9912085
9911798
9911685
9911495
9908409
9908149
9907651
9907576
9907349
9905797
9905676
9905470
9904445
9904330
9903832
9903641
9901813
9901315
9900728
9899521
9899431
9898289
9896772
9896334
9896141
9893339
9893055
9890863
9890786
9889069
9888823
9888354
9887887
9886951
9886801
9886784
9884824
9883978
9883173
9883146
9882011
9881975
9881823
9881618
9881564
9879930
9879170
9879108
9878951
9878149
9878035
9877309
9874931
9872537
9871368
9870415
9868964
9867393
9866138
9866037
9865113
9863749
9862443
9861565
9861071
9859902
9859612
9858679
9854318
9852985
9852665
9852517
9850944
9850212
9849877
9848908
9847318
9845828
9844169
9842694
9842485
9842407
9841991
9840424
9837174
9835776
9835512
9835316
9835019
9832805
9832733
9832133
9832025
9831236
9830500
9829782
9829338
9829227
9827263
9826345
9824751
9822578
9821842
9821728
9820725
9820711
9819453
9817791
9817204
9813901
9813420
9813005
9811550
9811501
9811280
9811198
9808763
9808014
9806204
9806109
9805995
9804708
9803976
9803619
9803466
9803350
9801229
9800629
9800219
9799793
9799362
9799071
9798262
9798031
9796689
9796521
9796197
9795638
9794385
9794284
9793343
9792365
9790856
9790071
9787321
9787295
9786863
9785231
9784790
9783754
9783403
9782729
9782481
9782167
9781923
9781072
9778904
9778160
9778089
9777719
9777687
9776244
9773796
9773227
9772831
9772366
9771338
9770256
9768994
9768847
9768115
9767966
9767814
9766962
9764710
9764565
9764536
9764370
9763804
9763598
9763321
9762702
9761626
9761365
9760984
9760501
9759842
9759269
9759262
9759230
9757739
9757491
9756707
9756033
9756028
9755773
9755052
9754722
9753731
9753623
9753597
9752521
9752445
9752382
9750788
9750414
9750060
9749555
9746336
9742204
9738200
9736801
9736521
9736282
9735883
9735494
9735383
9734050
9733452
9733247
9732029
9730882
9730753
9728655
9728263
9728251
9728250
9726798
9726201
9726065
9726038
9722835
9722248
9720306
9718794
9718135
9716532
9716328
9716300
9716023
9714885
9714873
9713941
9713879
9712186
9712142
9711829
9709749
9709158
9709014
9708269
9708121
9707962
9707935
9707605
9706946
9706826
9703830
9702954
9702858
9702625
9702128
9701549
9701486
9697491
9697304
9695525
9693304
9692982
9692550
9692426
9691140
9688398
9688355
9688003
9687618
9686062
9683773
9683608
9679268
9679106
9677878
9676904
9675830
9674759
9674562
9672695
9672417
9671578
9670849
9670824
9666694
9666377
9666237
9665237
9663520
9662128
9662071
9661676
9659858
9659027
9658925
9658297
9654887
9653136
9651335
9650193
9649590
9649519
9648384
9647939
9647229
9647078
9646993
9644436
9643155
9639670
9639540
9639341
9636317
9635308
9633835
9632943
9632847
9631161
9630766
9629917
9629118
9629046
9628152
9627921
9627449
9626293
9624078
9622274
9620486
9618483
9618148
9618070
9616014
9614489
9612335
9610874
9610709
9606972
9606181
9604330
9603374
9602027
9601004
9599807
9599518
9599290
9598772
9597145
9596178
9596152
9596043
9595684
9595495
9594864
9594371
9593059
9592022
9590099
9589589
9589270
9588949
9588495
9588351
9587695
9586957
9583803
9583348
9581391
9581081
9580726
9580407
9579958
9579023
9577844
9576726
9572948
9571826
9570651
9569396
9567297
9566967
9564978
9562895
9560075
9557174
9556686
9556660
9556624
9556341
9556179
9556000
9555467
9552830
9550137
9549774
9549456
9549428
9548741
9548649
9547958
9547933
9547765
9547674
9547240
9546959
9546752
9545641
9544838
9544210
9540718
9540156
9539445
9538733
9538474
9537804
9537006
9536810
9535565
9535134
9534962
9534699
9534550
9532627
9531386
9529753
9529598
9529190
9527783
9526883
9526587
9526576
9525630
9525067
9524882
9524176
9524108
9523965
9523741
9523330
9523322
9523243
9522417
9519513
9519126
9518085
9515098
9513312
9512885
9511011
9510813
9510437
9509652
9508013
9506523
9504874
9504798
9504116
9503954
9503409
9502491
9502246
9502057
9500921
9500189
9500182
9500150
9499417
9499361
9498508
9497507
9497339
9494921
9494257
9493276
9492183
9491870
9487898
9486353
9485817
9485783
9485677
9485149
9485063
9484529
9483638
9479707
9479681
9478345
9478216
9478212
9477612
9476771
9476033
9475255
9473694
9473618
9471600
9471580
9470549
9468711
9468524
9467481
9467199
9465765
9463153
9461592
9458627
9455743
9455705
9454369
9454265
9454255
9453964
9453808
9453337
9452721
9452560
9452153
9451947
9450333
9449375
9447919
9447742
9446659
9446600
9446412
9446156
9446130
9445894
9444960
9444187
9444155
9443272
9442181
9442176
9441820
9441499
9440332
9439494
9439018
9438307
9437599
9437198
9436903
9435492
9434288
9434114
9433100
9431574
9430451
9429116
9427932
9427427
9427313
9427009
9426768
9426690
9425900
9425247
9425000
9424864
9424789
9424382
9424304
9423055
9422888
9421640
9421258
9421161
9421039
9420885
9419949
9416461
9416377
9413917
9413880
9413647
9413603
9413585
9412352
9412240
9411416
9410132
9409413
9409234
9405996
9404335
9404052
9401663
9401234
9400746
9395799
9395327
9395026
9393613
9391861
9391728
9390891
9390767
9390593
9388505
9388344
9387788
9386616
9385829
9385139
9383661
9382489
9381839
9381159
9376016
9375564
9374850
9371502
9370917
9370603
9370013
9368314
9367637
9367406
9364425
9362563
9361999
9361595
9359612
9359281
9358220
9356732
9356344
9355715
9354691
9354598
9353163
9349837
9346025
9344861
9343248
9342783
9341460
9341261
9340644
9340427
9340213
9339827
9338735
9338723
9338175
9336272
9335587
9333756
9333535
9333371
9331461
9331175
9327969
9326732
9325743
9324807
9324792
9323303
9322691
9321616
9321228
9320999
9317815
9316983
9316672
9314170
9313701
9313419
9312950
9308833
9308500
9308402
9306033
9304830
9304731
9303643
9300184
9299965
9298976
9298911
9298809
9298679
9298357
9298240
9297838
9297425
9295170
9294846
9293775
9289663
9287645
9287244
9287040
9286855
9282848
9281369
9281041
9280805
9280016
9279774
9278544
9277372
9276671
9276642
9275541
9275133
9274134
9274127
9273964
9273303
9273125
9271696
9271594
9270895
9270878
9269201
9269161
9269134
9267774
9265675
9264629
9261977
9261880
9260815
9259706
9258960
9258829
9258571
9258411
9258247
9257097
9256887
9255966
9255742
9252956
9252253
9252083
9251148
9250762
9249794
9249336
9248122
9247683
9246262
9246187
9245528
9245233
9242670
9242241
9241737
9239206
9238618
9237076
9235959
9234535
9233754
9233200
9232947
9232675
9232592
9232513
9231255
9231135
9230431
9229609
9229177
9228580
9228263
9225004
9223544
9222444
9221576
9219917
9219834
9219736
9218991
9218124
9217856
9217016
9216823
9216539
9216509
9216411
9215781
9215267
9215008
9213949
9213032
9212304
9211683
9210624
9210596
9210119
9210084
9209820
9209534
9208617
9208209
9207719
9205091
9203014
9202951
9202738
9201424
9199570
9199486
9199201
9198396
9198252
9198001
9197831
9192555
9192513
9190467
9190201
9189511
9188855
9188568
9187407
9185764
9185722
9184022
9182029
9179932
9179827
9178622
9176922
9176372
9174640
9173370
9171152
9169741
9164767
9164666
9164357
9163813
9163477
9163416
9162197
9161854
9161575
9160843
9159951
9159616
9159026
9158827
9158807
9158191
9158081
9157737
9157621
9156809
9156771
9156240
9156156
9154116
9153339
9152582
9151448
9150693
9149619
9148242
9145697
9145026
9144951
9144659
9142766
9141762
9141060
9140625
9138972
9138181
9137137
9135915
9135910
9134269
9134139
9133888
9132726
9132056
9130207
9129272
9128289
9127795
9125862
9125838
9125307
9124284
9124176
9122178
9117977
9117900
9117741
9116681
9116560
9116188
9114485
9113977
9113732
9112088
9111006
9110599
9109660
9109443
9109405
9108828
9108116
9107832
9107431
9103781
9103440
9103129
9101994
9098847
9097922
9097383
9096659
9096407
9095306
9095110
9094677
9093187
9091902
9088629
9086781
9086054
9086019
9084793
9083349
9082867
9082125
9081756
9081470
9081064
9078013
9076821
9076747
9076433
9074836
9073661
9073565
9068908
9067558
9067476
9067221
9065907
9062981
9061592
9061219
9060900
9060162
9060149
9058168
9057089
9056189
9054877
9054843
9054666
9054394
9054301
9050541
9049712
9049247
9048565
9048423
9046717
9044278
9043612
9042723
9042018
9041617
9041528
9039705
9038954
9037393
9037219
9036860
9033807
9033680
9033567
9033360
9031388
9030482
9030158
9029804
9029753
9028303
9027903
9027768
9026702
9026448
9025606
9020335
9019966
9017978
9017932
9017200
9016433
9015050
9013554
9013078
9011880
9011802
9010480
9009138
9008669
9007850
9007702
9004533
9004101
9003613
9001786
9001061
8999615
8998294
8997411
8993947
8993624
8992232
8990282
8989559
8988822
8986662
8985669
8984912
8980061
8979693
8979439
8979222
8978818
8976547
8976375
8974176
8972829
8970839
8969813
8969698
8969484
8967318
8963762
8962891
8962158
8961807
8960785
8960545
8960545
8958238
8958185
8957272
8957051
8955389
8955341
8955144
8954548
8953717
8953679
8953414
8953059
8950338
8950023
8949705
8949316
8948559
8943776
8943416
8943035
8942810
8942617
8942362
8941983
8941523
8940742
8940601
8939523
8939218
8939157
8939106
8938281
8936846
8935441
8934862
8934716
8933953
8930346
8928497
8927435
8925756
8925184
8924031
8923902
8923836
8923468
8923281
8922620
8922038
8921340
8921307
8921042
8917862
8912696
8912141
8911090
8910591
8908044
8906837
8906467
8904854
8904295
8903596
8903230
8902425
8901350
8900508
8900269
8900011
8895539
8895346
8891140
8891022
8889605
8889543
8888356
8886879
8886405
8885583
8884324
8884037
8883905
8882347
8881948
8881416
8881239
8878851
8876534
8875992
8875381
8874499
8873872
8873350
8871880
8871368
8870279
8870110
8869960
8868545
8867607
8866654
8866095
8865942
8865288
8865212
8865155
8865088
8863979
8863559
8861300
8859740
8858996
8856844
8856705
8856607
8855693
8855177
8854596
8853731
8853449
8852625
8850195
8850191
8847784
8847663
8846475
8846403
8846271
8846032
8845515
8844863
8844777
8844420
8842137
8841977
8841266
8840391
8840379
8839989
8838588
8838081
8837690
8837407
8836541
8835495
8835337
8834976
8832705
8832205
8831397
8831086
8830653
8830642
8829366
8827267
8825977
8825460
8825257
8823569
8823174
8821089
8820194
8820189
8817935
8816196
8814431
8814363
8814331
8812131
8811663
8809701
8806556
8806110
8804337
8803698
8802997
8802808
8802088
8801780
8801203
8798731
8797471
8795852
8795776
8793940
8793504
8792726
8792430
8792069
8791784
8791395
8790157
8789165
8789113
8788904
8780311
8779873
8778985
8778782
8776461
8775022
8773623
8773170
8772074
8771409
8770038
8769841
8769090
8768947
8768885
8768281
8766043
8766042
8763320
8762434
8762194
8761120
8760499
8760065
8760061
8759309
8758506
8756484
8756092
8756078
8755939
8754289
8753074
8752470
8750822
8750805
8750340
8748403
8747899
8747178
8746525
8745575
8745288
8744826
8742693
8742355
8742037
8741395
8741245
8740107
8739084
8738930
8737978
8737787
8736894
8736037
8734620
8734463
8730451
8730090
8729494
8726922
8725081
8724888
8722574
8722061
8720888
8720548
8719195
8718930
8718615
8717978
8717907
8717453
8716640
8716345
8716160
8713848
8713334
8712880
8711574
8711097
8711064
8707454
8705053
8704974
8704822
8703828
8702807
8702611
8700515
8700279
8700084
8699790
8698314
8697217
8695494
8695338
8693655
8693534
8692808
8691779
8690431
8689841
8689815
8689149
8686451
8686019
8685359
8685172
8684158
8683998
8683918
8683704
8682787
8680208
8679084
8676702
8675863
8675613
8675205
8675143
8675006
8673579
8672872
8671340
8671169
8669191
8668597
8668429
8668077
8667717
8667603
8667463
8666380
8666127
8665486
8665233
8663182
8662233
8661918
8661361
8660396
8660299
8659777
8658384
8657990
8657536
8657301
8657168
8655850
8654893
8654596
8653641
8652910
8652787
8651519
8648747
8648558
8647859
8647305
8646436
8645865
8644706
8643856
8641669
8640219
8639942
8638139
8637766
8637322
8636441
8636353
8634653
8634175
8632263
8631622
8630786
8628196
8625206
8625159
8625142
8625131
8625018
8624439
8623519
8623368
8621705
8621088
8621052
8620981
8620925
8620726
8620389
8617526
8617250
8616979
8614776
8613907
8612755
8612234
8611537
8610753
8610408
8609640
8609466
8607409
8607245
8607074
8606680
8605767
8605059
8604997
8603103
8601275
8600252
8600207
8599499
8599462
8598480
8598077
8596780
8595522
8595100
8592761
8592025
8591834
8588999
8587537
8586419
8584958
8583950
8583796
8583514
8583493
8582667
8582403
8582211
8581777
8581681
8581148
8580916
8580386
8577007
8576185
8575826
8574369
8574187
8572817
8571834
8570020
8569739
8569304
8566741
8565662
8564626
8564539
8564365
8563302
8561303
8557456
8557397
8554671
8554160
8554078
8554050
8552615
8552498
8552217
8552113
8548488
8547452
8547114
8546777
8545905
8544851
8544246
8542985
8542124
8541059
8540792
8540642
8540597
8539222
8539077
8537558
8535996
8533691
8533214
8532803
8532575
8532262
8532024
8531326
8530224
8529639
8528916
8528609
8525184
8524368
8523364
8523300
8521616
8520561
8519341
8516874
8515432
8515010
8512915
8511585
8511067
8505236
8505236
8504965
8503813
8502970
8502797
8501235
8500734
8500730
8500377
8499955
8499767
8499701
8498218
8497964
8496872
8496459
8492501
8491940
8491597
8490668
8490198
8489630
8486717
8483577
8483103
8481714
8480560
8480442
8480418
8480408
8480282
8479475
8479191
8477937
8477603
8475981
8475483
8474104
8474008
8473218
8471652
8471536
8471213
8469804
8468626
8468023
8467492
8467346
8465643
8465329
8464820
8464047
8463913
8462271
8462265
8462083
8461173
8460751
8460667
8460405
8458388
8458024
8457029
8456605
8456579
8456557
8456198
8454464
8454379
8454085
8453315
8453304
8453016
8452964
8452893
8452674
8451214
8451117
8450917
8450149
8450036
8448860
8447614
8446404
8445757
8444017
8443056
8441872
8441828
8441728
8439707
8439573
8438958
8438896
8437155
8435012
8434677
8433936
8430111
8429761
8429240
8428438
8428048
8427920
8427748
8427503
8426947
8426387
8426032
8425699
8424741
8424365
8424355
8424301
8423956
8423873
8423272
8423133
8422753
8421425
8420981
8420431
8420395
8420374
8420012
8419975
8419735
8418713
8416094
8415861
8415848
8415645
8415545
8415276
8414128
8413045
8410677
8410616
8408817
8408748
8408655
8406585
8405861
8405742
8403421
8401939
8401830
8401695
8400156
8399389
8399069
8396239
8395897
8393374
8392309
8392012
8391132
8390724
8389880
8389383
8388321
8388268
8387461
8387315
8387142
8386590
8386419
8385865
8383806
8381515
8380441
8380206
8379466
8378927
8378647
8378310
8375644
8374152
8373118
8372419
8371237
8371124
8371008
8368896
8368517
8367551
8365584
8364733
8363845
8363239
8362933
8362207
8361245
8360213
8359839
8359311
8358835
8358095
8356833
8356569
8354448
8354302
8353281
8352589
8352028
8350143
8349869
8348257
8347783
8346343
8344311
8342854
8342344
8342259
8341049
8340919
8339813
8339738
8339492
8338493
8338475
8338105
8338008
8337893
8334913
8334317
8328746
8326848
8326153
8324581
8322959
8320390
8320319
8319687
8317078
8314139
8313506
8312954
8312901
8311240
8311095
8310967
8310444
8310216
8308978
8305520
8304095
8303386
8301841
8301833
8301378
8300364
8299706
8299443
8299146
8298356
8297673
8296876
8296764
8296724
8296473
8296340
8295934
8294696
8294077
8293967
8293948
8293787
8292135
8291029
8290812
8290452
8289292
8289271
8289185
8288897
8288628
8287786
8287307
8286624
8286468
8285832
8284726
8284547
8283933
8282657
8282050
8281803
8280548
8274384
8274364
8271544
8271129
8269688
8269256
8269206
8267816
8266857
8265311
8265153
8264056
8262991
8262049
8261395
8261135
8259630
8259594
8259009
8257919
8256924
8255466
8255291
8255177
8254293
8253332
8252467
8251917
8251190
8251187
8250475
8249797
8248851
8248477
8248196
8246020
8245464
8245166
8245130
8244982
8243047
8242658
8242156
8241737
8239725
8238135
8237604
8237485
8237301
8234507
8234367
8233571
8232612
8232526
8232292
8232119
8227535
8226954
8226600
8225439
8224728
8223787
8222975
8222686
8221922
8219494
8218562
8218261
8218091
8217617
8217226
8215051
8213587
8210781
8210518
8209610
8209396
8208480
8208243
8207572
8205018
8203842
8203537
8202775
8202054
8201149
8200666
8200590
8199674
8199003
8198527
8197618
8196180
8195830
8193889
8192009
8191698
8190946
8190695
8190219
8187942
8186229
8185982
8185952
8184781
8184491
8184161
8183817
8182862
8182490
8181694
8177253
8176610
8176133
8175928
8175750
8172947
8172819
8172674
8171147
8171080
8169572
8168719
8168625
8168250
8166878
8166717
8166169
8164851
8164687
8158264
8157692
8157502
8156416
8155623
8154411
8153485
8153474
8153235
8153191
8151604
8148874
8147800
8147420
8147052
8146849
8145991
8145416
8144705
8143061
8141405
8141077
8140739
8140091
8139767
8138306
8137615
8135915
8134585
8132292
8131811
8131810
8130928
8129793
8125406
8123684
8121805
8121106
8118384
8118122
8116767
8116534
8115736
8114493
8109952
8109130
8108984
8108800
8107582
8107231
8105623
8104653
8103815
8102587
8102004
8100460
8099711
8098777
8098265
8097952
8097494
8097377
8097233
8096822
8096619
8095906
8092121
8091613
8091274
8090365
8089494
8088995
8088966
8083400
8083161
8082975
8081695
8080479
8080085
8079781
8079582
8079288
8078923
8078540
8077116
8076943
8076691
8076689
8076667
8074692
8074326
8072489
8072290
8071631
8071251
8070480
8070331
8070114
8067720
8067594
8067123
8066827
8066116
8064375
8063238
8060168
8059709
8059559
8057321
8056728
8052582
8052438
8051984
8051018
8050042
8049950
8049133
8048023
8047220
8046798
8045000
8044865
8044249
8043182
8040614
8040449
8040401
8040337
8040071
8039810
8039666
8037663
8036843
8035592
8034910
8034255
8033622
8032851
8032802
8032548
8030515
8029784
8029442
8028107
8027778
8027342
8025591
8025534
8025000
8023022
8022956
8022619
8021073
8018252
8017313
8016473
8016449
8015157
8014510
8013420
8013075
8012983
8010904
8008934
8006931
8005998
8005866
8005179
8003235
8002080
8001430
8001415
7997711
7996432
7996014
7995767
7994741
7992602
7991927
7990622
7990609
7989625
7988331
7986480
7984110
7981939
7981786
7980761
7979808
7979807
7979411
7979046
7978030
7976494
7975353
7974741
7974334
7973422
7972208
7971907
7971471
7970322
7970040
7969344
7968657
7968109
7968065
7967845
7966637
7965578
7965479
7962246
7961454
7960360
7960101
7959884
7958961
7958700
7957503
7957356
7957173
7955105
7954616
7953146
7953007
7952549
7952227
7951875
7949616
7948400
7948150
7946389
7945283
7944857
7943955
7942972
7942267
7940188
7939319
7937427
7937139
7936832
7936129
7933899
7933722
7932602
7930746
7930628
7930534
7929656
7929092
7928283
7927548
7927306
7923745
7922951
7922661
7921960
7921837
7920987
7918747
7918736
7913108
7911035
7910109
7908070
7908001
7906346
7906014
7904506
7900841
7900700
7899496
7899427
7898974
7897982
7897960
7897705
7897213
7896953
7895058
7891700
7891509
7891222
7889480
7887969
7887757
7887247
7886809
7886254
7884953
7884202
7884076
7881715
7881626
7881347
7881173
7880309
7879088
7878509
7877991
7877014
7876763
7874941
7874888
7874426
7867580
7865889
7865570
7862818
7862338
7862004
7860473
7859152
7858931
7855738
7854179
7852781
7850179
7849868
7848035
7847181
7846667
7845365
7845099
7844652
7844068
7843592
7843264
7840667
7840177
7838517
7837861
7837434
7836612
7835070
7834801
7834429
7834223
7833242
7832728
7831548
7830997
7829135
7826816
7825228
7824831
7823726
7822835
7822471
7822403
7820154
7820055
7819979
7819950
7818884
7818728
7818712
7818709
7817560
7816884
7816296
7815670
7814336
7812551
7812098
7809740
7808718
7808531
7808318
7807973
7806936
7806429
7804927
7803824
7803158
7802858
7802448
7801953
7799892
7799497
7799446
7799210
7797745
7797589
7797118
7796731
7795824
7795614
7795044
7793756
7789697
7789268
7789208
7788284
7787224
7786381
7786316
7785377
7784275
7783603
7783062
7782782
7782694
7782490
7782454
7782221
7780751
7778695
7778440
7775540
7774697
7773894
7773827
7771017
7769410
7768875
7766205
7764818
7764509
7763016
7762118
7761717
7759715
7758118
7758021
7757973
7754299
7752843
7752735
7752631
7749722
7748415
7746055
7745562
7745047
7744648
7742592
7742535
7739451
7738928
7738337
7738295
7737867
7735559
7735389
7733562
7733128
7732456
7731987
7730716
7730584
7729041
7726395
7723702
7721891
7721016
7718722
7718244
7717509
7713673
7712597
7712438
7710116
7708946
7708682
7707956
7706934
7703144
7703086
7702689
7702502
7701470
7700576
7699164
7698522
7696876
7695152
7693945
7693072
7691491
7690975
7689869
7687681
7685023
7684472
7684124
7683487
7682983
7682618
7682617
7681660
7678960
7677091
7677005
7675488
7675334
7674775
7674408
7674002
7673822
7671156
7669008
7665968
7664859
7664469
7663771
7661043
7659688
7658586
7658177
7656354
7655815
7653152
7651287
7649279
7648437
7647150
7645995
7645518
7645492
7644852
7644339
7643493
7643080
7642669
7642254
7642041
7641805
7641644
7641343
7641080
7637857
7637100
7636036
7635483
7633337
7633270
7632282
7632141
7631954
7631083
7629389
7629118
7627674
7626340
7626331
7626104
7625121
7624035
7623849
7622452
7620984
7620091
7619389
7619373
7618385
7618124
7618013
7617489
7617173
7616900
7616466
7616113
7615728
7613969
7612507
7611764
7610886
7610774
7610538
7610174
7610010
7609367
7608476
7608188
7607470
7605194
7604426
7603004
7602141
7601692
7599885
7597379
7597334
7596396
7594707
7594344
7594023
7593692
7593664
7592214
7589670
7589156
7588197
7587743
7587222
7585465
7584570
7583666
7582493
7581122
7572882
7571114
7570801
7570639
7570589
7570377
7569633
7569124
7568533
7568213
7566589
7563671
7560393
7560349
7560087
7559629
7559571
7556813
7556566
7555685
7555507
7555305
7555085
7555010
7554327
7553551
7553533
7551093
7549994
7549832
7548883
7547855
7543869
7543711
7543129
7541366
7541024
7540510
7539621
7539501
7538604
7537849
7536461
7536426
7535780
7531881
7531280
7529578
7528153
7528058
7527677
7527385
7526268
7524078
7524018
7523201
7521996
7521109
7517645
7517604
7516215
7515823
7514756
7513031
7512656
7508874
7507913
7507667
7506506
7502963
7502513
7498867
7498277
7497668
7497276
7496411
7494730
7494562
7493944
7492512
7492312
7491742
7491714
7488035
7487862
7487205
7486846
7485934
7485062
7484643
7483717
7482253
7481755
7479217
7477154
7476691
7475049
7474719
7474064
7472020
7471965
7471746
7470142
7466108
7465928
7464723
7463016
7462369
7462343
7461820
7461610
7460763
7460714
7460254
7460135
7457405
7457385
7456104
7455188
7453212
7452696
7451469
7450621
7450211
7449993
7449970
7449628
7449122
7448988
7448821
7447868
7447206
7446728
7446532
7445811
7445788
7444512
7443933
7443161
7442375
7441530
7441212
7441074
7439441
7439194
7438914
7438198
7433868
7433707
7433254
7432872
7432448
7432413
7431380
7430611
7429888
7429484
7429378
7428913
7428313
7427241
7427054
7426440
7426088
7425772
7425752
7425450
7425300
7424325
7424054
7421203
7419955
7419509
7418512
7417240
7416233
7415714
7415565
7414460
7413096
7413001
7411772
7411093
7410690
7410564
7410213
7409764
7408068
7407227
7406560
7406525
7405881
7405092
7404233
7404006
7403964
7403948
7403803
7402239
7401249
7400623
7399610
7398380
7398331
7397024
7396682
7395820
7395701
7394708
7390377
7390357
7390208
7390168
7387793
7387143
7387130
7386222
7385217
7384747
7384306
7382643
7381590
7380995
7380773
7379624
7377623
7375284
7374806
7374438
7372523
7372517
7371715
7371673
7370426
7369634
7369070
7368396
7367897
7367629
7366472
7365080
7362769
7362694
7362036
7361766
7360224
7359595
7359095
7358280
7357860
7356649
7356408
7356124
7355168
7354776
7354224
7353805
7353205
7352395
7349434
7349229
7348391
7347473
7345883
7343600
7340637
7339459
7339353
7337687
7334808
7333961
7333691
7331642
7330334
7329826
7328775
7327725
7326289
7325465
7324738
7323473
7323380
7321265
7319589
7318490
7317058
7314975
7313424
7312449
7312232
7311755
7311074
7310486
7310290
7308795
7307452
7307272
7304950
7304496
7303453
7303308
7303049
7301812
7301413
7299510
7299322
7298149
7293185
7292677
7290985
7290967
7290321
7289406
7286574
7286267
7285750
7284778
7283982
7282393
7281952
7281370
7281246
7281210
7280287
7279094
7278870
7278307
7277142
7276663
7276060
7274648
7274261
7273640
7273541
7273489
7273101
7272517
7271358
7270424
7267468
7264052
7262570
7260943
7260764
7259851
7257069
7256938
7255514
7253792
7252777
7251081
7250082
7249961
7249236
7249108
7249058
7248989
7248945
7248310
7247659
7247018
7245552
7245373
7245231
7245209
7243019
7241390
7240531
7240275
7238529
7238524
7238501
7237530
7237390
7235953
7235150
7235071
7234069
7234050
7233293
7232801
7232765
7232765
7231463
7229853
7228746
7228741
7228593
7227292
7224986
7224716
7223588
7222818
7221568
7221462
7221237
7219710
7219532
7219290
7219084
7218419
7217189
7214730
7212031
7211759
7209563
7208738
7207103
7206401
7204695
7204103
7203755
7202390
7202245
7201974
7201502
7199942
7199115
7198762
7197628
7197578
7197497
7197057
7196214
7196187
7192682
7192661
7192410
7191990
7191890
7191397
7190381
7189163
7188273
7186671
7185222
7180057
7179079
7178233
7176910
7175241
7174045
7173954
7173562
7172832
7171989
7171534
7171395
7170622
7168442
7168313
7165503
7164597
7163779
7162617
7162269
7161675
7161600
7161015
7159887
7158662
7155513
7154824
7154635
7153742
7153151
7152848
7152713
7151193
7150616
7150488
7150269
7150228
7149922
7149600
7146021
7146002
7145984
7144785
7143890
7142393
7141986
7141909
7141636
7140375
7139275
7139152
7138466
7138097
7137484
7137069
7136289
7135868
7135828
7135545
7134728
7133209
7131660
7129203
7128970
7127685
7124939
7123416
7122925
7122757
7122723
7121834
7121819
7120966
7118028
7117444
7116314
7115603
7115473
7115414
7114933
7114252
7113287
7112910
7112224
7111259
7110633
7105587
7104283
7103219
7101205
7100665
7100183
7098797
7098272
7097471
7096648
7096381
7094338
7093701
7093583
7093524
7093205
7092905
7088997
7088595
7088256
7087917
7086695
7086286
7086277
7083789
7081195
7081148
7080158
7079956
7079912
7079303
7078337
7077446
7077149
7075946
7075666
7074092
7073965
7073781
7073683
7073326
7073215
7071906
7071775
7071730
7071490
7070496
7070395
7069452
7069057
7068797
7068552
7068235
7066371
7065621
7065533
7064585
7064226
7064065
7063884
7062008
7061996
7061764
7060104
7059865
7059169
7058281
7057666
7056632
7056540
7056518
7056283
7056248
7055372
7054908
7054294
7053947
7053709
7052707
7051720
7048793
7047551
7047541
7047103
7046362
7045564
7043531
7041943
7041804
7040623
7040523
7038576
7036837
7035836
7034514
7032816
7031706
7031372
7029691
7029120
7028446
7027888
7027016
7026640
7026463
7025789
7025538
7025098
7023940
7022599
7021308
7020950
7020577
7020393
7020184
7018875
7018740
7018540
7018475
7018015
7017034
7016059
7015918
7015367
7015279
7012510
7012274
7012255
7012184
7010149
7008772
7007227
7005886
7005536
7005033
7005032
7004499
7004161
7002008
7001780
7001434
7001015
7000064
6999780
6999001
6997686
6995807
6994429
6990833
6989101
6988693
6984241
6984224
6983191
6981648
6980716
6980491
6979437
6979331
6978580
6978260
6977797
6974264
6973924
6973791
6973116
6972960
6970464
6970455
6967636
6965221
6964711
6963219
6961725
6960894
6960511
6959278
6958214
6957610
6957468
6957206
6956896
6956663
6955326
6955057
6954505
6954376
6953792
6953485
6952439
6952406
6950826
6950789
6948935
6948686
6948167
6947117
6945923
6945465
6945430
6943227
6942682
6942680
6942145
6942004
6939472
6939019
6938593
6938032
6933067
6932062
6931163
6930252
6929074
6928959
6928094
6927150
6926070
6925854
6924652
6924055
6923634
6923399
6923147
6922384
6920002
6919819
6918268
6917337
6916055
6915011
6913401
6913040
6912332
6912271
6912065
6910707
6910250
6910226
6909340
6909317
6909285
6908898
6908636
6906887
6906270
6905696
6900825
6899957
6899189
6899144
6898057
6896771
6896578
6896196
6895745
6895394
6893156
6892589
6891323
6891213
6890276
6889783
6887688
6886906
6886232
6883331
6883238
6882851
6881887
6880818
6877378
6876737
6873409
6872866
6872847
6872094
6871317
6870990
6870940
6868556
6868521
6865340
6865174
6864404
6863831
6861384
6859561
6858543
6857865
6857812
6857034
6856187
6855528
6854477
6854448
6851788
6850888
6850614
6849985
6848698
6848117
6847356
6845587
6845500
6845458
6843672
6843566
6841932
6840436
6840216
6839308
6839211
6838987
6838459
6837453
6837198
6836591
6835049
6834849
6834796
6834172
6833867
6833611
6830997
6830314
6828784
6828479
6828427
6827057
6826504
6826436
6823646
6823095
6823018
6822431
6821463
6818003
6817263
6817218
6817128
6816795
6816088
6815876
6814050
6813915
6813183
6812554
6811414
6809968
6808084
6807535
6806034
6805794
6804343
6803663
6803436
6802904
6801777
6800542
6800472
6800244
6799470
6799204
6799120
6797918
6797141
6794084
6792613
6792565
6792307
6792080
6791517
6789296
6789209
6788474
6786999
6785950
6785861
6779584
6778467
6778033
6774877
6773129
6772214
6771793
6771313
6770393
6769828
6768294
6766704
6766149
6765223
6763753
6763280
6763126
6762810
6761136
6760969
6760874
6760280
6760221
6759740
6759626
6757671
6757587
6756212
6755726
6755438
6754782
6752705
6752453
6752435
6751897
6751828
6751379
6750528
6750015
6747703
6747582
6747407
6747038
6746132
6745256
6744069
6743994
6743867
6742525
6740940
6740882
6740732
6740401
6740001
6739909
6738888
6738516
6737881
6735625
6735388
6733732
6733108
6733024
6732854
6731587
6730407
6728688
6727746
6727556
6726821
6725807
6725108
6724311
6723807
6723440
6721975
6721842
6721784
6720273
6720257
6717823
6716773
6716458
6715799
6714371
6713609
6712921
6712502
6711942
6711550
6711455
6711047
6709072
6707826
6707221
6706362
6706189
6706174
6705982
6705644
6704755
6704318
6703449
6703352
6702361
6702073
6701415
6700210
6700022
6699014
6698603
6697370
6694931
6694483
6694311
6692808
6692532
6692133
6691579
6690967
6689435
6688939
6688244
6687974
6685050
6684841
6684264
6682840
6682833
6682793
6682417
6681170
6681136
6680685
6678336
6676719
6674929
6674119
6674044
6672776
6669959
6668573
6668353
6665152
6664037
6663109
6662615
6662401
6662045
6660931
6659160
6658336
6657945
6657091
6656443
6654926
6654528
6653168
6652427
6651728
6650532
6648694
6647573
6645809
6644861
6643958
6643742
6643606
6643036
6642685
6642586
6641006
6640969
6640934
6640805
6639995
6639908
6638655
6638167
6638080
6637649
6637185
6636950
6635610
6634284
6634233
6632952
6632746
6631377
6630225
6629906
6629143
6628329
6628089
6627876
6627044
6626673
6626591
6625459
6625065
6625029
6624064
6622453
6620916
6620671
6616358
6615460
6614413
6614410
6613028
6612521
6612474
6612350
6612297
6611990
6611822
6611309
6611219
6609789
6606978
6606938
6606735
6604851
6604073
6603591
6603255
6602407
6602173
6601550
6601548
6601222
6598348
6597436
6596178
6595893
6595401
6592880
6592725
6592552
6592270
6591345
6590041
6589862
6588449
6588367
6588021
6584639
6583925
6583599
6583133
6582635
6580647
6579979
6578685
6578374
6578261
6577854
6577374
6573604
6571506
6570980
6570310
6569407
6567795
6566893
6566410
6566103
6565573
6564819
6564653
6564169
6564084
6563611
6563125
6562802
6560367
6558123
6556818
6556603
6556021
6555515
6554937
6554673
6554476
6553736
6552835
6552607
6552525
6550365
6549118
6547519
6546350
6546039
6545392
6544905
6544866
6544382
6542442
6541940
6539245
6538514
6538121
6535903
6535835
6534493
6533860
6533726
6532901
6532551
6531239
6529345
6528203
6527924
6527915
6527265
6526858
6526689
6526688
6524934
6524818
6524749
6524235
6523945
6523797
6522635
6520560
6520344
6520101
6518333
6516853
6516618
6516608
6516261
6516226
6515542
6514966
6514293
6512403
6511542
6508285
6505150
6504941
6504822
6504405
6504141
6501622
6501574
6500648
6500585
6500566
6500393
6499775
6499731
6498514
6497750
6496943
6496386
6495975
6495613
6495587
6495051
6494691
6493695
6492279
6491685
6489991
6489858
6488161
6483955
6482684
6482300
6482176
6481274
6480959
6480746
6479937
6479494
6478876
6478686
6477792
6476912
6474713
6474552
6473923
6473669
6473414
6472361
6470145
6468438
6467721
6467320
6465045
6464762
6464656
6463537
6463255
6461167
6460776
6457341
6456147
6455561
6453759
6453384
6452936
6452690
6451959
6449118
6449086
6448828
6448745
6448396
6447854
6444856
6444592
6444476
6443914
6441943
6438396
6435542
6435032
6434935
6434752
6434428
6434334
6433489
6432383
6430929
6429424
6429066
6426636
6425854
6425428
6425255
6424070
6423800
6423507
6423086
6422877
6420159
6419924
6419875
6419502
6419289
6415862
6415728
6415460
6413783
6412300
6411960
6411791
6411193
6410734
6409990
6408730
6407218
6407134
6406810
6406600
6406050
6405382
6403790
6403337
6402090
6401078
6399233
6399135
6397941
6396432
6396304
6396050
6396026
6395516
6392843
6391891
6391058
6388938
6388366
6386068
6385304
6385161
6384934
6384928
6383621
6383173
6382911
6382358
6381484
6379955
6379238
6375814
6375445
6374128
6373900
6373061
6372843
6371717
6371152
6370121
6369472
6368540
6367947
6367436
6366519
6365391
6364385
6364223
6362145
6360591
6358238
6353767
6352876
6352305
6352115
6352019
6351731
6351290
6350947
6350586
6348101
6347584
6347427
6346826
6346185
6345083
6344838
6344828
6344427
6344416
6344142
6343794
6342630
6342428
6341855
6341473
6341352
6341268
6341197
6340897
6340425
6339553
6338889
6338453
6337376
6336589
6335514
6334860
6334049
6332667
6332451
6330301
6329896
6329324
6328493
6328237
6326730
6326172
6325878
6325700
6322828
6321632
6320499
6320252
6319589
6317385
6316621
6316294
6315781
6315609
6315080
6314137
6314122
6313532
6312697
6312330
6311884
6308612
6306058
6305526
6305261
6304496
6301918
6301121
6300839
6300697
6300116
6299127
6298883
6298615
6298227
6297295
6296662
6295923
6294733
6294369
6293813
6293450
6293447
6292617
6292328
6290525
6290004
6289160
6288578
6288022
6288012
6287597
6287330
6286994
6286299
6286266
6285537
6283132
6282991
6282657
6280270
6280100
6279495
6277879
6277253
6276631
6272828
6272257
6272238
6271683
6271661
6271386
6270767
6270538
6268346
6267726
6267341
6266729
6263091
6260734
6260648
6258716
6257370
6257312
6257083
6255713
6253715
6249792
6248981
6245639
6244371
6242631
6241837
6239782
6238991
6237082
6234466
6234246
6232980
6230888
6230842
6229573
6227030
6226713
6225625
6225187
6224833
6224574
6223852
6223278
6222979
6221972
6219513
6217728
6215643
6215489
6213313
6211429
6211368
6211235
6210742
6210501
6207197
6206750
6206734
6206590
6203809
6201866
6200845
6200343
6200274
6199878
6199567
6198433
6195784
6193640
6193038
6191233
6190677
6189383
6188815
6188289
6188073
6188046
6187459
6185258
6184112
6183685
6182635
6180045
6174457
6174038
6172650
6171795
6171505
6170168
6169406
6169180
6168571
6167982
6167603
6167212
6166885
6165714
6164350
6162050
6161726
6160595
6158749
6158098
6157945
6156793
6156380
6153731
6153405
6153332
6151643
6150664
6150069
6148993
6147362
6147200
6145933
6142694
6141544
6140187
6140001
6139055
6138306
6137849
6137662
6135100
6132009
6130721
6130487
6130250
6127441
6126661
6126640
6126382
6126239
6125221
6124534
6122685
6121179
6120320
6118328
6117720
6116847
6115111
6114568
6114271
6114245
6114202
6113676
6113656
6112349
6112249
6111662
6111449
6110564
6110557
6110480
6107066
6106594
6106339
6105475
6104584
6103430
6102991
6102887
6102573
6102084
6100969
6100194
6099332
6099114
6099083
6098772
6098669
6097277
6095940
6094672
6090182
6089807
6089264
6089242
6087475
6086196
6085778
6085684
6085584
6084658
6084543
6084126
6083776
6082476
6081813
6081753
6081558
6081257
6080433
6080384
6079988
6079709
6079419
6078911
6076112
6074179
6072977
6071824
6071214
6071106
6071022
6070826
6068883
6068226
6068046
6066429
6064422
6063567
6062672
6061563
6061467
6061221
6060595
6057863
6057665
6056140
6055996
6055340
6053397
6052178
6049456
6049227
6049017
6048809
6047505
6046260
6045913
6045680
6045369
6045024
6044698
6044564
6043215
6041845
6039293
6038367
6035699
6035191
6034606
6034444
6033493
6032118
6031958
6031917
6031740
6030413
6028000
6027920
6027610
6026174
6025821
6025618
6025347
6025007
6024865
6024359
6023270
6022844
6021944
6021341
6020901
6019602
6019504
6018574
6018396
6015581
6015157
6013436
6012609
6012292
6011911
6011725
6009544
6008819
6007930
6007891
6006729
6004930
6004220
6003152
6003028
6003002
6002888
6002621
6001176
6000560
5999422
5998862
5995398
5995129
5995119
5994441
5993851
5993252
5992924
5991406
5991168
5991052
5990987
5990679
5990591
5988813
5988098
5987892
5987546
5986772
5986537
5985447
5984647
5984629
5984389
5984357
5983885
5983556
5983450
5982987
5982983
5982909
5982828
5982772
5982596
5981869
5981447
5979940
5978959
5978899
5976835
5976750
5976670
5974213
5973818
5972896
5971967
5971829
5971490
5970640
5970348
5968708
5968228
5967555
5967187
5966099
5962139
5961733
5959779
5959638
5955878
5955748
5955317
5952719
5952020
5951129
5951117
5948899
5946770
5946473
5945732
5945497
5944536
5944520
5944108
5943260
5941912
5941461
5940511
5938973
5938283
5935733
5935635
5932358
5931748
5930565
5928721
5927094
5925426
5925089
5924083
5922804
5922704
5921792
5918556
5916771
5916744
5915906
5914164
5914054
5913516
5913451
5911891
5911583
5911458
5908762
5907761
5907670
5906895
5905561
5905196
5903176
5902100
5901786
5900494
5899902
5898535
5897405
5895097
5893767
5893118
5892310
5891887
5890592
5890521
5890493
5890367
5890341
5890015
5889758
5889326
5889130
5889092
5888506
5888334
5886283
5884972
5884629
5881613
5881081
5878536
5877540
5875022
5873343
5870716
5869940
5869397
5869165
5868674
5868036
5866513
5865215
5865056
5864845
5861355
5861151
5860357
5859752
5855297
5855224
5853936
5853227
5852747
5852721
5852516
5852354
5852005
5851524
5851466
5850977
5848168
5846943
5846878
5846639
5841989
5841123
5839054
5838376
5837598
5837224
5836948
5836460
5833877
5831826
5831426
5830063
5828914
5828052
5827954
5827254
5827158
5826890
5826034
5825159
5824493
5822003
5821894
5820266
5819536
5818805
5815984
5813546
5812687
5811394
5809800
5808259
5807876
5807526
5806926
5805548
5805324
5805051
5804918
5804852
5804840
5804340
5801583
5799310
5799036
5799020
5798990
5798694
5798689
5798337
5796542
5796172
5795245
5794281
5793348
5792617
5792298
5792221
5790617
5789939
5789565
5789101
5788415
5787090
5784426
5784167
5782020
5780877
5780265
5779165
5778526
5776060
5775986
5775703
5775009
5774447
5774103
5772458
5772249
5771592
5771537
5771256
5770721
5770612
5769997
5769331
5768945
5768485
5766261
5766238
5765127
5764555
5763982
5760980
5760898
5758490
5758050
5757891
5757567
5756793
5756184
5755454
5754552
5751724
5751232
5750826
5750346
5749197
5748902
5747508
5747370
5746870
5746557
5746299
5745628
5744824
5744706
5744658
5744078
5742173
5741909
5741738
5741513
5741109
5740255
5740164
5740125
5739676
5739540
5739503
5738792
5738746
5738483
5736336
5735227
5735080
5734522
5734431
5734288
5733233
5733216
5733186
5732841
5732448
5732309
5730677
5730273
5729218
5728006
5726233
5725583
5725150
5723810
5720841
5720237
5720144
5719317
5719296
5719289
5716692
5716326
5716070
5715702
5715663
5714741
5713741
5712819
5712117
5710542
5710259
5709458
5708258
5707445
5706790
5706190
5705214
5701179
5699162
5698646
5697700
5697070
5696833
5695703
5695179
5694323
5694130
5693752
5693692
5693001
5692443
5690810
5690274
5689596
5689574
5689471
5688409
5685693
5685630
5684634
5684387
5683989
5682875
5679711
5678201
5677849
5676454
5673434
5672707
5672352
5670940
5670513
5667950
5667578
5667533
5667270
5667198
5667010
5666360
5665833
5663751
5663716
5663615
5661617
5660520
5660212
5659255
5659000
5658487
5657290
5656309
5656062
5655807
5655727
5654240
5652751
5651420
5650789
5649862
5649377
5648033
5647982
5646907
5645805
5645592
5642995
5642198
5641578
5641070
5640972
5640321
5640297
5639318
5637996
5636768
5635895
5635383
5633846
5633694
5633033
5632221
5630923
5630676
5630442
5629778
5629397
5628935
5628893
5627808
5624819
5624620
5623487
5623471
5619203
5619147
5618419
5617908
5617114
5615834
5615195
5615182
5614648
5614128
5611778
5611240
5609414
5607774
5606683
5605449
5604109
5603527
5603392
5602726
5602607
5602195
5601910
5601207
5600864
5599830
5599041
5597549
5597414
5596180
5594739
5594076
5592144
5592018
5590993
5590749
5589843
5589660
5587759
5587556
5587348
5587038
5586346
5585529
5584702
5584405
5583833
5583191
5582931
5582139
5581382
5581368
5579192
5578398
5578313
5578108
5577243
5577183
5576848
5576789
5574453
5573936
5573035
5572130
5569604
5569087
5568823
5568703
5567388
5566743
5565379
5563872
5560521
5560047
5558053
5557949
5556720
5555751
5554690
5554124
5552383
5552022
5550758
5549695
5547017
5546880
5546615
5546164
5545306
5543925
5541804
5540145
5540021
5539990
5536692
5535801
5533007
5530939
5528946
5528275
5527281
5526178
5524418
5523777
5523124
5522670
5521006
5517192
5516303
5515352
5514535
5513538
5512916
5511521
5508342
5507805
5507206
5505044
5504660
5501748
5501591
5501568
5501150
5500717
5500522
5500315
5500195
5499425
5499393
5499061
5498078
5496033
5494377
5492954
5492753
5492499
5492302
5488164
5488022
5487316
5486908
5485999
5484919
5484902
5484693
5484236
5483766
5483243
5480273
5480073
5477122
5477018
5476138
5474152
5474137
5473106
5471968
5470188
5469692
5468414
5468319
5468018
5467770
5467375
5466116
5465605
5464095
5461846
5461792
5461586
5460682
5459643
5458925
5456403
5454309
5452517
5452017
5448392
5447829
5445250
5445228
5445003
5444897
5444259
5442009
5439371
5438526
5438218
5438136
5436262
5435665
5433273
5432823
5430620
5430578
5430339
5430078
5427691
5426341
5426043
5424626
5421667
5420646
5420532
5417122
5416240
5414977
5413769
5411811
5411806
5411297
5409316
5408594
5407741
5406551
5406531
5403948
5402974
5402165
5401930
5399729
5398994
5396720
5396143
5395373
5394415
5393315
5392967
5392688
5392636
5391295
5390419
5389710
5386829
5386612
5386610
5386479
5384532
5384434
5383611
5383451
5382269
5382110
5380001
5379102
5377287
5376764
5376256
5375632
5374822
5373691
5371642
5370215
5369709
5369324
5368986
5368048
5368012
5367889
5367016
5361278
5361079
5361074
5360654
5360123
5359539
5359395
5358721
5357477
5356750
5355943
5355503
5351641
5349452
5349402
5347695
5346760
5345443
5345328
5344352
5344075
5343969
5342888
5342433
5340412
5339544
5338398
5335214
5333915
5333875
5331501
5331341
5330987
5328437
5327955
5326844
5325673
5324199
5323192
5322322
5321695
5320648
5320128
5318517
5317505
5317467
5316740
5315234
5314200
5313852
5313418
5312415
5310066
5308496
5305482
5305167
5304585
5304474
5303324
5300986
5299575
5298637
5298368
5297319
5296364
5295662
5295420
5291771
5291623
5290227
5289344
5289062
5288207
5287530
5287397
5287037
5286933
5286628
5286405
5280838
5279134
5278137
5277623
5276131
5276038
5275964
5275103
5274713
5273947
5272780
5272440
5271692
5270962
5270662
5270269
5269209
5267421
5267116
5265085
5264140
5262912
5261809
5261792
5256140
5255965
5255739
5255053
5253650
5252718
5251499
5250985
5250891
5250762
5250522
5250094
5247531
5247088
5245070
5244918
5243388
5240332
5240051
5238726
5238632
5238528
5233152
5232996
5231480
5227555
5225565
5224414
5223478
5223435
5222957
5222782
5222733
5222196
5221960
5221731
5221420
5221308
5221183
5220376
5219700
5219347
5219285
5218675
5218340
5217412
5217326
5217319
5216942
5216231
5216221
5215306
5215155
5214975
5214072
5213997
5213392
5213294
5213087
5212886
5212542
5211659
5211102
5210495
5208865
5206927
5205796
5204656
5204356
5202773
5202285
5202218
5201855
5201824
5201011
5199727
5199598
5199081
5197893
5197556
5197146
5197015
5196160
5196037
5196024
5195898
5195285
5194475
5194247
5193700
5193338
5191823
5191381
5191340
5190794
5190390
5188372
5187535
5187431
5186621
5186090
5184569
5184415
5184359
5183561
5182971
5180223
5179187
5178866
5178639
5177812
5175750
5174578
5173069
5171888
5170845
5170556
5170215
5169901
5169562
5168898
5166261
5165946
5165703
5165521
5165033
5164027
5163879
5161646
5161325
5160716
5160710
5160518
5159576
5159400
5159123
5158938
5158052
5152244
5152217
5149791
5149515
5148444
5145742
5143765
5143698
5143119
5141606
5140354
5139835
5139388
5139269
5139207
5138755
5138002
5137313
5136465
5136002
5134850
5134360
5130218
5129871
5128948
5128546
5128236
5127730
5127211
5126557
5125690
5125275
5124981
5123783
5122681
5122573
5122529
5120920
5119070
5118672
5117254
5116971
5115437
5115321
5114888
5114887
5114847
5114714
5114241
5112425
5111929
5111817
5111723
5111281
5109056
5107350
5107194
5106868
5105614
5104877
5104356
5104080
5103704
5103345
5103247
5102808
5102015
5101888
5099161
5097073
5096701
5094401
5092996
5091558
5089980
5088465
5087471
5087099
5086903
5086380
5086319
5085766
5084491
5083001
5082928
5080434
5080217
5080121
5079091
5078449
5078443
5077245
5075349
5075241
5074987
5074987
5074830
5074192
5073847
5072715
5072033
5071930
5071484
5070843
5070271
5069668
5067660
5067138
5066915
5066499
5066068
5065627
5065278
5064791
5064751
5064660
5063866
5061282
5059982
5059962
5058794
5058511
5058081
5056662
5054415
5054127
5053116
5052895
5052041
5051440
5045167
5044221
5042613
5041901
5041879
5041833
5041660
5041264
5039389
5039339
5038430
5037274
5036451
5034915
5034744
5033956
5033675
5033460
5033264
5031221
5030727
5028661
5026109
5025862
5025364
5022787
5022651
5020216
5019827
5019406
5019352
5018987
5018020
5015481
5015413
5014339
5013494
5013086
5009823
5008254
5007633
5007497
5007156
5004028
5002132
5000651
5000523
5000319
4999272
4998915
4997804
4997371
4996912
4996236
4996211
4993180
4992756
4990772
4990603
4990408
4989782
4988675
4988619
4988279
4988246
4987863
4987270
4986416
4983744
4983364
4982958
4982566
4982393
4982337
4981889
4981455
4981351
4980888
4979947
4978974
4977612
4977321
4976659
4975689
4974799
4974613
4974032
4973249
4972518
4970749
4968484
4967285
4964047
4963813
4963799
4963781
4962803
4961742
4960603
4959697
4959460
4958574
4958179
4956134
4954802
4953437
4953148
4952999
4952544
4952371
4951936
4951907
4949546
4948893
4948701
4947893
4947430
4947229
4945076
4944966
4943608
4942614
4942501
4942340
4941825
4941733
4941499
4941192
4940682
4940633
4939544
4935219
4933695
4932415
4932270
4931397
4930415
4929953
4929731
4927379
4925231
4924621
4924126
4922045
4921917
4920593
4919849
4918638
4917219
4915663
4912867
4911833
4911810
4911414
4910822
4910646
4908747
4906314
4905778
4905007
4904238
4903107
4902035
4901560
4900276
4898973
4898589
4898032
4897878
4896309
4896030
4895518
4893905
4893488
4891231
4890492
4890120
4888545
4888433
4887322
4887061
4886312
4884653
4883460
4883313
4882098
4881474
4880970
4880835
4878083
4873876
4873260
4871143
4870711
4870342
4869171
4868137
4867648
4864000
4863605
4863533
4863379
4862933
4861339
4860383
4859992
4859871
4858552
4857055
4855842
4854039
4853448
4852675
4852145
4849956
4848900
4845308
4845039
4841979
4841456
4841141
4840925
4840360
4839860
4839732
4838984
4838777
4837591
4836219
4835573
4833589
4832782
4832781
4832673
4832552
4831603
4830816
4829943
4827276
4826892
4825175
4822646
4820797
4820461
4819610
4818078
4817509
4817314
4814164
4814154
4813860
4813695
4812408
4812324
4812133
4811585
4810820
4810688
4809603
4807756
4807668
4803938
4803399
4803335
4803281
4803006
4802678
4802069
4801857
4799139
4797192
4796410
4795028
4794463
4793639
4791979
4790740
4789613
4789046
4788394
4786034
4784078
4783797
4782512
4781803
4781359
4780849
4780373
4779622
4779225
4779102
4778544
4778312
4778238
4778010
4777612
4776822
4775827
4775233
4774867
4774448
4771923
4771548
4770313
4768836
4766598
4766215
4764224
4762639
4762280
4760613
4759945
4759337
4759103
4757953
4754801
4753709
4752338
4752317
4751339
4751001
4750337
4750237
4749856
4749656
4748679
4748158
4745729
4744997
4744007
4743647
4743488
4741376
4741060
4740285
4739584
4738409
4738111
4738065
4737745
4736067
4734216
4732482
4731457
4730231
4728389
4728194
4728029
4727669
4727121
4724293
4723485
4721314
4719873
4719055
4718772
4718107
4717578
4717529
4716781
4716500
4716482
4716038
4715303
4714554
4713231
4712896
4711340
4711091
4710646
4710646
4705985
4705938
4705049
4704163
4703967
4703036
4702844
4702293
4701841
4700610
4699318
4698686
4697865
4696078
4694866
4694293
4693658
4693522
4693218
4693001
4690550
4688551
4688275
4687645
4687058
4686894
4686751
4686145
4685822
4685270
4685184
4681901
4681823
4681704
4681503
4680413
4679405
4676163
4675245
4674904
4674483
4673210
4672826
4670845
4670662
4668856
4668788
4668101
4667353
4666632
4665552
4664673
4663991
4662292
4662034
4661880
4661878
4660634
4660138
4659790
4659487
4658927
4658122
4654993
4654681
4654160
4653720
4652808
4651784
4651004
4650188
4649900
4649646
4649029
4648596
4647613
4645841
4644742
4644002
4643819
4643320
4643274
4642620
4638391
4636924
4636697
4635668
4635286
4634749
4634262
4633241
4633136
4633086
4632343
4632188
4631848
4628676
4627984
4626153
4624458
4623901
4621277
4620104
4620090
4619804
4619791
4619504
4619123
4618222
4617132
4614612
4614598
4614234
4613333
4612050
4612000
4609616
4607272
4607234
4606488
4606304
4605840
4605296
4604097
4603016
4599962
4599777
4599251
4597715
4597405
4597188
4596339
4595952
4595528
4594231
4593895
4592597
4590891
4590635
4590222
4588700
4588558
4587808
4586637
4586091
4585691
4584877
4584723
4584015
4583543
4583297
4583193
4582973
4582252
4581892
4580814
4578463
4577913
4576702
4574989
4574256
4573194
4568547
4567730
4565891
4565700
4564875
4564046
4562576
4560718
4559813
4559206
4559020
4558954
4558474
4557288
4556719
4556617
4556270
4555925
4554793
4554743
4554032
4554000
4552874
4552235
4550005
4549162
4546320
4545858
4545654
4545127
4544156
4543960
4543647
4540077
4537778
4537551
4535938
4535801
4535264
4535011
4532767
4532643
4532237
4531895
4527807
4527039
4524764
4523666
4522625
4522454
4521707
4521098
4520390
4519942
4517465
4517116
4516839
4516726
4513675
4513484
4510160
4509664
4508149
4506716
4506691
4505339
4505153
4504297
4503976
4503041
4502507
4501380
4501171
4500324
4500105
4500008
4498798
4497801
4494216
4492161
4490847
4490388
4490093
4489344
4485634
4484708
4483104
4482859
4480895
4477441
4475815
4475481
4472382
4471259
4469266
4468358
4467324
4463717
4462472
4458993
4456567
4455629
4453903
4453503
4452170
4452041
4447900
4446668
4444809
4444682
4444070
4444068
4441934
4440234
4439120
4437418
4433140
4431262
4431053
4430466
4430411
4425984
4425101
4424785
4424351
4421968
4421438
4420027
4419742
4419667
4418153
4417263
4416251
4416153
4415935
4415683
4415127
4412940
4411574
4411483
4410614
4406991
4406676
4405609
4404865
4404662
4403749
4402158
4401535
4401459
4401085
4398571
4398003
4397868
4397548
4397282
4396990
4396786
4396566
4396417
4395035
4394761
4393320
4392587
4392314
4389959
4389227
4387967
4386204
4386128
4385001
4384426
4384421
4383955
4383026
4382977
4382379
4382271
4381450
4379486
4379243
4378462
4377204
4376272
4375980
4375667
4374246
4374118
4373819
4373536
4372642
4372374
4372035
4371641
4370424
4368506
4368344
4367899
4366885
4366504
4365754
4365487
4364583
4364085
4363236
4362593
4361501
4360954
4359722
4358748
4358663
4357760
4357290
4356972
4356778
4356019
4355752
4355705
4354147
4353784
4352624
4352511
4352134
4350547
4349321
4349031
4347719
4347335
4346200
4345963
4343876
4343234
4342782
4342599
4342467
4342463
4340808
4340346
4339928
4339516
4338576
4337497
4337435
4336726
4335142
4334264
4333900
4328942
4328855
4328352
4327263
4326080
4325543
4324971
4324924
4324441
4323301
4322610
4322079
4321740
4321475
4320590
4319588
4316046
4315445
4315036
4313126
4312853
4311817
4311765
4309552
4309508
4306532
4306080
4304833
4301888
4300701
4300064
4299888
4299502
4298630
4298042
4297413
4296271
4293861
4291988
4291765
4290813
4288852
4288382
4288288
4287069
4286655
4286366
4286309
4284200
4283260
4281559
4281339
4280996
4280979
4279526
4279488
4277066
4275609
4274810
4274316
4273815
4272498
4271242
4270997
4269789
4268848
4266049
4265786
4265683
4265589
4264423
4262951
4261889
4261072
4260427
4260056
4258899
4258684
4258397
4257185
4254295
4254018
4252586
4251370
4251303
4251266
4249441
4249375
4248857
4248779
4248137
4247297
4246113
4245828
4245164
4244359
4244153
4243877
4242268
4242148
4241642
4241264
4241002
4238755
4237902
4236226
4234562
4231677
4228764
4228745
4228517
4227835
4225855
4225826
4224778
4224568
4222859
4221247
4220035
4219584
4218344
4217085
4215599
4214967
4214624
4212991
4211507
4211013
4210666
4209799
4209669
4209361
4208627
4208505
4208070
4206993
4206965
4206504
4205470
4205144
4203138
4202194
4201523
4199032
4198294
4194546
4194479
4194347
4194288
4194031
4191779
4190634
4190275
4189681
4188529
4186521
4185100
4184417
4181540
4180580
4180429
4178131
4176580
4176561
4176243
4175363
4174500
4170252
4169647
4168453
4168417
4168338
4166661
4166527
4166463
4165070
4161798
4160242
4159518
4158785
4158607
4158476
4158148
4155874
4154778
4154322
4153884
4152316
4149963
4149900
4149065
4148433
4147886
4146686
4144673
4144240
4141587
4141543
4141102
4140816
4140496
4140339
4138105
4137633
4137169
4136877
4135971
4135590
4134972
4132728
4131749
4131739
4131570
4129767
4129312
4128586
4127797
4125464
4125139
4124051
4124008
4123582
4123333
4122312
4121395
4119132
4117164
4116980
4116801
4115804
4115410
4114613
4114069
4113794
4112271
4110068
4108146
4106860
4106795
4106265
4105552
4105343
4105283
4104545
4100322
4095818
4095221
4094147
4091633
4091024
4090825
4090653
4089493
4088551
4086734
4086686
4086568
4085226
4084897
4084709
4084407
4084040
4083335
4082562
4081896
4081171
4081135
4080398
4079703
4079670
4077795
4076314
4074324
4073574
4072134
4069758
4067624
4065872
4065810
4065328
4065202
4065068
4064539
4062828
4062577
4062436
4062426
4062051
4061968
4060082
4059649
4059383
4058879
4057568
4057056
4056422
4055516
4054096
4052376
4050193
4045422
4044119
4044009
4043718
4042840
4042055
4041306
4038558
4037870
4037494
4036061
4035962
4033936
4033637
4032345
4031583
4028415
4027891
4025074
4025061
4024845
4022828
4022764
4022150
4021602
4020516
4019092
4018373
4015007
4014754
4014595
4012912
4011853
4011026
4009551
4009403
4008563
4006931
4005210
4004680
4004167
4003713
4002016
3999944
3998103
3997387
3997354
3997343
3997073
3996873
3996205
3996054
3995435
3994579
3994563
3993088
3992207
3992020
3990340
3989784
3988739
3988731
3988348
3987835
3986953
3986191
3985988
3985330
3984872
3983665
3982831
3982729
3982636
3982538
3982294
3982113
3980295
3975434
3974131
3973979
3972884
3972571
3970053
3969456
3969283
3969006
3968878
3968431
3967250
3965865
3965009
3964486
3963559
3962479
3961092
3961047
3961003
3960968
3960619
3960462
3960084
3959927
3959055
3958852
3957648
3956726
3955545
3953824
3952882
3952846
3951205
3948984
3948826
3948355
3947359
3946727
3946435
3945993
3944045
3943534
3943496
3942491
3941245
3939604
3938895
3938226
3936473
3936278
3934752
3933881
3933712
3928961
3928205
3927765
3925523
3925202
3925002
3923939
3923640
3923477
3922127
3919975
3919946
3917889
3916398
3915679
3914130
3913462
3912897
3911242
3907806
3907279
3905623
3905415
3904767
3902950
3899514
3898806
3897798
3893949
3893654
3892846
3892250
3892123
3890183
3890131
3888265
3887862
3885733
3884359
3880844
3877748
3875354
3874503
3873935
3871978
3870598
3870042
3869237
3868636
3868570
3866458
3866179
3865639
3863264
3862320
3861954
3861463
3860497
3859956
3859125
3858583
3858203
3856709
3856218
3855828
3853602
3853180
3853104
3852912
3852109
3848590
3848226
3847594
3845529
3844271
3842032
3838415
3837964
3837891
3837689
3837585
3836105
3835031
3833421
3833316
3831655
3831486
3830013
3827497
3827274
3826937
3826899
3824961
3823643
3819978
3819182
3818378
3816856
3816194
3815860
3815002
3814361
3814145
3813802
3812831
3811293
3810476
3810005
3808855
3807992
3807248
3806404
3804985
3804852
3804744
3804343
3804191
3802734
3801971
3801664
3801085
3800094
3798892
3798671
3798642
3798085
3796250
3795889
3794490
3791866
3791693
3790756
3788726
3788261
3787523
3787323
3787069
3785830
3785651
3785227
3784531
3784262
3783208
3783120
3783097
3781808
3781765
3781535
3779872
3779601
3778063
3777044
3774371
3774056
3773991
3771554
3767288
3764449
3763861
3763743
3763190
3762473
3762235
3761856
3758249
3758217
3757205
3757016
3755642
3755620
3755417
3754554
3752356
3751830
3751432
3751346
3751019
3750658
3748555
3747704
3746416
3741781
3741523
3741219
3740266
3739781
3737961
3736173
3734082
3732696
3732565
3732455
3732437
3732388
3732385
3730663
3730607
3729206
3728185
3727730
3725307
3723697
3723285
3722132
3721787
3721657
3721246
3720809
3719883
3716501
3715944
3714190
3713707
3709956
3708508
3707954
3706820
3706407
3706105
3704838
3704588
3702778
3702491
3701722
3699933
3697516
3695772
3694787
3694555
3694090
3693209
3692655
3690474
3690446
3690033
3688414
3687007
3684954
3684080
3683098
3682777
3680651
3680393
3680087
3680037
3679725
3678719
3677404
3676903
3675567
3673898
3673165
3672479
3672024
3671722
3670225
3669937
3667772
3664994
3664968
3664450
3663858
3662704
3662377
3661370
3658638
3658484
3658383
3658202
3657149
3656265
3655728
3655687
3655348
3654919
3654550
3653520
3652189
3651708
3648984
3648547
3647617
3647350
3645139
3644351
3644224
3640185
3639510
3638165
3637186
3636912
3636891
3636783
3636161
3635747
3634886
3634409
3634213
3632604
3631941
3629060
3628367
3628357
3627573
3627088
3625210
3624776
3624692
3624438
3624345
3623312
3623100
3622719
3622188
3620507
3619948
3619880
3619313
3618225
3617890
3617832
3617783
3616499
3616180
3613933
3612103
3610992
3610797
3610605
3610307
3609901
3608967
3608847
3607898
3607867
3606795
3606759
3606151
3603764
3602737
3601755
3600528
3600366
3599845
3598978
3598425
3598042
3597442
3597371
3596715
3592208
3591609
3589524
3588499
3587377
3586414
3583133
3582382
3582077
3581643
3581623
3581598
3579724
3579105
3577974
3577407
3576845
3576401
3576244
3574161
3573738
3572180
3571632
3570260
3569572
3569459
3568807
3568761
3566456
3566174
3565221
3564679
3564500
3561180
3558449
3554443
3553271
3553011
3552943
3551475
3550864
3550390
3550037
3549235
3546762
3545932
3543680
3543252
3541225
3541026
3540886
3540023
3538427
3537459
3537320
3536043
3535500
3534496
3534050
3533644
3532675
3531253
3529620
3529266
3526223
3524966
3524115
3521873
3521589
3520811
3519757
3519621
3519056
3516940
3516601
3516252
3512837
3512777
3511383
3510396
3509661
3509488
3508802
3508294
3506767
3505387
3505278
3504952
3503988
3503297
3502793
3498633
3497743
3497466
3497457
3495604
3495558
3495166
3495122
3494184
3494154
3493156
3492350
3491081
3490064
3489329
3485593
3484943
3484639
3483441
3483234
3482815
3481957
3480142
3479472
3478961
3478225
3478048
3476963
3473895
3470715
3470017
3469924
3467792
3467629
3467376
3465416
3465239
3465232
3465005
3464457
3463920
3463347
3461501
3461304
3461132
3460229
3459675
3458528
3458130
3456984
3456939
3455964
3455711
3454067
3453044
3452186
3450847
3450477
3449792
3448262
3447945
3447757
3445603
3444999
3444791
3442154
3441821
3439985
3439966
3438195
3437308
3437134
3433543
3432944
3431541
3430899
3430597
3430351
3429868
3429229
3428355
3427583
3425204
3424717
3424168
3423919
3421341
3420083
3419851
3419736
3418979
3416258
3414577
3414037
3409702
3408960
3408597
3406804
3404559
3403967
3402873
3402761
3400541
3400473
3400042
3397953
3397757
3396360
3395443
3391894
3391093
3390807
3390678
3388665
3386718
3385837
3385110
3384860
3383638
3382693
3381910
3381084
3380789
3380466
3380145
3380021
3379823
3379355
3378676
3378425
3378391
3376195
3374823
3373180
3372321
3372280
3372149
3371453
3371123
3371111
3370736
3370336
3369761
3369038
3368296
3365688
3365521
3363245
3362964
3362955
3362726
3362608
3362342
3361983
3361407
3361160
3358379
3357774
3357474
3355560
3353030
3351352
3349947
3348493
3348278
3347723
3346368
3345351
3344374
3343352
3342992
3341251
3340683
3339921
3339714
3336816
3333972
3333573
3333441
3333193
3332842
3332367
3330321
3328169
3328041
3327358
3326183
3324799
3323532
3321788
3321269
3320195
3319984
3319875
3318118
3317408
3315599
3313786
3313683
3313435
3313362
3312734
3308859
3307612
3307101
3307020
3305496
3304889
3303512
3300981
3298391
3297962
3295919
3294448
3293267
3291359
3290416
3290340
3289763
3289417
3289191
3285972
3283688
3283364
3283137
3282765
3282491
3282386
3281976
3281556
3280319
3277994
3276033
3275188
3274749
3274226
3273352
3271955
3271669
3270389
3266605
3265603
3265597
3262650
3261107
3260725
3255350
3252809
3252632
3251544
3251353
3251134
3250511
3250167
3249725
3249593
3248666
3248251
3248030
3247546
3244598
3242712
3241951
3241487
3240923
3240680
3239904
3238397
3235465
3235429
3235155
3234370
3234076
3233785
3233026
3232347
3232300
3230711
3230443
3228623
3228029
3227371
3227160
3226372
3225923
3225881
3225489
3223113
3221975
3220297
3219796
3218694
3218085
3217683
3217618
3217261
3215363
3215293
3214603
3213967
3212750
3212737
3212685
3211825
3211230
3210917
3210584
3210090
3207154
3206061
3205030
3200299
3198488
3197456
3196418
3196101
3196040
3196015
3196013
3195336
3194525
3194216
3194208
3192702
3191212
3190287
3190186
3189137
3188342
3187886
3187305
3187111
3186140
3183881
3183785
3183714
3183426
3181247
3178869
3178701
3178237
3178188
3176605
3175896
3174692
3173886
3172982
3168147
3168048
3165874
3165815
3163477
3162689
3161746
3161061
3158425
3158269
3157129
3156676
3155323
3155290
3154641
3154035
3151060
3149886
3149474
3149454
3149277
3148646
3148065
3146328
3145571
3145307
3143655
3142491
3142452
3141709
3140703
3137226
3136200
3135842
3134311
3130942
3129137
3127550
3126071
3125122
3124816
3124756
3123177
3120659
3120567
3119446
3118173
3117324
3117317
3111287
3111275
3109705
3107662
3107143
3106413
3106271
3105700
3105238
3102619
3102438
3102265
3102039
3100028
3098858
3095487
3095311
3094400
3094218
3093898
3093644
3093548
3091136
3091111
3089859
3088129
3085713
3084800
3082557
3082469
3082389
3082196
3082094
3080864
3080616
3078858
3077568
3076605
3075482
3073994
3073341
3073153
3071020
3070069
3069669
3069531
3067933
3067732
3065928
3065805
3065619
3064410
3064259
3062850
3061487
3061315
3059758
3058787
3058652
3058242
3057527
3056059
3055074
3054851
3053391
3053323
3053320
3051961
3051388
3050646
3049593
3049131
3048506
3048314
3047938
3047153
3046842
3045825
3045800
3044057
3043084
3042839
3040453
3040250
3039905
3039586
3038752
3038659
3038561
3038339
3037831
3036912
3035253
3035121
3034521
3034440
3033348
3030753
3030500
3030138
3029716
3028989
3028661
3028609
3028414
3027497
3026525
3026171
3025310
3023912
3022703
3021912
3021347
3019812
3018750
3017534
3017017
3016015
3015631
3014695
3014670
3014652
3014577
3012440
3010313
3009222
3007673
3006568
3005510
3004649
3003034
3002431
3000677
2999370
2998303
2996889
2996213
2995611
2994493
2992824
2992264
2989954
2989453
2988730
2987823
2987364
2985169
2985136
2985095
2984248
2983231
2981730
2980746
2980458
2978694
2978638
2978242
2977170
2976840
2976516
2976324
2976305
2975699
2973769
2972929
2972388
2971057
2966707
2965887
2964554
2964307
2963555
2963397
2963254
2962141
2961993
2961725
2959267
2958012
2956023
2955661
2954145
2953982
2953752
2950847
2948988
2947678
2946746
2946065
2945695
2945293
2944667
2944195
2942416
2940586
2939666
2938504
2938047
2936465
2933984
2933929
2933758
2933209
2932912
2932547
2931084
2930640
2930391
2929851
2928780
2926017
2925009
2924949
2924673
2923498
2922991
2922487
2922321
2920000
2919832
2919819
2919526
2919274
2918213
2918118
2917630
2917202
2916163
2915988
2915671
2915648
2914429
2914230
2914212
2914134
2912742
2912437
2911252
2911132
2910696
2910446
2909750
2908945
2908860
2908619
2908340
2908285
2906555
2905289
2904493
2904255
2903247
2902916
2901774
2901749
2901363
2901336
2900397
2896210
2895398
2892050
2891821
2890829
2890463
2889521
2888770
2888744
2887077
2886541
2886456
2885989
2885248
2884668
2882876
2882719
2882032
2881958
2881575
2880702
2879993
2878173
2878137
2877515
2876390
2874774
2870185
2869221
2868341
2867260
2865833
2865707
2864677
2863727
2863050
2859716
2859565
2859393
2859239
2859072
2858903
2858851
2858493
2858069
2857755
2857225
2855907
2854586
2854316
2853890
2853156
2853031
2852660
2852532
2852386
2849322
2849156
2849152
2848985
2848404
2846228
2845271
2844151
2844034
2843928
2842022
2841417
2840645
2840053
2839677
2837469
2836815
2836800
2834623
2834547
2834297
2833574
2832395
2832015
2831839
2831184
2831052
2831039
2827403
2827169
2827078
2826985
2826902
2826632
2826331
2825762
2824017
2821902
2821767
2820880
2820432
2820396
2819631
2818451
2817795
2817712
2815937
2815895
2815494
2813496
2811166
2809771
2809588
2808375
2807909
2807740
2807730
2807353
2805642
2804807
2804545
2803466
2803090
2802833
2801966
2800429
2800050
2799961
2799674
2799334
2798236
2798188
2797825
2794613
2794086
2791283
2791237
2790993
2790012
2789995
2788650
2788253
2787837
2787513
2785996
2784382
2784245
2783953
2783493
2781903
2781742
2781506
2780844
2778734
2777439
2776691
2774709
2774081
2772756
2771807
2771140
2771095
2769457
2769031
2768768
2768044
2767347
2767340
2767053
2765556
2765530
2764713
2764705
2763729
2760090
2759850
2759085
2755024
2754072
2753679
2752603
2752490
2751943
2750064
2749541
2749169
2747002
2745463
2743882
2743533
2742789
2742252
2741056
2740824
2740348
2740266
2738967
2736676
2736603
2735756
2734871
2734693
2734294
2733905
2732576
2730888
2730333
2730075
2729238
2729215
2728661
2725711
2725564
2725147
2724979
2724733
2724076
2723620
2722805
2722668
2720547
2719668
2718038
2717365
2716628
2715426
2714205
2713666
2713598
2713260
2713013
2712209
2710995
2710538
2710388
2709657
2707397
2707146
2706988
2705127
2703408
2702985
2699851
2699559
2697544
2696958
2696729
2696370
2695802
2694478
2694107
2694102
2693403
2692910
2692344
2691949
2690921
2690868
2689297
2685689
2684318
2684301
2683088
2682876
2681733
2681378
2679886
2678986
2676143
2673763
2672521
2672215
2671664
2670550
2670145
2670114
2669990
2669659
2669564
2667911
2666621
2666412
2662943
2662204
2659609
2659540
2657776
2654359
2653980
2653799
2652171
2649350
2648932
2648189
2646926
2645120
2645120
2643735
2643379
2642670
2641139
2640864
2640629
2639365
2639094
2638706
2638141
2633218
2632933
2632189
2629913
2628931
2627001
2626570
2626389
2626047
2624954
2624584
2623771
2623376
2622940
2622327
2620003
2619666
2619250
2618820
2615148
2615145
2614814
2613700
2613418
2613176
2610042
2609181
2609070
2609064
2607333
2605592
2605490
2605474
2604335
2604244
2603048
2602212
2601819
2601387
2599216
2599125
2594227
2592988
2592413
2592382
2591548
2590959
2590619
2590041
2589611
2587982
2587257
2586738
2586327
2586196
2584966
2584322
2583966
2582533
2578301
2578289
2577038
2576924
2576175
2575632
2573677
2571904
2571777
2571242
2570423
2569669
2569433
2568403
2567149
2565826
2564558
2564196
2564119
2563807
2562308
2562233
2562199
2559804
2559343
2559127
2558829
2557589
2555633
2555030
2554700
2552963
2552286
2551578
2551316
2550832
2549917
2549086
2547333
2545009
2543545
2542257
2541761
2541453
2540872
2539609
2539363
2538725
2537478
2536748
2536690
2536458
2535901
2535562
2534831
2534624
2533580
2532703
2530894
2529731
2529628
2529188
2528185
2526629
2526406
2524519
2524129
2521448
2520451
2520056
2519773
2518467
2518399
2517788
2517713
2516577
2516553
2516354
2516239
2514642
2514067
2513264
2512712
2512539
2511230
2511174
2510954
2510591
2510049
2509410
2508896
2508463
2508186
2508151
2506702
2506407
2503800
2503216
2502112
2502025
2501634
2500880
2500293
2500060
2499791
2499708
2495033
2494123
2493139
2491760
2491092
2490648
2489334
2488477
2488068
2486625
2486602
2486265
2484964
2484466
2483925
2483727
2483341
2481471
2480239
2479676
2479593
2478644
2478084
2478050
2473078
2468926
2468590
2467809
2467685
2467162
2465831
2465732
2465659
2464585
2463249
2463048
2460105
2459985
2459363
2457879
2455893
2455254
2454681
2454003
2453805
2452990
2452332
2451061
2450982
2450449
2450180
2449671
2448303
2447657
2446654
2445590
2445574
2445262
2444833
2442971
2442606
2442299
2441636
2440812
2440144
2440055
2440000
2439826
2439301
2438292
2436469
2436153
2433616
2433469
2431228
2431185
2430077
2430061
2429406
2429201
2429058
2426875
2426670
2426420
2426323
2425596
2424039
2423575
2422084
2420785
2420174
2419810
2418228
2418105
2417956
2417951
2415607
2415191
2413296
2412240
2411957
2409864
2409858
2407767
2407627
2406896
2405425
2405290
2401748
2399755
2399022
2397255
2396377
2396114
2395329
2394609
2394563
2389889
2389735
2389470
2389065
2388917
2387727
2387721
2387352
2386681
2385383
2382849
2382789
2382460
2382440
2382344
2377015
2376785
2376504
2376320
2375546
2374692
2374584
2374569
2373671
2372716
2371127
2368669
2368481
2365373
2364633
2363562
2361934
2357860
2357710
2356133
2355396
2353795
2352400
2352197
2350177
2350048
2349951
2349948
2347173
2345748
2344830
2341837
2341432
2340923
2340766
2340640
2339334
2339088
2338969
2338310
2336829
2336795
2333564
2332852
2332092
2332022
2330794
2330281
2329182
2329146
2326362
2326273
2326158
2323889
2323617
2322895
2322595
2321189
2320582
2320288
2317874
2313742
2311691
2311440
2311143
2310779
2310119
2309091
2307106
2307089
2305677
2304558
2304197
2303323
2302969
2302331
2301805
2299856
2299489
2299342
2297465
2297129
2297042
2296666
2296262
2293658
2293217
2293153
2293129
2291766
2291271
2291181
2290184
2288986
2288803
2287609
2287334
2287329
2286570
2285477
2285428
2285367
2285085
2283873
2283299
2282961
2282405
2281873
2280479
2280167
2279482
2277410
2275673
2275555
2275046
2273737
2272750
2272431
2271385
2270597
2270541
2270166
2269377
2266247
2265888
2264410
2263960
2263760
2263746
2263579
2263240
2262382
2262143
2260514
2259631
2259344
2259037
2258011
2254953
2254176
2253872
2252846
2252413
2251409
2250543
2250057
2246554
2244605
2244593
2243282
2242830
2241150
2238295
2237272
2236848
2235638
2235181
2234556
2234388
2233811
2232719
2232641
2231832
2229224
2228426
2227910
2226884
2226784
2226481
2226272
2221878
2221191
2219754
2219681
2217673
2216372
2216357
2215944
2214583
2213541
2210858
2210762
2208478
2208291
2207439
2205756
2204602
2204174
2203910
2203527
2202314
2201228
2200192
2199392
2199108
2199003
2198740
2197595
2197382
2197192
2195101
2194584
2193990
2191741
2190178
2189776
2189687
2188716
2187733
2186530
2183541
2182677
2182512
2182496
2181676
2179654
2178417
2177820
2177728
2176151
2174904
2174487
2173699
2172467
2172282
2171504
2168565
2168365
2167892
2167668
2167194
2166548
2165806
2163476
2162965
2162326
2160883
2160806
2159847
2159093
2159069
2154970
2151857
2150362
2148655
2147652
2144246
2141704
2140103
2139497
2138121
2137216
2136700
2136643
2136318
2136066
2135040
2135026
2132724
2132547
2130204
2129228
2129138
2127837
2127725
2127363
2126497
2125290
2123046
2122765
2122511
2122026
2121479
2121321
2120717
2118457
2117790
2115967
2115334
2114074
2112170
2109131
2108777
2108752
2108535
2107775
2107223
2106295
2106262
2106184
2103430
2102978
2099480
2098792
2098757
2098546
2098394
2096498
2096336
2096135
2095713
2095628
2094763
2094114
2092882
2092052
2090638
2090307
2089892
2089538
2088966
2086464
2085042
2085013
2084682
2082868
2080631
2079758
2078929
2077477
2074950
2072656
2071326
2071157
2070471
2070389
2069403
2069167
2068463
2067930
2066747
2064818
2062171
2059868
2059714
2059684
2058275
2057302
2057142
2056230
2056133
2055572
2053899
2053339
2053086
2051603
2051088
2049871
2049077
2048932
2043937
2043429
2041998
2041649
2041431
2041026
2040331
2039283
2038312
2037338
2035468
2034129
2033431
2032661
2032108
2031903
2030375
2029535
2029371
2025993
2025226
2022195
2021586
2021378
2020809
2016060
2014258
2013674
2012020
2010642
2009571
2009353
2007348
2006826
2004240
2003683
2002610
2002072
2001645
2000929
2000522
1999939
1999767
1998625
1997999
1997146
1996862
1996572
1996006
1994271
1993662
1993521
1993162
1992009
1988493
1988481
1987399
1987371
1986054
1984624
1984459
1983524
1982982
1982049
1981695
1981244
1980167
1979978
1979910
1978738
1977754
1977150
1973092
1967168
1967148
1964910
1963462
1963241
1962378
1959948
1959156
1958933
1957385
1954056
1953853
1953229
1952950
1951761
1951613
1950268
1948544
1948197
1947931
1947835
1945476
1945074
1944626
1944310
1943466
1940799
1940640
1940112
1939907
1938325
1935588
1934546
1934301
1933068
1931356
1930573
1929693
1929090
1928115
1927269
1926567
1926523
1925528
1925395
1920775
1919241
1918667
1917397
1916587
1914042
1913856
1913243
1912846
1912171
1908303
1907950
1906982
1906903
1905834
1905040
1902629
1902277
1902173
1900841
1899834
1896539
1895220
1894616
1893659
1893336
1893080
1892515
1891206
1889567
1888332
1888056
1886830
1885009
1884324
1882978
1881212
1879673
1879500
1878540
1876137
1873975
1873423
1872736
1863961
1863545
1862973
1861763
1859794
1857968
1857857
1857068
1856503
1856259
1855023
1854012
1853309
1853289
1851997
1851888
1851695
1849655
1848993
1848285
1845266
1843710
1843557
1843149
1842724
1842465
1841297
1841130
1840199
1839866
1839583
1837752
1837388
1836757
1836277
1836209
1836142
1834441
1834036
1833235
1831550
1831441
1831305
1830095
1829543
1828161
1827912
1826719
1825944
1825374
1825052
1822971
1822748
1822277
1822102
1821533
1821264
1815875
1815781
1815409
1815099
1814388
1812160
1811708
1810878
1810228
1808949
1807809
1805586
1804865
1804834
1804119
1803519
1803064
1802975
1801243
1801166
1800792
1800780
1799072
1798510
1797049
1796941
1796548
1795925
1795074
1794622
1793873
1792897
1791422
1790049
1788479
1787687
1786185
1785986
1784730
1784446
1784323
1784027
1783676
1781443
1779767
1779560
1778173
1777997
1777789
1777381
1777359
1776581
1775208
1774862
1774184
1773955
1773766
1773575
1772953
1772480
1770749
1770120
1768947
1768423
1767754
1764343
1763634
1760695
1759997
1758372
1757536
1756765
1754787
1754740
1753141
1752324
1750749
1748421
1748006
1747295
1746671
1746644
1745280
1741214
1739994
1738570
1738557
1738246
1738112
1736755
1736428
1734384
1733605
1733567
1733413
1733342
1732942
1732668
1731751
1730590
1730335
1729734
1729659
1728968
1728196
1727537
1727126
1726059
1725076
1723189
1723061
1719396
1718402
1718298
1717993
1717625
1716762
1716061
1715200
1714746
1714629
1713632
1712747
1711623
1711066
1709703
1709466
1709336
1708595
1708346
1707290
1707254
1704818
1704791
1702977
1702963
1701199
1701031
1699695
1698927
1697075
1696389
1696185
1694678
1694123
1692799
1692501
1692050
1689941
1688900
1687974
1687580
1687023
1686986
1686925
1686705
1686407
1684606
1684535
1684361
1684215
1683957
1683209
1682606
1682341
1681991
1679414
1678306
1677995
1677774
1676570
1676183
1675917
1674351
1671336
1669573
1668932
1668536
1667910
1666735
1666083
1665300
1664535
1664364
1664109
1662971
1661204
1661009
1660404
1660282
1659480
1658295
1655019
1654690
1654346
1652624
1650736
1650086
1649360
1647814
1647634
1646781
1646655
1646183
1646004
1645994
1642817
1641465
1640860
1640475
1640260
1640087
1639935
1637842
1635677
1635030
1634136
1632797
1631565
1630326
1629293
1628451
1628207
1626914
1625719
1625115
1623775
1621353
1621300
1619946
1618794
1618703
1618630
1617956
1616857
1615860
1615828
1614545
1613544
1612455
1612259
1611790
1611673
1610791
1610675
1609820
1609800
1609695
1609261
1606947
1605624
1605359
1604533
1604227
1603867
1603338
1602369
1602322
1601463
1601268
1600417
1596004
1595685
1595359
1594337
1593784
1592413
1592158
1590922
1590723
1589692
1588538
1587853
1585841
1584925
1584906
1583256
1581545
1580132
1580115
1579989
1579194
1578029
1577636
1577547
1577529
1577288
1577190
1577140
1576378
1574791
1574625
1574080
1573906
1573444
1573043
1571488
1570157
1566432
1565942
1565366
1564166
1563211
1562703
1561949
1561896
1561737
1561199
1560053
1559959
1559581
1557561
1556636
1556426
1556318
1555216
1553548
1552040
1551873
1551087
1549517
1545929
1545540
1544578
1544444
1544370
1544269
1543649
1542983
1542133
1537667
1536852
1536620
1532178
1526346
1525577
1522345
1519619
1519083
1516583
1513664
1512772
1512300
1511338
1511223
1508754
1507219
1506767
1506468
1505146
1504720
1502396
1502091
1501604
1501047
1500386
1500380
1499347
1497275
1495967
1493291
1492585
1491641
1491226
1489663
1487583
1487400
1486510
1485600
1483221
1482829
1481370
1480120
1479207
1478366
1478207
1477839
1477315
1476690
1475841
1474982
1472707
1472598
1470549
1469807
1469635
1469348
1468766
1468125
1467850
1465423
1464668
1464349
1462918
1461378
1461230
1460713
1460391
1458876
1458698
1458113
1456731
1455517
1454388
1453677
1452800
1450624
1450432
1450167
1448974
1448438
1447743
1446995
1446947
1446254
1445262
1444649
1444259
1444107
1442629
1442175
1440594
1439606
1439026
1437042
1435019
1434935
1434782
1433334
1432486
1431875
1431121
1430740
1429888
1429006
1427896
1427374
1427175
1426073
1425593
1425040
1423809
1423665
1422745
1422715
1422198
1421980
1421320
1419643
1419345
1416386
1416063
1415542
1415295
1415264
1415206
1413656
1413418
1412892
1411454
1410785
1409620
1409266
1407977
1407339
1406531
1406370
1405142
1404741
1404163
1403730
1402869
1402764
1402763
1402275
1402072
1401355
1399686
1399512
1399350
1398780
1398728
1398347
1398026
1397586
1397563
1397025
1395883
1394909
1393827
1393317
1391534
1390204
1388646
1388429
1387631
1385116
1383978
1383662
1382966
1381715
1380708
1380251
1379881
1378509
1378397
1378380
1377836
1377094
1373720
1371327
1370636
1370369
1369282
1367968
1365519
1363603
1363535
1362652
1361952
1361917
1361896
1361744
1361485
1361210
1360778
1360767
1358788
1355435
1354942
1354816
1353810
1353752
1350285
1349414
1348077
1347660
1347389
1346993
1346294
1345716
1343429
1342707
1341242
1339908
1339475
1339348
1339163
1338184
1336953
1336783
1336621
1335566
1334895
1334347
1334051
1333793
1333273
1333236
1332417
1331901
1329336
1329100
1327895
1327430
1327359
1327339
1325305
1325118
1323720
1320114
1319135
1319062
1318905
1317345
1316986
1315833
1315076
1314294
1313079
1310375
1309892
1309725
1309661
1308941
1307783
1307255
1306847
1301283
1300931
1300005
1299775
1299448
1299224
1298574
1298471
1297465
1296950
1296411
1295686
1295652
1295128
1294490
1293812
1293397
1290004
1289755
1289573
1289566
1289253
1288968
1288739
1287929
1287222
1286862
1286360
1285114
1284905
1283351
1283242
1282071
1280245
1279845
1279809
1279375
1278958
1277978
1277441
1277315
1277006
1275030
1274760
1273190
1271803
1271797
1271494
1270845
1269871
1269683
1267662
1266250
1264029
1263830
1262944
1261302
1261193
1260504
1258410
1257393
1256873
1256446
1255761
1255185
1253727
1253311
1251275
1247836
1246689
1245696
1244766
1242845
1241434
1239768
1239624
1239273
1237132
1236351
1236167
1236022
1233513
1231428
1230704
1230074
1229624
1229091
1228726
1228493
1228019
1227822
1227133
1226688
1224196
1223857
1223790
1223606
1223061
1221828
1221716
1221582
1220737
1220717
1217986
1217400
1214957
1214216
1214129
1213029
1211344
1211330
1209106
1208891
1206098
1205741
1205553
1204301
1202110
1201974
1201142
1200052
1199759
1197779
1197056
1195709
1195507
1195143
1194760
1194065
1193863
1193688
1193538
1193127
1192920
1192717
1192680
1190692
1189216
1187753
1186771
1186587
1185474
1184444
1184411
1184356
1181829
1180766
1179950
1177705
1176586
1175904
1175196
1175139
1175074
1174901
1174533
1173575
1171737
1171598
1171136
1169607
1168150
1165014
1163600
1162745
1162708
1162037
1160532
1159178
1155116
1152707
1151084
1150955
1148613
1146845
1146790
1145060
1142943
1142466
1141099
1140573
1140516
1140434
1140381
1140211
1139223
1137867
1137748
1137013
1134215
1132943
1131594
1131151
1131015
1129533
1128410
1127963
1126113
1125821
1125210
1124171
1123848
1122363
1121871
1118550
1117649
1116786
1116208
1115660
1115435
1115387
1115098
1114361
1112856
1108486
1107883
1107831
1107205
1107156
1106538
1106302
1103623
1103245
1102812
1102316
1101468
1101407
1100953
1099886
1099050
1098722
1097834
1097679
1097662
1096903
1096594
1095885
1095653
1094326
1091950
1091834
1091656
1091148
1090969
1090747
1090746
1088912
1086475
1085079
1084905
1084160
1084047
1080724
1080480
1079297
1077213
1076808
1075460
1075026
1074395
1073892
1072468
1072164
1070367
1069784
1069322
1068775
1067300
1066536
1066527
1065901
1065516
1065372
1065219
1065020
1064939
1064537
1064536
1063544
1061966
1061344
1060797
1059765
1058968
1058442
1057559
1056410
1053505
1053321
1053304
1053203
1052797
1049498
1048353
1048124
1047748
1043843
1042484
1041104
1040877
1039527
1039173
1038411
1038350
1037232
1036720
1035220
1034133
1032872
1031604
1030115
1029185
1028661
1028656
1027647
1025066
1024900
1024544
1024343
1023707
1023440
1023300
1020851
1020355
1020030
1019169
1017463
1017445
1016587
1015893
1015689
1014931
1013370
1013113
1012721
1012347
1009681
1009676
1009353
1008086
1008036
1007336
1006826
1005377
1004447
1004324
1003910
1001102
1000930
1000786
