100
9935451
9796798
9788127
9591762
9549441
9538292
9537538
9476892
9386021
9286105
9202634
9082929
9075712
9053912
9002585
8946506
8789255
8310617
8285088
8107191
7958191
7931308
7924072
7728893
7485093
7458618
7418938
7374020
7290161
7157472
7035190
7021348
6840966
6798303
6753383
6729370
6721189
6671786
6548629
6446805
6425555
6221588
6114701
5942264
5866949
5833115
5617757
5529778
5529549
5510003
5288106
5195297
4998322
4932169
4859723
4829777
4753139
4662757
4658704
4537548
4410359
4355767
4350150
4282455
4006101
3977306
3909209
3844416
3832945
3595041
3514309
3362886
3350291
3337457
3249519
3179190
3055328
3021699
3008844
2756321
2734053
2724966
2668484
2589798
2574031
2523587
2439626
2279996
2145060
2097512
1989702
1888156
1861688
1503448
1483807
1433869
1413168
1329368
1313355
1084954
