1000
9995762
9979138
9974447
9969978
9967816
9963607
9962214
9962123
9958441
9951101
9945781
9944955
9943637
9936867
9929841
9922748
9916678
9893053
9892698
9891637
9874372
9869361
9864421
9858050
9847604
9833070
9822707
9819975
9809889
9804385
9801723
9787490
9773270
9773134
9726666
9724981
9715253
9700961
9684016
9681964
9676643
9675336
9671805
9670528
9668192
9643888
9641646
9633240
9632470
9628329
9627498
9623915
9623225
9620171
9615536
9604601
9569300
9512248
9507993
9489631
9481012
9479238
9474022
9469783
9462633
9459825
9458661
9452008
9450173
9448227
9444186
9442177
9439428
9439253
9436599
9432505
9432136
9423520
9331267
9330039
9318290
9317045
9294054
9252647
9211694
9202116
9193734
9188763
9178220
9168906
9144196
9133885
9132472
9123461
9113008
9102480
9095525
9083085
9064900
9048928
9038588
9001105
8990873
8981318
8974590
8972830
8954888
8951541
8950343
8932619
8929514
8925028
8915450
8906191
8890717
8888308
8875907
8874364
8861434
8860471
8840833
8776220
8774380
8762567
8759169
8753033
8752821
8752758
8737261
8735810
8734654
8700367
8686021
8678769
8661681
8650662
8647181
8637186
8633037
8630114
8623664
8621424
8602907
8575724
8573561
8565805
8551476
8545597
8539765
8531495
8529552
8525264
8515521
8515269
8507007
8503867
8497785
8497589
8487899
8477503
8461234
8459622
8444654
8439303
8433840
8412765
8405540
8404705
8402676
8397418
8395641
8388610
8381247
8375562
8363301
8359257
8358847
8351447
8340142
8339154
8315396
8292591
8272791
8268426
8245467
8229565
8224324
8213109
8197692
8195566
8164109
8162717
8145282
8103750
8097880
8091556
8085318
8080340
8078585
8077215
8075382
8061181
8045778
8042300
8020827
8005146
7995052
7975539
7975026
7971264
7965023
7955183
7926678
7925324
7923085
7920372
7919780
7919631
7913964
7910552
7901306
7891023
7875598
7874720
7868411
7854272
7844049
7840570
7812375
7801961
7801850
7793630
7790723
7784565
7783286
7781202
7775608
7759700
7743604
7741432
7741022
7738370
7722838
7721565
7704790
7693664
7687629
7684478
7681490
7677969
7651109
7649186
7640079
7633885
7630274
7629650
7621095
7619971
7593080
7584987
7578159
7577474
7547577
7542619
7542608
7535208
7534677
7530613
7511741
7504462
7503066
7493217
7472450
7469345
7454869
7452375
7451953
7440383
7428993
7422098
7415908
7411993
7411959
7410877
7401034
7393738
7357337
7357324
7338144
7329290
7310866
7309693
7301293
7300695
7277073
7262135
7255460
7255065
7253922
7232747
7227043
7226203
7224748
7200080
7183589
7171477
7169831
7157681
7140611
7132956
7102069
7098830
7091259
7075004
7074719
7055191
7053171
7043376
7038853
7007469
7006368
6998086
6990338
6958391
6948072
6938881
6932452
6932112
6926010
6919259
6916874
6911635
6901103
6893353
6864913
6859998
6855142
6851662
6850128
6848675
6838482
6837892
6834243
6828851
6816883
6797202
6783828
6764238
6750489
6750007
6748850
6725031
6721064
6718573
6703566
6698589
6693091
6692293
6681903
6680976
6680198
6679110
6667836
6650290
6650149
6627629
6609119
6607196
6595169
6593806
6589161
6588481
6588342
6582867
6581399
6570905
6570519
6563028
6561627
6550140
6546474
6545712
6542537
6540679
6527600
6509833
6498970
6492651
6492292
6489240
6485556
6482447
6480238
6477616
6463260
6458967
6457369
6455762
6453909
6445170
6435224
6434144
6426871
6420770
6407677
6396460
6392685
6388355
6386651
6381128
6376254
6361264
6360413
6339556
6333893
6312262
6297518
6296673
6290662
6273841
6258593
6258213
6256652
6249640
6248491
6232750
6230449
6199785
6199105
6182856
6180097
6176705
6154935
6153948
6148124
6131114
6084556
6081995
6072400
6051570
6037998
6032989
6022617
6022413
6022240
6022146
6018787
6015131
6013412
6003130
6000907
5998586
5988441
5972821
5961959
5958722
5946909
5941289
5918659
5902561
5900713
5897887
5896667
5893639
5891621
5885428
5879034
5874663
5854613
5853458
5846043
5841625
5819943
5792667
5779279
5773470
5761533
5761469
5754880
5750614
5740530
5737336
5734190
5725071
5723982
5718244
5713011
5699110
5693664
5677119
5663259
5658229
5646982
5642002
5640934
5631589
5627802
5625477
5621993
5615528
5609064
5593530
5591803
5581787
5577517
5565872
5563834
5563504
5560834
5559156
5557962
5534556
5530461
5528443
5527625
5509557
5486319
5484224
5483538
5481012
5479321
5469930
5466833
5464119
5461330
5431152
5422774
5421688
5408545
5401078
5392210
5391495
5388452
5387584
5363010
5355001
5352448
5348798
5293321
5278393
5268693
5245508
5241882
5237023
5233454
5225143
5216450
5209630
5208982
5200071
5188227
5187113
5181503
5179117
5174512
5170862
5146229
5140094
5135008
5125576
5115292
5106656
5103231
5086565
5085710
5085152
5083639
5074346
5072350
5065363
5058421
5047594
5040818
5020694
5016615
5001737
5000212
4986144
4981112
4968358
4964781
4949857
4949135
4947124
4946188
4945806
4945221
4925265
4924072
4908737
4904599
4869058
4867189
4867153
4862072
4861431
4855734
4855520
4842260
4840182
4839858
4828256
4826396
4806268
4795266
4787239
4749065
4742021
4716300
4710389
4695403
4683990
4667528
4658479
4654947
4652194
4651740
4635857
4632478
4626357
4617099
4614860
4611877
4608568
4606173
4591934
4591704
4589540
4588710
4578078
4565036
4548881
4540315
4523851
4523229
4517006
4486455
4477200
4476041
4466678
4445805
4441380
4426663
4411547
4407295
4398279
4393548
4381590
4373266
4369291
4368717
4360827
4353181
4332044
4320790
4314824
4314320
4287999
4276790
4258047
4250686
4223142
4215555
4213992
4197508
4176479
4158589
4149931
4149730
4141687
4139468
4137343
4127577
4124941
4100812
4093241
4084075
4079768
4072591
4068991
4068366
4061385
4060221
4060093
4056606
4044659
4042310
4015626
4002448
3993067
3978779
3974071
3964342
3964154
3954235
3944259
3938037
3936095
3932296
3924023
3917371
3913142
3889478
3872448
3870626
3854990
3850759
3833711
3807194
3793634
3792361
3790962
3788109
3777348
3769470
3768624
3766887
3761056
3760098
3759434
3746538
3742194
3733223
3731987
3722611
3717696
3704866
3695624
3678752
3674220
3671457
3666522
3662902
3661659
3633891
3626117
3623922
3620497
3620343
3612703
3608172
3603942
3578979
3578365
3569666
3568422
3567669
3539047
3520790
3519985
3496584
3489750
3489435
3489159
3474195
3473274
3455197
3430123
3428559
3415902
3409607
3400558
3398498
3398146
3376583
3360471
3357941
3353036
3337004
3335698
3333925
3333865
3328352
3326276
3313875
3281032
3281021
3267776
3260189
3258335
3244794
3234258
3233995
3170450
3166396
3162935
3162655
3154510
3142222
3067536
3054345
3053962
3047115
3043522
3035226
3033685
3029211
3026066
3024193
3008967
2986834
2981503
2955666
2939138
2931544
2923831
2918866
2914595
2911280
2896367
2888917
2882810
2855363
2851484
2838844
2833360
2826816
2809786
2801623
2800087
2787532
2782203
2756807
2747511
2729107
2726411
2717403
2714164
2704835
2693466
2677406
2676753
2670428
2658302
2656761
2646276
2630172
2601840
2584648
2579058
2551695
2541129
2531933
2498486
2497243
2488685
2487226
2481614
2469912
2465267
2463049
2459643
2443731
2443313
2438600
2430620
2413641
2407494
2405531
2400816
2385402
2361385
2313023
2311657
2303640
2293996
2293206
2288082
2277125
2275528
2271813
2270170
2248879
2213824
2199420
2192605
2188178
2169736
2168825
2165431
2135376
2130846
2120393
2118737
2108927
2108113
2084909
2083420
2073788
2063547
2058926
2058643
2052236
2041891
2028184
2015565
2009012
1997549
1997151
1987042
1968251
1963135
1962080
1956677
1954813
1948282
1948206
1944865
1943877
1940560
1935779
1910872
1900968
1893074
1882608
1878259
1870601
1832905
1831295
1818610
1814090
1813174
1792193
1770702
1762967
1762423
1753104
1722842
1722271
1702707
1690949
1645394
1645272
1638663
1634303
1618457
1610472
1605195
1601392
1600278
1577837
1557248
1555671
1543347
1540805
1538476
1524549
1523758
1506878
1497283
1493596
1465172
1458602
1445610
1434841
1413454
1352679
1339086
1337311
1330923
1329261
1326011
1308223
1283222
1282007
1277862
1231187
1229652
1221663
1205783
1205540
1196033
1193252
1189422
1185238
1177071
1170315
1163683
1160553
1151015
1145353
1141814
1137103
1134053
1133775
1129161
1125534
1119577
1104946
1097118
1087570
1080116
1075586
1071080
1065513
1060901
1058493
1041423
1037925
1015841
