10000
1000034
1000260
1000759
1001058
1002203
1002469
1002797
1003328
1004127
1004830
1006331
1006331
1006611
1007545
1010828
1011010
1015923
1016524
1016889
1017955
1018146
1018238
1018771
1021025
1023463
1023935
1023966
1024284
1026755
1027656
1027957
1029118
1030703
1031284
1032512
1033254
1035395
1036554
1038795
1039372
1040614
1041158
1043883
1045397
1045648
1045757
1045776
1046829
1047923
1050974
1051178
1051920
1056018
1056369
1057100
1057136
1057738
1057811
1061244
1062607
1063205
1063528
1064051
1064153
1065004
1066628
1068165
1068494
1069267
1069584
1071273
1072118
1073027
1073027
1073041
1074545
1075550
1075666
1076157
1076574
1077060
1078283
1079725
1080205
1080257
1080654
1081720
1081970
1082976
1083211
1083457
1085419
1086836
1087829
1090357
1091524
1091795
1093420
1094215
1094938
1094991
1097503
1098005
1098107
1098906
1099298
1099407
1099872
1099907
1099990
1101110
1101120
1101508
1101663
1106181
1106329
1107072
1107705
1107927
1109337
1112270
1112959
1113730
1113992
1115860
1116141
1116240
1116343
1119376
1119503
1120396
1121365
1123455
1123774
1123997
1125019
1125133
1126113
1126363
1126937
1127339
1128159
1128638
1128960
1129015
1129168
1129336
1130341
1132874
1132946
1133326
1133398
1133506
1136501
1136547
1138042
1139220
1141653
1142107
1144165
1144243
1144287
1145159
1145288
1145419
1145932
1146009
1146441
1146680
1146898
1147389
1147601
1147829
1148712
1151212
1152415
1152813
1153746
1153855
1154283
1155980
1156919
1160799
1161223
1161370
1162665
1162924
1163529
1165054
1165129
1165656
1167097
1167309
1169286
1173995
1174038
1174656
1174685
1176135
1176824
1178132
1178749
1179425
1181088
1182499
1183224
1186027
1186032
1187632
1187729
1187816
1188035
1189049
1189128
1190373
1191289
1192456
1192640
1193131
1193424
1195595
1195915
1196518
1197574
1200592
1201076
1201098
1201796
1203535
1206005
1207107
1209750
1210626
1211570
1211744
1212508
1215750
1215888
1215907
1216558
1217810
1218393
1219892
1221222
1221313
1221448
1221730
1221980
1223876
1225122
1225979
1226971
1226981
1227123
1227127
1227398
1228054
1228218
1229855
1231586
1232475
1234098
1234289
1234443
1235103
1235776
1235992
1236054
1237138
1237243
1237534
1237925
1239790
1240008
1240265
1240401
1241142
1241515
1246804
1247107
1251324
1251582
1252128
1253283
1253565
1254521
1256383
1257903
1259716
1260736
1261209
1262515
1264869
1265213
1266018
1266985
1267479
1267931
1269734
1271327
1271667
1274738
1279075
1280198
1280325
1281807
1284956
1286538
1287443
1288790
1290387
1291081
1292476
1292529
1293164
1295013
1298318
1300102
1300301
1300623
1300628
1301040
1302087
1303582
1304255
1304885
1309040
1310219
1310257
1310473
1310752
1310807
1310867
1310998
1312125
1313150
1314056
1314865
1315068
1316334
1318231
1319324
1319689
1321539
1323129
1323465
1325028
1325722
1325844
1326043
1328238
1328833
1331249
1331498
1331716
1331985
1332273
1332717
1333019
1333093
1333609
1334122
1334959
1335144
1335639
1336919
1337273
1338391
1338539
1339163
1340494
1340715
1340959
1340978
1341317
1341905
1342149
1343172
1344232
1345233
1345746
1345762
1346244
1346306
1346610
1347370
1347679
1349085
1349363
1350050
1351108
1352003
1353930
1355043
1355801
1356042
1356618
1356994
1358624
1359280
1360649
1363017
1364095
1364724
1366120
1366694
1367246
1368457
1369711
1370137
1370441
1371914
1376157
1376531
1376734
1380181
1380225
1380895
1380916
1381105
1381839
1382312
1384042
1384515
1386680
1387710
1387850
1388428
1388532
1389040
1390510
1392533
1393083
1394717
1395019
1395622
1396782
1397396
1398932
1399698
1399880
1399908
1400420
1403342
1403390
1403478
1404396
1405180
1405198
1407819
1407835
1409547
1410273
1410463
1411228
1411816
1412060
1412945
1414231
1414681
1415164
1416524
1416525
1417526
1419240
1419387
1421787
1422013
1423118
1424347
1425870
1426230
1426804
1427863
1428004
1428861
1429320
1429499
1430561
1430697
1431329
1433115
1433431
1435641
1436100
1436352
1436459
1438604
1439967
1440003
1442315
1443284
1447262
1448558
1449214
1449433
1449777
1450484
1451051
1451245
1451311
1452017
1452593
1454008
1454453
1455107
1455171
1455618
1457132
1457947
1458180
1459695
1460325
1460511
1460714
1461889
1462855
1463192
1465534
1465577
1465621
1467709
1469678
1470600
1470880
1471568
1472711
1473018
1473204
1474120
1474323
1476361
1476378
1477070
1478583
1478764
1479892
1486101
1487085
1487383
1489258
1489942
1490553
1492267
1492658
1493025
1493228
1493704
1495624
1496347
1497283
1497863
1499041
1501538
1501928
1503429
1504581
1504714
1505943
1506577
1506945
1507202
1508074
1508651
1509470
1509926
1510797
1511589
1512743
1513494
1514339
1514419
1515491
1516484
1517110
1517134
1517317
1518205
1520775
1522169
1522512
1522713
1522958
1523327
1526481
1527028
1527459
1529140
1530909
1531143
1532253
1532445
1532627
1533212
1533299
1533972
1534339
1534761
1535185
1535567
1536192
1536377
1537920
1538670
1539195
1541485
1541947
1542032
1547429
1547748
1549460
1551199
1551239
1551567
1552677
1555118
1555216
1556399
1557977
1558975
1559086
1559193
1560485
1563680
1564235
1568098
1572747
1573910
1574163
1574340
1574914
1575034
1575139
1575894
1576592
1577324
1578648
1578682
1581981
1582652
1583395
1584765
1585288
1586464
1586656
1588552
1588606
1589770
1590627
1591755
1592029
1594310
1598130
1598656
1599082
1599137
1599398
1599536
1600144
1600574
1600621
1602368
1603052
1603736
1604211
1604805
1605032
1605054
1605280
1606500
1606531
1607809
1608023
1608933
1608947
1609149
1610448
1610486
1612241
1612264
1612751
1613359
1613508
1613565
1616009
1616739
1617609
1619617
1619641
1620823
1620896
1621480
1624399
1625254
1625535
1627724
1628020
1628935
1629388
1632499
1632556
1632856
1633156
1633373
1633633
1633991
1635337
1635637
1637727
1637964
1638783
1639053
1641888
1643465
1644741
1644850
1645967
1646029
1646930
1650189
1651256
1652033
1652096
1652317
1653665
1653929
1654255
1655188
1655712
1656602
1656782
1658230
1658360
1658405
1658794
1660370
1663369
1663604
1663904
1665468
1665598
1665851
1665863
1672703
1673050
1673058
1673445
1675494
1675722
1676813
1676816
1676825
1680046
1681722
1684551
1685575
1687549
1689739
1689778
1690273
1690720
1692677
1694418
1696692
1697199
1697609
1698007
1699340
1699434
1699725
1700286
1700747
1701136
1701235
1701362
1702260
1704239
1704391
1708589
1708601
1709816
1709894
1712121
1712198
1712200
1714603
1715093
1715095
1715362
1715818
1715863
1718002
1718329
1720472
1720649
1720949
1721523
1723409
1723913
1724694
1724823
1725718
1727911
1728323
1729001
1729469
1731386
1731868
1731958
1732253
1732542
1734531
1734702
1734830
1735480
1737297
1738735
1740793
1741469
1741677
1741803
1742190
1743166
1744686
1745433
1745610
1746098
1746657
1748030
1750298
1752169
1752848
1753289
1753775
1755289
1755768
1757690
1758579
1759623
1759795
1759830
1759902
1760206
1760341
1760836
1761192
1761381
1761406
1762297
1762982
1763494
1763652
1765566
1766188
1767553
1767735
1769624
1770770
1771951
1772670
1773517
1774540
1775076
1775851
1777252
1780078
1780694
1781515
1781634
1782751
1783096
1784772
1786766
1790011
1790037
1790455
1791375
1793036
1793127
1794172
1794301
1795864
1797290
1800304
1800478
1800513
1800736
1801202
1801563
1802728
1803326
1804030
1805190
1806058
1807660
1808138
1808408
1808979
1809484
1813972
1814282
1815213
1816664
1816762
1817321
1819200
1820491
1821300
1822036
1822846
1825160
1826788
1828115
1828392
1828763
1829393
1829784
1829853
1830071
1830166
1830614
1831344
1831496
1834182
1836079
1837362
1837622
1837745
1838027
1838420
1840286
1840312
1840896
1841972
1845938
1846221
1847574
1848009
1848253
1848320
1848952
1851120
1851318
1852388
1853840
1854459
1855538
1856297
1856484
1856511
1856828
1856991
1858548
1859012
1860088
1861612
1864882
1865538
1867887
1868091
1868626
1870928
1871036
1872352
1874189
1875514
1876540
1877736
1878629
1878752
1878849
1879447
1880147
1880184
1881339
1882092
1882579
1883118
1884727
1884801
1885667
1885956
1886070
1886835
1887146
1888185
1889352
1889709
1892843
1893771
1894071
1896163
1896839
1898645
1898851
1899062
1899309
1899684
1900312
1900775
1903041
1904766
1905095
1908025
1909045
1909276
1909820
1910404
1911177
1911680
1911744
1913475
1914067
1915774
1916424
1917396
1917550
1917756
1919067
1919751
1924743
1925585
1926494
1926884
1927661
1927830
1928585
1929114
1930959
1931733
1935727
1936853
1937357
1937363
1940308
1940353
1940413
1941340
1941549
1942335
1942447
1942748
1947942
1947980
1950341
1951210
1951363
1953547
1954158
1954752
1955032
1955565
1955877
1956191
1960801
1961232
1961420
1961435
1962648
1963168
1963585
1963594
1964053
1964681
1964723
1965239
1965743
1965839
1966790
1966877
1967152
1967370
1969821
1971258
1971282
1971345
1972520
1974226
1974464
1975397
1975515
1976541
1980139
1981075
1981198
1982278
1983729
1985470
1986774
1987818
1990218
1990311
1990421
1993851
1998280
1998486
1998774
1999624
2000424
2000668
2000744
2001208
2001259
2001304
2003002
2004338
2004688
2004980
2005808
2007070
2007207
2007473
2008178
2009363
2011692
2011699
2011752
2011987
2013174
2013715
2014738
2014950
2015268
2017394
2018953
2020094
2020329
2020978
2023318
2023455
2024336
2025649
2027384
2027664
2030596
2032182
2034133
2034570
2036521
2040508
2040842
2040884
2042538
2043386
2043395
2044269
2044574
2044869
2046310
2047676
2047985
2048823
2049033
2049113
2049918
2051053
2051252
2051296
2052974
2054060
2054784
2054957
2055024
2055077
2057593
2057626
2057787
2058290
2059186
2059727
2060817
2063322
2064724
2064976
2065256
2066027
2069012
2069860
2070232
2070546
2071224
2071636
2072111
2075999
2076169
2076780
2078212
2078406
2078415
2080232
2080443
2081495
2083087
2084035
2084163
2084266
2084643
2084802
2085635
2085960
2086389
2086629
2088353
2088448
2088718
2088968
2089612
2089924
2090843
2094287
2094664
2094937
2095454
2095707
2097180
2097459
2097525
2097597
2101062
2102324
2103962
2106177
2107431
2107769
2108168
2108213
2109884
2111452
2111849
2112667
2113525
2114932
2115119
2115238
2115328
2115549
2115617
2116219
2116721
2117376
2119000
2120298
2120622
2121887
2121895
2122208
2122888
2123789
2125053
2125588
2125646
2126267
2126649
2130128
2131158
2131512
2131937
2132005
2133022
2133068
2133422
2133512
2133810
2134063
2134432
2134590
2137065
2138048
2138294
2138329
2139094
2139765
2140387
2143378
2143711
2143990
2144917
2145042
2145379
2145594
2145901
2146520
2146787
2147264
2148439
2148555
2151391
2152849
2152999
2153918
2156135
2156674
2156772
2157473
2158234
2161235
2161623
2162098
2163001
2165105
2167523
2168612
2168614
2169147
2170395
2170744
2172596
2175300
2176342
2178210
2178370
2178433
2178998
2179650
2179998
2180131
2180292
2180522
2180606
2181443
2183233
2183644
2183675
2184832
2187881
2187999
2188957
2191040
2191052
2191269
2192161
2192739
2193811
2194308
2195992
2196415
2196604
2197488
2201549
2201848
2201893
2202003
2203524
2204063
2204682
2206783
2208429
2208981
2209008
2209231
2210137
2211768
2213611
2214642
2214664
2216062
2217284
2217714
2218154
2218649
2220646
2222522
2223721
2224470
2224787
2225138
2225496
2225602
2228020
2229884
2229943
2229945
2233387
2233828
2235205
2236573
2236798
2238501
2238719
2238729
2239949
2240256
2241448
2241664
2242737
2243624
2244924
2247064
2248045
2250269
2251248
2251995
2253564
2254029
2255006
2255425
2256085
2259003
2259244
2259628
2261093
2261254
2261924
2261958
2262017
2262666
2264678
2266417
2266439
2267352
2267519
2267950
2269543
2269691
2270242
2270506
2270571
2270909
2271200
2271409
2275244
2275534
2276486
2276738
2277292
2277654
2278031
2278135
2281599
2282414
2283263
2283834
2286901
2287397
2290347
2291314
2291551
2291841
2292094
2292695
2292740
2293191
2293736
2293929
2295325
2296812
2297641
2297701
2302220
2302730
2303129
2304229
2305954
2307518
2308691
2308829
2309939
2310080
2310428
2311391
2312086
2313353
2314050
2316305
2316628
2317310
2318421
2319794
2320139
2321697
2321735
2321824
2321997
2322269
2322866
2323157
2323694
2324247
2324892
2326546
2327367
2328213
2328604
2330306
2332029
2332181
2332779
2333879
2334098
2338003
2339526
2339609
2339727
2341144
2343139
2344225
2345040
2345136
2347586
2349622
2351648
2352354
2352402
2353559
2353595
2353652
2354433
2357447
2360519
2360705
2361209
2361423
2362473
2362942
2363151
2363442
2363667
2364288
2364390
2364477
2364733
2366014
2366388
2367612
2368099
2371446
2372620
2373654
2373940
2375287
2375459
2376460
2376653
2376714
2376740
2376795
2376851
2376919
2377179
2377432
2380100
2381706
2381932
2382334
2384670
2385268
2386185
2386189
2386414
2386456
2387842
2388420
2390074
2391566
2394417
2395556
2396146
2396166
2397495
2398500
2400964
2401213
2402578
2402727
2403829
2404436
2405028
2405519
2407536
2409442
2409457
2409499
2410903
2410958
2411338
2412924
2415141
2415771
2417113
2419315
2420490
2421126
2421160
2421345
2422942
2423042
2423894
2424405
2426103
2427415
2427599
2428950
2429488
2429996
2430833
2431268
2432555
2434176
2435093
2435972
2437966
2439592
2439632
2440007
2441932
2442499
2444139
2445706
2447552
2448038
2448971
2449229
2449352
2450099
2451539
2452927
2453323
2453750
2455692
2458036
2458673
2459120
2460989
2462497
2464986
2465676
2466227
2466400
2466764
2467266
2467960
2469601
2470145
2470185
2472340
2472917
2474869
2475402
2475530
2478134
2478834
2478898
2479008
2480071
2480146
2480286
2480447
2481015
2484019
2484933
2485348
2485528
2486205
2486912
2488263
2490065
2490450
2490663
2493146
2494311
2494633
2497581
2498792
2498818
2501480
2503486
2504600
2504713
2504728
2506962
2511206
2511894
2512361
2513522
2514526
2515970
2516491
2517470
2519142
2519477
2519478
2519509
2520277
2520614
2520866
2521361
2521397
2522733
2524503
2527510
2527997
2528662
2529042
2529250
2529287
2529508
2529873
2531220
2532696
2532977
2533562
2533753
2534483
2534733
2535010
2536938
2537406
2537500
2540249
2540904
2540918
2541162
2541258
2542416
2543711
2543900
2545860
2545883
2546214
2547284
2548381
2549181
2549853
2551489
2551517
2551695
2552047
2552254
2552717
2552924
2555272
2555654
2555657
2555667
2556620
2559062
2559923
2564039
2564565
2564912
2565296
2566196
2567453
2570296
2570394
2570716
2571146
2571427
2571783
2572109
2572597
2572817
2574608
2577744
2580246
2580593
2580659
2580881
2584611
2586715
2586751
2587098
2587176
2587456
2590190
2590938
2591333
2592235
2594645
2595097
2595954
2597617
2597786
2597856
2599656
2599792
2599899
2601183
2601647
2602244
2602949
2604012
2604146
2604330
2606708
2607021
2609371
2609378
2609604
2610772
2610850
2611286
2613403
2615527
2616768
2617588
2618915
2618966
2619207
2619867
2620932
2621257
2621808
2624052
2624175
2625433
2627447
2628996
2630622
2631595
2631749
2635658
2635763
2635852
2636373
2636890
2636940
2636961
2639034
2640711
2642741
2643927
2645631
2646182
2646312
2646556
2647204
2647315
2647401
2647969
2650653
2652520
2652708
2652743
2653040
2653496
2657176
2657413
2657946
2658129
2658168
2660465
2660486
2661210
2661532
2662314
2662767
2663144
2663195
2664195
2664199
2665160
2666606
2666838
2666926
2669493
2669563
2669606
2670162
2672293
2673314
2674813
2675043
2675100
2677594
2678295
2678772
2678985
2680368
2681389
2682289
2683039
2684296
2685282
2686568
2687260
2688255
2691711
2694752
2694824
2695490
2695491
2696341
2696711
2697478
2698429
2698713
2698986
2700160
2700963
2701463
2701591
2702119
2702193
2703513
2704364
2705330
2706145
2706383
2706642
2708117
2708633
2710355
2711826
2712132
2712643
2712826
2713400
2715144
2715705
2717099
2719579
2720867
2720949
2722278
2722696
2723029
2723542
2723831
2724432
2727511
2727732
2729524
2729807
2730561
2730570
2731059
2731068
2731275
2732369
2732620
2732987
2733727
2734036
2735472
2735754
2736108
2736934
2737017
2737227
2737434
2738404
2738603
2739291
2739400
2739817
2740829
2741439
2741709
2742426
2742726
2742807
2744072
2747667
2749721
2750557
2750735
2751912
2754160
2754167
2755116
2755571
2757254
2757489
2762377
2765839
2768636
2771606
2772214
2776272
2776402
2777012
2777525
2778589
2780353
2780622
2782907
2782977
2783260
2784055
2785119
2785996
2786192
2786524
2787347
2787902
2789079
2791230
2791255
2792061
2793360
2793510
2794166
2794761
2796314
2798272
2798363
2800712
2801133
2801155
2802185
2802584
2802721
2803173
2805650
2806450
2806778
2810175
2810328
2810845
2811509
2812024
2812329
2813262
2814545
2814938
2815081
2815240
2817350
2817574
2819719
2819950
2820247
2824095
2825180
2825364
2825451
2827632
2829989
2830225
2831957
2832652
2834046
2834486
2836578
2837462
2840403
2840454
2841833
2842197
2842557
2843165
2844269
2847109
2847410
2848809
2848859
2849653
2850088
2850223
2857891
2858991
2859137
2862749
2866155
2866295
2867077
2867088
2867593
2868151
2869033
2869984
2871718
2872130
2872344
2872477
2873135
2874336
2874768
2874821
2875204
2875774
2876134
2877110
2877804
2878133
2878571
2879212
2880514
2880593
2881151
2886426
2887178
2888546
2888625
2891154
2891467
2891584
2892003
2892512
2893013
2893314
2893324
2894853
2895082
2895138
2895551
2895658
2895809
2895868
2896431
2896777
2897533
2897781
2897823
2898888
2899457
2900403
2903851
2904928
2906221
2906779
2906851
2908077
2908084
2908323
2911115
2911555
2912554
2914178
2914396
2914651
2917433
2917647
2918142
2918423
2919036
2920580
2921122
2921813
2921910
2922442
2923392
2923810
2924444
2925172
2925478
2925546
2926141
2926343
2926685
2926766
2928251
2928348
2930231
2931227
2932067
2933479
2933597
2936563
2936912
2937267
2938409
2938735
2939597
2940368
2940851
2941633
2942251
2942950
2943344
2945557
2947175
2947401
2948670
2953262
2954103
2954492
2954535
2954777
2955366
2955599
2956232
2956367
2956949
2958182
2958849
2959291
2959447
2959613
2959784
2959917
2960181
2960513
2963068
2963161
2963215
2964081
2964836
2966660
2966711
2968028
2968959
2969924
2970259
2970462
2970520
2970808
2972621
2972900
2973308
2973366
2975271
2975918
2976179
2976248
2976321
2977710
2977924
2978477
2980436
2980801
2983971
2984628
2985816
2985986
2986978
2987687
2987690
2987961
2988824
2989451
2989842
2990094
2990273
2990664
2991491
2991721
2991824
2992034
2992504
2992604
2992827
2994735
2994850
2995157
2995480
2995963
2996842
2998356
2998748
2999821
3000558
3000600
3001655
3002683
3002873
3003296
3003598
3003860
3004325
3004627
3005721
3006038
3006974
3007603
3008570
3009129
3010954
3011388
3011744
3013857
3014306
3015697
3017741
3017992
3019130
3019700
3020137
3021049
3021350
3026007
3026316
3026706
3026708
3027451
3027795
3029330
3030370
3030999
3031040
3031104
3031431
3031888
3032573
3032911
3032994
3033059
3033987
3035263
3035806
3036513
3036806
3038413
3039265
3039689
3039724
3041298
3042922
3044329
3044469
3046261
3046487
3046985
3047743
3048783
3051578
3052355
3053338
3053880
3053884
3054371
3054439
3055894
3055925
3056065
3056259
3057021
3057418
3057445
3057877
3058522
3058691
3059473
3060197
3060650
3062068
3063860
3064798
3066157
3066679
3067570
3067708
3067750
3067909
3068191
3070798
3071583
3074148
3074229
3074667
3076046
3078364
3080091
3080917
3081555
3081888
3083051
3083447
3083924
3084958
3085482
3088463
3088593
3089459
3090294
3090346
3092669
3092674
3094657
3095979
3097920
3098419
3099061
3099377
3099875
3100802
3100957
3101141
3102110
3105123
3105397
3106822
3108095
3109559
3109978
3110016
3110452
3110751
3110958
3111414
3111852
3112111
3112314
3112405
3113136
3115125
3117973
3118277
3118854
3119689
3120694
3123110
3123175
3123754
3125494
3126728
3126979
3127807
3127885
3128765
3129873
3131062
3131592
3133112
3133268
3133500
3134025
3134038
3134729
3135305
3137973
3138207
3138876
3142341
3146435
3147348
3148649
3148817
3148902
3150861
3150924
3151124
3151664
3152713
3153522
3153807
3153830
3154623
3154766
3155221
3156174
3156225
3157032
3157895
3158527
3158610
3159537
3159784
3160439
3160556
3161659
3161757
3162487
3164212
3165341
3165536
3166971
3167408
3171085
3174095
3174300
3176234
3176377
3176788
3177331
3178279
3178941
3179854
3180131
3180982
3181348
3183954
3185373
3186272
3186999
3187457
3187840
3188871
3189612
3190245
3190580
3191257
3192902
3193903
3195730
3195833
3196083
3196200
3197086
3197665
3204394
3205178
3206460
3206777
3206978
3207080
3207188
3207813
3208472
3208990
3211189
3212493
3215077
3216184
3217340
3217449
3221424
3221797
3222905
3222955
3224355
3226413
3226738
3227742
3228333
3228456
3228793
3229677
3230127
3230297
3231402
3232636
3233876
3233899
3234076
3234130
3235763
3236401
3236951
3238330
3240908
3241787
3243559
3244754
3244771
3245207
3246358
3246926
3248526
3248733
3249289
3251629
3252874
3253810
3253836
3254227
3254238
3254426
3254884
3255189
3256317
3257457
3258728
3259675
3259809
3260681
3261238
3262745
3263350
3263713
3264069
3264295
3264562
3265058
3265097
3268877
3270519
3271746
3272102
3274365
3278365
3279044
3279072
3279073
3279285
3280523
3281832
3282086
3284466
3284626
3285087
3285333
3285918
3286772
3287976
3288122
3289238
3290822
3292156
3292161
3292435
3292999
3294253
3294532
3295123
3297193
3297646
3299284
3299897
3300932
3303672
3304251
3304251
3305711
3307866
3309182
3310227
3310717
3310929
3310975
3311780
3312103
3312233
3314296
3314825
3315116
3318871
3319744
3320160
3320748
3321806
3321833
3323209
3323903
3324059
3324496
3324611
3324881
3326489
3326860
3327825
3327903
3329537
3331932
3334663
3335068
3336794
3338063
3338980
3339617
3340068
3341947
3342517
3343639
3343972
3343991
3344035
3344623
3346487
3348283
3349126
3349385
3350332
3350540
3351200
3351970
3353579
3354570
3357715
3358993
3359286
3360754
3362081
3366191
3366419
3366943
3367379
3368427
3368449
3368829
3369261
3369599
3370365
3370613
3371112
3371118
3372567
3372628
3373207
3374712
3375602
3377309
3377863
3377933
3378627
3379989
3380295
3381159
3381187
3381717
3382319
3382613
3382760
3385176
3385882
3386405
3386421
3387119
3387162
3388654
3388702
3390577
3393619
3395356
3396017
3396767
3397344
3397696
3399911
3400048
3400923
3401931
3402619
3404421
3404834
3405592
3406938
3407064
3407773
3408331
3413149
3413602
3415891
3417893
3420400
3421963
3422175
3422664
3423411
3423479
3424123
3424542
3425037
3425974
3429134
3430855
3432001
3432187
3433204
3434450
3434542
3434938
3435548
3435753
3436391
3437583
3439843
3440118
3440619
3441315
3441494
3443414
3444182
3444584
3447083
3447281
3447343
3447958
3448026
3448287
3448851
3449484
3450233
3451574
3451662
3451928
3453276
3454095
3454755
3455683
3456108
3456214
3456487
3457525
3457679
3457839
3458016
3459976
3460043
3463323
3464386
3467009
3467241
3467857
3467889
3468683
3472073
3472524
3475639
3476403
3477064
3478432
3478673
3480079
3482985
3484946
3485441
3485757
3486052
3486830
3486956
3487876
3488151
3489100
3490890
3493425
3493871
3495562
3496202
3497390
3497831
3497843
3498425
3498532
3501799
3502919
3503326
3504040
3504524
3506440
3506783
3510038
3513125
3516899
3517467
3518857
3519249
3520484
3523060
3523146
3523682
3524623
3525455
3526708
3527859
3528199
3528222
3528263
3528349
3529751
3530787
3531508
3531625
3533037
3533056
3535164
3536627
3538000
3538904
3539970
3540247
3541754
3541973
3542293
3545852
3548431
3549644
3550199
3550298
3550659
3550985
3550999
3552256
3552997
3553361
3555712
3556318
3557563
3557718
3558601
3558846
3559395
3560316
3561333
3563821
3564064
3564210
3564707
3564905
3565799
3567152
3567476
3568961
3569423
3569690
3570196
3570543
3571180
3571256
3571294
3575188
3575554
3576782
3577237
3577969
3580544
3581211
3581213
3582860
3583011
3583278
3583321
3583401
3583426
3583641
3586479
3587338
3587651
3587873
3588078
3589316
3591215
3591505
3591786
3591886
3593452
3593563
3593839
3594124
3596779
3601299
3602096
3602399
3602745
3603549
3604147
3604643
3606872
3607701
3610519
3611140
3617987
3618052
3618445
3618740
3619108
3619186
3621035
3622935
3624193
3624457
3624856
3625669
3625757
3625814
3626509
3629176
3630000
3630528
3631475
3632002
3632350
3632622
3633727
3635714
3636359
3638327
3639494
3641069
3642165
3643283
3643735
3644059
3644542
3644634
3645586
3646351
3646694
3647428
3647668
3648122
3648316
3648381
3648899
3649077
3649162
3650027
3651371
3652216
3653218
3653289
3653609
3653836
3654490
3655038
3655050
3658310
3659060
3659133
3660843
3661536
3661989
3662846
3664853
3665192
3666197
3666435
3666527
3666929
3667674
3669380
3669420
3670489
3671279
3671399
3671832
3673109
3673584
3674512
3674736
3675161
3675320
3675822
3676400
3678843
3681759
3684554
3686263
3687649
3687829
3689194
3689953
3691001
3691429
3692554
3693422
3693657
3694966
3695035
3695189
3696506
3696809
3698223
3700467
3701600
3701692
3701955
3702371
3702418
3702978
3704580
3705496
3708587
3711061
3712044
3712270
3712642
3713495
3713787
3713972
3714311
3714960
3717268
3717380
3717451
3717571
3718068
3718551
3720039
3722476
3723355
3723376
3724033
3724390
3724651
3728011
3729905
3730974
3731149
3731398
3732328
3732422
3733837
3736271
3736409
3738196
3738318
3739033
3741005
3741526
3742475
3743826
3743850
3744455
3744758
3744867
3747102
3748280
3748414
3750123
3751162
3751448
3752225
3753312
3756551
3757004
3757103
3757238
3757671
3758933
3761493
3761794
3761891
3762105
3762408
3762483
3762528
3763660
3764109
3764474
3764979
3765386
3768050
3768324
3768629
3771228
3773623
3773693
3774106
3774768
3774786
3774819
3777277
3777654
3777781
3778176
3778614
3778811
3779183
3780636
3781850
3781893
3782467
3783554
3784510
3785666
3786883
3788712
3789107
3789406
3789542
3789731
3789976
3790358
3790934
3791073
3791414
3791636
3792288
3793150
3794086
3794214
3795313
3796228
3796950
3797030
3799287
3799441
3799808
3800890
3801041
3801049
3803063
3805804
3807322
3808229
3808360
3809106
3811912
3812132
3813537
3814097
3815375
3815961
3818852
3819675
3820919
3823996
3825932
3828145
3828575
3829431
3829583
3829822
3830512
3834875
3836718
3837950
3838931
3839384
3842699
3843261
3845441
3845933
3846744
3847380
3848058
3848303
3848340
3848853
3850642
3851589
3851911
3852598
3854006
3855066
3855450
3856236
3857116
3857261
3858266
3859184
3860641
3861107
3861122
3861831
3862500
3862603
3862627
3862878
3863093
3863184
3863496
3864095
3865237
3867633
3873289
3873506
3875536
3876276
3876710
3877137
3877704
3880095
3881859
3882081
3882650
3882711
3883588
3884105
3884960
3885997
3886139
3886173
3886364
3886708
3887326
3887806
3889392
3889521
3889526
3891037
3892977
3894339
3894810
3895200
3896467
3897355
3898173
3898546
3898671
3899134
3899654
3900300
3900968
3902854
3903869
3904393
3907112
3907204
3907293
3907594
3911142
3911645
3912263
3912621
3913507
3914707
3915482
3916684
3917749
3919814
3920464
3920967
3921408
3921993
3922402
3922408
3922774
3923037
3923207
3923528
3925459
3925503
3925976
3926669
3927913
3928550
3928940
3929248
3929274
3929578
3929840
3931114
3933323
3933348
3933464
3933501
3934538
3934587
3934971
3936224
3936292
3936324
3937364
3937609
3938369
3938486
3938877
3938951
3939372
3942724
3943231
3943588
3945896
3947044
3947587
3950339
3950418
3951713
3954096
3957636
3960264
3961931
3962625
3963663
3965090
3965261
3965784
3966540
3966724
3969682
3970743
3971006
3971470
3972931
3972977
3973766
3976789
3978391
3978944
3979077
3979910
3982287
3982355
3984850
3985053
3985432
3986166
3986458
3986740
3987333
3987567
3988478
3990375
3990460
3998631
3998733
3998743
3999642
4000323
4000652
4000709
4000765
4001522
4001532
4001618
4002489
4004921
4005378
4005913
4007360
4007458
4008370
4009778
4009953
4010048
4010366
4010784
4011327
4012037
4012088
4012447
4012489
4013310
4013708
4014421
4015088
4015693
4016829
4019821
4020897
4021086
4021446
4022323
4022945
4024209
4024434
4024557
4024871
4025110
4025421
4026119
4027405
4027427
4029116
4029685
4030060
4030673
4030902
4031036
4031198
4031547
4031638
4031866
4032016
4033679
4035405
4036966
4037608
4040057
4040578
4042319
4043234
4043251
4043545
4044847
4045737
4047665
4048097
4052214
4052579
4052774
4053230
4054622
4055743
4056550
4058660
4058784
4060041
4063409
4065083
4065262
4065424
4065790
4067425
4067766
4068149
4068463
4068600
4070075
4070203
4072237
4072469
4073636
4075034
4075276
4075879
4076832
4077849
4080470
4080638
4083707
4084430
4084570
4084599
4085206
4085475
4085478
4086037
4087073
4087809
4091298
4093210
4094334
4094450
4094451
4098340
4098570
4099054
4102842
4102927
4104668
4105154
4105263
4105497
4106224
4107840
4107902
4108075
4110880
4111512
4112643
4113032
4113242
4114097
4114439
4114980
4118480
4118702
4120387
4121124
4123123
4123278
4123932
4125101
4125195
4126672
4128456
4128665
4130459
4131472
4131533
4132700
4134324
4134700
4135717
4137254
4137305
4137770
4138564
4138887
4139454
4139757
4139994
4140011
4140648
4140798
4140840
4141533
4141829
4142990
4146762
4147744
4147762
4147808
4150117
4151217
4151733
4152146
4154094
4155521
4156047
4156105
4157490
4159712
4160552
4160808
4161106
4161132
4161407
4163211
4163292
4163580
4163889
4165277
4165984
4166326
4168133
4170752
4171054
4175725
4176494
4180613
4180971
4181845
4182070
4182974
4184162
4184967
4185105
4187561
4189513
4191556
4192149
4192468
4192750
4195159
4195404
4198752
4200225
4202277
4203392
4204464
4205745
4205874
4207320
4207795
4207962
4207967
4209779
4211633
4211899
4211999
4213322
4215267
4217093
4217979
4220867
4221043
4222335
4222811
4223111
4223623
4224749
4224999
4225752
4227151
4227231
4227928
4228274
4228516
4228768
4228810
4229157
4230115
4230421
4230556
4234028
4236069
4237634
4239189
4240048
4240970
4242839
4242881
4243262
4244518
4244704
4244875
4244907
4247364
4248043
4248317
4248767
4248852
4251863
4252025
4252201
4252885
4253048
4253275
4254499
4254754
4255153
4257251
4258734
4258742
4259096
4259479
4260797
4262047
4263060
4264003
4264323
4265727
4265880
4267705
4268348
4269209
4270325
4272156
4273429
4275456
4275479
4276089
4277481
4280126
4281389
4282842
4282936
4283382
4285437
4287085
4287714
4287876
4288057
4288769
4289353
4289644
4290576
4290832
4292977
4294316
4294763
4295522
4297089
4297430
4298108
4298583
4300954
4301507
4301704
4303831
4304458
4304972
4305229
4305592
4308249
4311577
4312467
4312479
4312873
4313630
4316033
4316355
4316396
4316727
4317109
4318593
4319459
4320708
4321029
4321092
4321328
4321977
4323619
4323684
4323975
4324655
4325658
4325665
4327256
4328512
4328587
4331553
4333832
4334284
4334671
4334767
4335914
4337548
4337612
4338017
4338194
4338354
4339156
4343867
4346110
4346572
4346633
4346719
4348383
4350050
4351277
4351308
4351937
4353255
4354744
4356022
4357138
4359295
4359453
4360133
4360322
4360342
4360464
4360806
4362582
4362877
4363827
4364468
4364570
4365340
4365427
4367124
4367890
4368542
4368632
4368770
4369842
4369863
4370318
4370450
4370671
4371311
4372092
4372523
4372760
4373508
4373802
4375008
4375344
4377490
4379110
4380101
4380254
4380467
4383291
4384573
4386604
4387092
4388497
4389329
4389727
4390728
4391029
4391650
4392787
4392834
4393576
4394240
4395172
4395888
4397621
4398463
4403644
4404355
4406476
4406780
4406808
4409993
4410362
4411017
4411459
4411749
4412047
4413054
4413125
4414554
4414748
4415145
4416783
4417914
4418330
4419614
4420240
4421756
4422124
4422923
4423578
4424278
4424770
4425035
4425259
4429779
4430249
4430993
4431182
4431857
4433526
4436299
4436895
4439246
4439447
4439746
4439748
4440167
4440828
4441329
4441668
4442691
4444112
4445985
4447211
4447265
4447551
4447963
4448202
4449760
4450349
4451824
4454160
4454777
4456884
4458045
4458821
4459219
4460056
4461091
4463092
4463237
4463433
4465376
4466677
4466749
4468145
4468355
4469269
4469770
4469824
4470151
4470488
4473075
4473239
4474341
4475076
4475313
4476213
4476260
4476370
4476653
4478085
4479701
4481023
4481264
4481474
4482978
4484196
4484509
4484643
4484719
4485199
4488011
4490228
4490454
4490549
4491959
4493328
4494681
4495073
4495866
4496200
4496228
4497006
4499640
4500508
4502521
4503007
4503166
4504620
4505778
4506658
4507369
4508953
4509930
4510518
4511297
4511540
4511913
4513136
4513361
4514172
4515856
4516528
4516764
4519857
4519903
4520637
4520918
4521686
4526308
4526581
4526802
4526849
4527962
4528849
4529407
4530767
4532158
4532387
4535628
4536300
4538620
4539190
4540176
4540845
4541011
4542200
4542450
4543271
4543422
4543426
4543658
4544021
4544904
4545210
4546141
4546923
4549008
4549969
4550079
4550189
4550330
4551171
4551981
4552117
4552661
4553272
4554068
4555621
4556423
4557056
4558546
4559766
4559910
4560266
4561729
4562237
4563220
4563382
4566342
4566955
4567382
4569025
4569524
4569617
4573215
4574993
4576905
4578069
4578171
4578645
4580553
4580641
4582281
4582397
4583900
4584476
4585781
4586767
4588396
4588925
4589357
4590032
4591933
4595560
4595928
4598927
4598989
4599149
4599841
4600492
4601038
4604338
4605213
4607652
4608904
4610778
4611150
4614286
4614500
4615047
4615736
4615936
4616206
4616723
4616950
4617378
4618298
4618751
4620347
4626221
4631639
4632722
4633642
4633931
4634171
4635217
4635958
4636354
4636502
4636532
4637654
4637918
4638112
4638637
4638939
4639460
4639517
4642233
4643125
4646579
4648273
4648314
4648542
4650685
4651168
4651623
4652053
4653089
4654813
4657231
4657936
4659428
4661024
4662887
4664960
4665500
4666605
4667676
4669692
4671647
4671820
4674215
4674409
4674741
4675520
4675964
4677178
4678507
4679789
4680059
4680948
4681583
4681894
4682486
4682770
4683455
4684740
4685086
4685116
4685212
4685497
4686029
4686512
4689062
4690594
4693358
4693704
4694572
4695196
4697901
4698316
4698606
4699229
4699372
4699741
4701144
4701200
4703359
4704600
4704883
4705768
4706085
4706317
4707079
4707286
4707584
4707894
4708066
4712407
4712794
4713182
4714384
4717218
4718015
4718302
4718420
4721733
4721910
4722032
4722941
4723703
4724138
4726111
4726478
4727199
4727819
4728500
4728943
4730026
4730184
4730380
4730905
4730911
4731570
4734690
4735758
4736709
4738680
4740032
4741034
4742370
4743314
4743832
4744488
4744532
4745548
4746340
4746567
4746713
4747490
4747814
4748561
4749098
4749871
4749986
4750498
4751577
4753616
4753720
4753775
4753877
4755393
4757781
4758009
4758268
4758435
4760439
4763663
4764230
4764753
4765041
4765417
4765676
4765868
4767044
4767569
4768352
4769481
4769622
4771288
4771293
4771424
4775134
4775783
4776649
4778164
4778321
4780749
4781527
4781550
4782627
4784409
4785126
4786204
4786658
4789096
4790038
4790360
4791160
4791615
4792735
4794189
4796512
4797938
4798327
4799723
4801223
4801450
4801496
4803340
4805666
4807430
4808754
4809131
4809310
4810290
4811502
4813350
4813351
4813627
4815972
4816119
4818041
4818645
4819886
4820209
4820263
4820740
4821285
4821287
4821845
4824615
4824760
4824912
4825863
4826094
4826387
4827498
4829754
4831529
4831942
4834808
4835488
4836284
4836389
4836735
4838399
4838657
4839062
4839493
4840859
4841063
4842332
4842800
4844141
4844352
4844914
4844986
4845098
4845195
4846705
4846873
4847375
4847787
4847982
4848715
4852156
4853264
4853537
4855627
4855947
4856530
4856938
4863853
4865577
4867097
4867480
4867725
4868122
4869645
4869655
4869752
4870835
4873463
4873583
4873853
4875218
4875380
4876851
4877220
4879540
4880052
4880626
4881106
4881562
4882374
4882486
4882513
4885334
4885337
4887001
4887210
4888546
4888921
4889335
4889749
4890174
4890262
4891647
4891998
4892893
4895045
4895253
4895422
4895709
4895739
4896278
4896426
4897980
4898074
4899291
4899408
4899789
4900194
4900811
4900830
4900991
4902351
4902717
4902794
4907366
4907535
4909204
4910067
4910526
4910968
4912398
4914766
4916450
4916851
4917294
4917332
4917865
4917942
4919720
4919865
4920224
4922994
4923430
4923495
4924334
4924740
4925624
4928874
4929531
4931497
4932945
4940085
4941007
4943287
4944189
4944835
4946813
4947900
4948667
4948920
4949161
4951225
4951278
4951809
4954130
4954545
4955024
4955465
4956080
4956870
4958467
4959552
4960240
4960641
4962014
4962159
4964471
4965121
4965248
4966461
4967628
4969270
4970596
4971367
4972007
4972284
4972588
4974704
4975348
4975614
4976910
4977528
4978461
4979632
4979801
4982551
4982985
4983247
4983432
4984437
4984779
4985168
4985355
4987610
4988358
4989398
4989428
4989741
4990307
4990641
4995347
4995613
4996496
4997920
4998042
4998669
4999178
5001042
5001338
5002522
5003557
5003886
5005500
5005664
5006472
5006737
5007240
5007782
5007849
5007980
5010023
5010042
5010105
5010442
5011980
5012615
5015430
5015559
5016777
5019203
5021096
5021856
5022724
5023211
5023873
5024530
5024575
5024758
5025709
5025878
5026559
5028132
5028259
5029395
5029940
5030523
5031013
5031420
5033039
5033108
5033297
5033601
5034438
5034768
5035815
5036529
5036655
5036713
5040161
5040764
5041382
5042211
5042216
5042278
5042361
5043020
5043438
5045181
5047359
5048536
5048585
5048964
5048979
5049579
5050788
5051776
5055395
5056931
5057931
5058493
5059742
5060144
5060948
5061725
5061991
5063237
5065921
5066155
5067845
5067967
5069638
5071116
5072624
5073167
5074648
5074885
5075668
5076324
5077637
5077912
5078082
5078310
5079224
5079843
5079844
5080075
5080425
5080717
5081785
5082134
5082948
5083126
5083356
5085548
5085741
5086374
5086548
5088529
5089433
5089791
5091376
5092218
5093339
5093795
5093971
5094096
5094118
5095386
5096283
5096609
5099468
5100804
5102059
5102967
5103725
5104599
5106752
5107155
5107240
5108557
5111385
5112327
5113682
5113827
5114171
5114984
5115450
5116270
5116532
5117712
5118241
5118415
5119300
5121704
5122284
5122295
5122463
5125579
5125789
5125916
5126344
5126540
5126730
5127016
5127205
5128174
5130965
5131545
5131839
5132016
5132029
5133336
5134941
5138373
5139185
5139697
5139959
5141164
5141326
5141537
5141558
5141980
5147248
5147412
5147870
5148309
5148753
5150011
5151075
5152172
5152328
5153000
5153476
5153955
5154116
5154272
5159078
5159777
5159896
5160856
5160859
5162698
5163485
5164912
5164976
5165468
5166117
5166789
5167497
5167545
5172268
5173056
5173489
5173694
5174187
5176322
5176375
5176760
5177400
5177898
5178517
5179157
5180455
5181346
5182551
5185884
5187536
5188478
5189805
5190283
5191052
5191158
5191233
5191995
5193532
5194668
5197187
5198674
5199825
5200809
5201589
5202964
5203442
5204864
5205819
5206054
5207567
5208699
5209234
5209874
5211439
5211630
5212081
5213600
5214348
5215784
5216973
5217141
5218238
5218643
5218851
5219087
5219544
5219582
5221031
5221155
5221863
5221893
5222732
5222920
5223182
5226586
5226718
5227710
5228961
5229383
5230144
5230647
5231703
5232187
5232479
5232893
5233759
5234176
5236445
5236473
5237280
5237676
5238271
5238945
5240144
5240187
5240242
5240643
5241410
5244191
5244234
5245380
5245606
5245670
5246652
5247224
5248081
5248098
5252194
5252266
5253549
5253551
5253915
5253965
5254253
5256352
5256539
5259383
5259720
5260636
5262278
5262532
5263410
5265345
5266835
5270062
5272312
5274760
5274806
5274858
5275354
5276071
5279302
5279326
5280131
5281444
5281570
5282940
5283880
5284264
5290088
5292723
5292945
5293257
5293736
5294307
5295287
5297078
5297733
5303401
5305925
5306226
5306746
5308337
5311404
5312023
5312299
5313417
5313851
5314295
5315412
5317354
5317889
5318160
5320009
5320546
5320703
5320835
5321100
5321980
5322754
5322996
5323573
5323744
5324273
5324596
5325123
5326423
5326521
5326567
5327145
5328600
5328648
5330936
5334173
5334585
5335320
5335439
5337753
5338575
5339247
5339526
5340309
5340585
5341118
5346072
5346606
5347657
5351560
5353115
5353358
5353989
5354772
5354898
5356419
5356629
5358118
5358496
5359628
5359909
5360011
5360285
5362338
5362643
5362716
5362896
5363078
5363768
5366632
5368140
5368274
5368286
5368999
5369116
5370193
5370727
5371112
5371152
5371579
5373169
5373846
5374130
5374809
5374890
5375095
5375471
5375913
5377337
5380132
5381762
5381890
5382491
5382720
5382824
5382915
5383887
5385578
5385656
5386252
5387788
5387895
5387948
5388016
5390923
5393565
5394544
5396285
5399058
5399274
5399381
5400116
5402230
5404376
5405874
5407976
5408175
5408283
5409842
5410025
5410664
5413941
5414949
5415102
5416625
5418087
5419166
5419199
5420249
5420754
5423630
5424314
5427226
5430699
5432224
5432590
5435436
5435772
5435824
5436044
5436729
5437041
5437050
5437179
5438593
5439057
5440000
5441315
5441387
5442162
5443284
5443562
5444038
5446660
5447364
5447943
5449020
5449707
5450858
5451248
5453059
5453538
5453555
5454228
5455452
5455643
5455724
5456491
5456538
5457829
5458064
5458309
5459333
5459414
5460753
5461902
5462187
5462365
5463546
5465112
5466611
5467098
5470238
5475308
5476424
5476983
5477990
5479043
5479968
5480767
5482682
5482764
5482848
5483516
5484359
5484661
5485193
5486118
5487908
5488035
5488519
5488598
5488993
5489050
5492474
5492762
5493500
5494377
5494414
5495913
5496089
5496270
5497636
5498633
5499623
5499744
5500181
5501067
5501140
5502018
5503711
5504121
5505096
5506162
5506386
5507639
5510216
5510499
5511683
5511688
5511775
5511801
5512263
5512328
5512837
5514958
5515159
5517632
5518112
5518970
5520047
5523329
5524168
5525196
5527591
5528545
5531690
5533186
5533519
5533897
5534098
5534678
5537468
5538692
5539864
5542478
5543269
5547231
5547359
5548211
5548254
5549011
5551576
5552240
5553154
5553235
5553270
5555312
5555321
5556969
5557162
5557542
5559785
5560424
5560473
5561130
5562635
5562658
5562738
5562754
5563796
5564154
5564808
5565514
5565921
5566514
5567316
5568040
5568170
5568748
5569049
5569537
5570484
5570486
5571285
5571552
5572600
5573172
5575474
5576672
5577746
5579060
5581486
5582001
5583538
5583792
5584294
5584749
5584869
5584899
5585716
5585993
5586018
5586228
5590160
5590246
5591522
5592739
5592944
5593026
5594121
5595985
5597000
5597174
5598912
5599055
5601635
5602579
5603809
5604440
5605665
5605935
5606577
5606646
5606707
5607053
5607785
5608309
5608375
5609117
5610483
5611648
5613066
5613203
5613277
5615517
5616205
5616817
5617878
5620798
5621206
5621931
5622172
5622619
5623224
5625333
5625653
5628592
5630551
5631859
5632994
5633292
5634557
5634597
5637027
5637141
5637542
5637726
5637870
5638259
5638427
5638541
5638959
5638965
5639098
5639658
5642925
5643392
5644284
5644905
5645818
5646498
5647189
5649652
5650174
5650812
5651853
5652862
5652998
5653657
5653957
5654465
5654730
5654926
5655263
5655944
5656229
5657743
5659189
5661071
5661578
5661876
5663679
5664031
5664515
5664932
5665524
5665535
5665766
5666516
5666640
5667803
5667906
5668227
5668977
5669101
5669343
5669622
5669771
5669988
5672644
5672781
5673000
5674362
5674763
5676496
5677828
5680275
5681926
5682172
5682181
5682509
5683158
5684648
5685208
5685709
5686403
5686615
5688364
5688601
5690720
5691418
5691504
5691920
5693837
5696033
5697879
5699377
5699762
5700097
5700665
5700762
5701721
5701948
5702947
5705802
5706132
5706935
5707232
5710781
5710973
5712331
5712878
5713986
5714106
5714181
5714278
5715170
5716078
5716080
5716452
5716672
5717587
5718846
5720086
5720582
5720718
5721036
5721475
5722274
5723734
5724222
5725379
5726072
5727808
5728449
5728957
5730639
5731624
5731940
5732603
5732671
5734360
5736295
5736487
5736703
5738946
5740206
5740508
5741541
5741922
5743131
5743331
5743543
5744015
5744085
5744769
5745498
5746217
5746420
5747473
5749230
5749908
5749955
5753393
5753522
5754438
5754668
5756210
5756433
5756974
5757744
5758940
5760308
5762540
5763307
5763886
5765341
5766191
5766211
5767827
5767990
5768126
5768306
5770324
5770721
5771246
5772497
5772951
5773343
5773396
5775742
5776905
5779781
5782630
5783375
5783809
5787638
5790043
5790186
5790864
5792339
5792601
5793791
5797622
5797753
5798148
5798709
5799071
5799624
5800780
5801407
5802509
5802667
5803115
5803607
5804898
5806117
5807523
5808986
5811018
5812530
5814040
5815850
5816076
5816339
5817008
5820258
5822071
5823798
5824248
5825283
5826338
5827211
5829074
5829716
5830332
5831687
5833672
5836985
5837152
5838087
5839248
5839593
5840591
5842494
5843399
5843664
5843844
5845084
5846452
5848228
5848261
5848352
5849129
5849562
5850065
5850263
5851780
5852917
5853110
5854083
5855282
5856473
5857219
5857432
5857463
5858489
5858552
5860613
5860644
5860805
5861508
5863396
5864018
5864117
5864366
5864561
5865047
5865667
5867018
5868005
5868280
5868530
5869676
5870240
5871949
5872134
5873370
5874247
5874570
5875068
5875091
5875316
5876629
5877148
5877761
5879243
5880007
5881327
5881392
5883006
5884259
5885422
5885615
5885786
5886024
5886326
5886377
5886681
5887480
5888797
5889234
5889588
5896095
5896500
5899634
5900389
5901069
5901242
5902164
5904174
5905165
5906044
5907797
5909113
5910804
5912691
5912898
5913152
5913834
5915130
5915731
5917962
5919764
5921002
5921064
5923465
5925526
5925572
5925645
5925729
5926151
5926457
5927038
5928359
5928696
5929447
5930350
5932102
5933165
5933280
5933446
5933833
5933894
5935023
5935520
5937156
5937991
5939287
5939794
5939978
5940028
5940569
5942077
5943092
5943868
5944123
5944195
5944817
5945682
5946017
5946235
5946608
5946694
5947757
5948931
5949196
5950359
5951382
5952348
5955336
5955756
5955954
5957105
5957177
5957584
5958075
5958180
5960760
5961428
5963769
5966696
5972000
5973031
5976086
5981999
5982212
5982298
5982505
5983062
5983091
5983482
5983835
5983950
5984087
5986228
5987707
5988501
5990444
5991170
5991758
5992848
5993591
5993760
5995395
5997233
5997595
5997776
5998058
5998473
5999753
5999991
6002197
6002686
6006247
6006361
6007154
6007259
6007652
6008696
6011689
6012132
6013298
6014882
6015659
6015727
6015785
6015960
6016041
6016147
6017914
6018662
6019096
6019116
6019490
6019728
6021247
6022796
6022895
6022945
6022954
6023149
6023189
6028007
6032638
6033402
6034234
6034574
6035068
6035265
6036043
6037622
6038633
6038851
6039237
6040051
6040913
6041008
6041155
6041195
6042080
6042213
6042754
6044960
6046635
6046717
6047322
6047625
6047841
6050396
6050588
6053096
6055499
6055505
6055855
6056057
6057351
6058002
6058949
6059109
6059646
6059820
6061166
6061723
6064311
6064514
6064682
6065177
6067242
6067804
6068170
6069567
6070141
6070510
6072778
6073283
6073698
6074927
6076013
6076157
6076277
6078468
6078868
6079862
6081974
6082458
6082538
6084506
6084532
6085117
6085347
6086153
6086792
6087168
6087548
6088944
6090405
6091748
6091855
6092289
6092499
6092610
6094999
6095392
6095495
6097122
6100986
6101621
6102707
6102849
6102986
6103313
6103669
6104124
6104331
6104408
6106777
6107236
6107951
6108816
6111594
6111850
6113322
6115108
6115554
6116365
6116650
6117278
6117492
6117833
6118804
6118962
6121483
6121632
6123241
6123849
6124997
6127026
6131535
6131950
6131968
6133029
6134272
6134405
6135788
6138242
6138716
6139210
6139522
6140578
6140631
6142416
6143683
6146470
6146647
6146909
6147167
6147191
6148868
6149857
6151739
6151973
6155365
6157918
6157946
6160585
6160949
6162495
6163477
6165158
6166326
6166445
6166826
6168029
6168662
6169211
6169330
6169439
6170489
6171941
6173472
6173661
6174939
6175588
6177972
6178960
6179567
6180284
6181686
6182647
6182777
6184263
6184883
6184928
6185572
6185609
6185665
6185973
6188470
6189159
6189999
6192686
6193298
6193507
6195893
6197272
6197625
6200226
6200646
6202831
6203633
6204004
6204677
6205536
6205746
6205982
6206709
6208585
6212377
6213603
6215076
6215080
6215257
6217426
6218926
6219376
6219718
6220179
6221191
6221796
6222333
6223531
6224051
6225077
6225186
6228148
6228483
6228544
6229394
6229600
6231474
6231847
6232859
6235493
6235506
6236131
6236412
6236910
6237630
6240174
6240348
6240661
6241223
6241774
6241984
6242395
6242941
6243809
6244037
6244397
6247863
6248419
6248878
6249908
6250362
6251956
6256450
6257636
6259416
6260154
6262535
6263789
6265140
6266484
6267400
6267649
6268136
6269727
6269839
6270429
6271372
6271862
6272004
6272256
6272613
6273462
6273577
6273988
6274606
6274632
6274955
6275235
6275894
6276300
6276972
6278770
6279637
6279724
6282962
6283810
6284315
6284406
6284555
6284798
6285297
6285544
6286095
6286881
6287029
6287139
6287291
6287746
6288604
6288661
6288745
6288815
6289080
6289260
6290330
6290400
6290521
6290621
6291458
6291798
6292367
6292751
6292809
6293501
6293886
6294046
6294465
6296610
6298069
6299294
6299501
6300014
6301165
6301262
6303236
6303697
6303768
6304071
6304329
6305091
6305117
6305753
6307978
6308414
6308625
6308699
6312012
6312733
6313974
6318039
6318440
6318534
6320246
6320416
6320780
6322528
6323380
6323399
6324213
6324651
6325454
6326426
6331264
6331267
6332056
6332381
6332991
6333580
6333818
6335735
6335888
6340310
6340348
6340519
6341578
6345503
6345682
6346600
6347070
6347219
6348644
6348718
6353832
6355158
6355424
6355786
6358778
6359645
6360357
6361025
6361300
6362446
6363107
6363602
6363953
6364723
6364928
6365594
6365622
6366455
6369396
6371819
6372703
6373942
6374483
6374836
6376065
6376389
6376994
6377106
6377450
6377642
6378149
6378288
6378412
6378717
6378977
6379781
6381529
6382476
6382595
6383091
6383415
6383947
6384801
6385307
6385750
6386802
6387604
6389948
6390187
6391011
6393329
6393330
6394024
6394044
6395272
6395864
6395927
6396585
6397001
6397957
6398068
6399282
6399734
6399745
6401974
6402356
6404055
6407642
6407657
6407660
6408127
6408134
6409732
6409885
6409944
6410204
6411312
6411490
6411717
6412271
6413030
6415111
6416484
6416506
6416606
6417664
6417950
6418596
6419677
6422268
6424338
6424467
6424529
6426333
6427767
6429100
6429956
6430128
6430180
6430933
6431091
6431455
6431820
6432673
6432859
6434363
6434610
6434966
6435794
6436950
6437364
6437590
6437627
6437657
6438220
6441287
6443544
6444341
6445649
6446953
6447616
6448271
6450371
6450928
6452634
6452932
6454373
6455034
6457661
6461243
6461634
6462873
6463820
6464362
6465745
6466235
6466322
6466452
6467704
6467785
6468033
6468375
6468638
6470153
6470620
6470685
6471449
6472159
6472757
6473761
6474344
6474419
6475068
6475661
6476933
6478113
6480675
6482883
6483505
6484152
6484177
6485120
6485375
6486172
6486578
6486719
6491875
6493142
6493277
6496658
6499268
6500367
6501044
6503484
6503725
6504710
6506040
6506427
6506982
6509245
6511106
6512148
6512542
6513064
6513071
6513226
6513513
6513974
6514451
6514775
6515028
6515421
6515501
6515791
6516134
6516447
6517929
6518348
6519410
6520278
6520449
6521524
6523584
6525188
6525697
6525864
6526344
6526454
6526795
6527447
6528629
6530118
6530126
6531008
6531996
6533968
6537426
6538037
6539824
6539854
6543153
6543306
6544570
6548802
6549424
6550481
6552556
6553156
6554668
6555045
6555628
6556660
6556695
6557732
6559301
6559888
6563123
6563587
6566287
6566989
6568822
6569434
6570419
6570906
6571664
6572709
6573370
6574056
6574234
6574664
6575518
6576130
6577391
6579172
6582266
6583429
6584013
6585905
6585987
6586971
6588271
6590929
6592371
6592577
6594159
6595284
6596740
6597716
6597924
6598295
6598592
6600981
6601160
6601375
6604474
6605197
6605554
6605853
6606087
6607964
6609625
6609872
6610033
6610468
6610709
6610991
6611408
6611490
6612993
6613418
6615008
6616027
6616484
6617185
6618042
6618983
6620626
6621580
6622183
6623411
6624388
6625191
6625400
6625792
6625896
6629239
6630235
6630556
6631933
6632301
6632710
6634863
6634875
6635019
6635028
6635146
6635491
6635766
6637183
6637913
6638650
6638802
6638894
6640604
6640828
6641864
6642374
6643765
6644746
6648574
6650236
6650271
6650693
6650828
6650932
6652132
6652811
6653163
6654300
6654977
6657592
6658319
6659478
6661088
6661289
6662134
6662313
6662679
6662805
6664205
6666789
6668015
6668537
6668916
6669067
6669544
6670560
6670848
6671872
6672136
6672214
6674103
6677377
6677664
6678250
6678696
6679188
6679238
6680455
6681553
6681666
6684057
6684838
6687253
6688916
6689219
6689445
6689498
6689619
6692122
6694375
6695707
6701135
6703650
6705181
6706685
6706701
6706902
6708999
6709120
6709306
6709639
6711372
6713041
6713222
6713504
6715089
6715171
6716725
6717398
6717723
6718412
6718727
6719467
6720261
6721146
6721766
6722053
6722913
6723086
6724580
6725097
6725134
6726220
6726846
6728937
6729366
6729504
6732292
6733362
6733368
6733759
6734093
6735209
6735766
6740173
6741246
6741943
6741968
6741987
6742071
6742183
6742330
6742853
6744752
6744889
6745753
6746500
6746684
6746791
6747125
6747300
6748106
6748790
6749302
6749774
6750520
6750775
6751619
6751877
6752972
6753057
6755410
6756693
6757523
6759182
6759813
6761660
6761856
6762712
6762743
6763340
6763391
6763606
6764041
6765405
6765886
6766264
6766809
6766857
6768240
6770133
6773403
6774038
6778594
6780672
6782785
6783630
6783972
6784082
6785212
6785606
6786474
6787329
6788491
6789115
6790443
6791054
6791077
6792218
6792764
6793427
6795034
6798453
6798981
6799239
6799728
6799968
6800892
6801560
6802131
6802896
6803054
6803156
6804433
6804983
6805886
6805965
6806708
6807147
6808247
6808839
6810437
6810719
6810784
6811324
6812067
6812307
6814932
6815245
6815683
6816865
6818273
6819085
6819253
6820037
6820421
6821389
6821592
6822057
6823072
6823622
6823993
6825204
6825488
6826372
6826566
6829190
6829752
6829933
6830100
6830608
6831277
6832574
6833016
6833251
6834054
6835097
6835595
6836532
6837443
6837864
6838635
6839841
6840368
6841133
6842127
6843526
6843779
6844043
6845391
6846030
6846571
6846753
6848288
6849714
6851133
6852098
6852277
6852568
6853268
6853307
6853933
6854355
6854520
6855754
6858077
6858428
6858655
6862214
6864023
6866678
6866725
6868156
6869221
6870850
6871391
6872712
6878620
6880311
6880543
6881142
6881277
6883333
6884197
6885483
6885535
6886034
6887063
6887270
6888226
6888796
6889219
6889546
6891312
6891396
6892111
6892221
6894390
6894508
6896626
6896683
6896888
6897919
6898238
6898293
6899962
6900338
6901303
6901896
6902606
6903589
6904373
6907377
6907432
6907471
6907592
6910488
6912203
6912586
6913095
6913493
6914695
6914827
6916170
6917661
6918144
6918830
6919057
6921313
6923956
6924277
6924767
6924839
6925149
6925925
6928574
6928976
6929162
6929970
6930443
6930696
6931143
6931892
6932183
6932662
6933006
6933193
6934305
6936342
6938712
6939208
6939531
6939610
6939686
6939940
6940600
6941275
6941620
6942759
6945068
6946731
6947807
6947943
6948974
6950402
6950529
6952182
6952225
6953790
6953949
6954235
6957354
6958260
6958839
6958989
6960779
6961002
6961471
6962019
6962586
6963079
6963367
6963555
6963765
6964484
6965141
6966321
6966797
6967194
6967259
6967327
6967721
6968840
6968864
6969683
6970420
6972003
6972543
6972551
6972847
6974247
6974872
6977343
6978366
6978575
6978721
6979269
6979602
6981402
6981525
6982471
6983338
6983732
6987639
6988390
6988687
6989617
6991649
6992142
6995828
6995994
6996548
6998562
6998706
6998719
6999738
7000001
7001237
7002073
7003194
7004584
7005615
7006819
7010158
7012679
7014036
7014210
7016688
7017058
7018588
7018894
7018963
7019994
7020324
7020413
7022528
7023148
7023284
7024353
7024783
7025718
7025882
7025908
7026298
7026738
7026801
7027096
7027918
7028687
7029505
7030506
7031731
7034021
7035125
7035143
7035213
7036047
7037123
7037199
7038335
7039381
7040193
7041057
7042310
7043174
7044463
7046015
7047452
7047621
7049272
7050203
7052198
7054515
7054957
7055348
7056038
7056666
7057321
7058457
7060022
7060247
7060606
7062267
7063761
7063797
7064932
7065676
7065733
7067501
7068580
7068870
7068942
7069261
7069559
7070613
7071402
7072387
7073974
7074041
7074362
7076642
7077529
7078415
7080138
7081173
7081570
7081955
7083524
7084903
7085150
7089961
7090768
7090932
7092005
7092451
7092533
7093425
7095055
7097071
7097538
7097619
7098935
7098973
7100386
7101148
7102111
7102522
7103121
7103457
7103663
7103880
7105957
7107222
7107254
7108649
7109189
7109510
7109970
7111120
7111431
7111784
7113648
7114467
7118364
7118958
7120035
7123361
7124347
7126181
7127927
7128180
7128525
7128644
7131746
7132419
7133021
7133386
7134911
7135239
7136060
7136290
7137910
7137959
7138160
7138740
7140409
7140851
7142913
7146287
7146570
7146595
7146614
7146752
7146903
7147581
7147779
7150373
7150659
7153999
7154466
7154644
7155010
7155490
7155922
7156215
7156265
7156607
7157060
7157072
7157869
7159668
7160359
7160638
7161313
7161955
7163603
7163818
7166082
7166795
7168166
7168606
7169107
7169991
7171102
7171207
7172356
7175528
7175922
7177328
7177743
7179158
7179246
7179578
7179603
7179981
7180022
7180721
7183471
7183514
7183853
7183938
7185509
7186126
7186982
7188044
7188970
7189085
7191020
7193901
7195702
7195723
7196151
7197015
7197157
7197453
7198282
7198345
7199257
7199281
7199991
7203372
7204389
7204940
7205742
7206933
7207856
7209236
7209438
7210602
7213718
7214414
7214504
7214570
7216107
7216629
7216945
7217857
7218341
7218373
7218707
7219395
7220179
7221755
7222902
7222959
7224082
7224733
7225507
7226061
7226137
7226797
7226862
7227893
7228552
7234511
7235108
7235227
7235512
7239452
7240640
7241652
7241842
7242362
7243498
7245231
7245480
7245835
7246549
7246851
7247073
7247684
7248610
7248976
7249978
7251320
7251994
7252484
7253542
7253589
7254732
7255086
7255296
7256173
7259089
7260967
7261676
7263577
7263703
7264198
7266774
7267266
7267365
7267425
7267533
7268136
7269295
7269340
7269349
7269680
7270436
7271184
7273012
7273437
7274321
7274590
7275853
7275894
7276048
7276171
7276250
7276906
7280263
7281171
7281386
7281677
7281818
7282120
7282121
7282575
7285505
7286415
7287857
7289031
7289864
7290119
7290418
7291411
7291535
7293368
7293801
7294312
7295162
7295660
7295937
7296217
7296314
7296364
7296902
7298739
7298742
7298765
7299366
7299907
7301928
7303173
7303561
7304589
7304868
7305902
7309406
7311214
7311910
7313967
7314666
7314683
7315277
7315432
7317323
7319757
7320508
7321334
7321358
7321545
7321784
7323381
7325555
7325716
7327656
7328998
7329740
7330382
7332732
7332861
7332942
7333951
7334016
7335384
7335715
7337755
7337930
7338135
7338392
7338970
7341113
7343574
7343671
7344243
7345151
7345325
7346291
7346517
7348345
7350707
7351605
7352356
7352795
7352830
7353991
7356769
7358608
7359195
7359726
7359877
7362229
7363082
7363273
7366151
7366394
7367134
7367223
7368250
7368375
7373732
7374157
7374327
7376077
7376111
7376451
7378753
7379688
7380849
7381147
7381415
7381629
7382693
7383361
7383461
7383529
7385847
7386441
7387773
7390341
7391585
7392800
7393045
7393293
7394506
7394706
7395348
7396214
7398348
7399600
7400151
7401011
7404107
7404287
7404303
7405275
7406969
7406988
7408392
7408691
7409579
7410741
7410751
7411515
7411764
7411962
7412510
7413075
7413403
7413597
7413971
7414376
7414485
7414490
7416003
7416144
7418520
7419152
7421204
7425101
7427577
7428010
7428795
7428843
7428861
7431670
7433086
7433274
7433529
7434492
7435831
7436784
7437458
7438309
7440144
7440264
7442008
7442711
7443491
7443688
7444666
7445944
7446352
7447097
7447529
7448113
7448211
7448402
7449517
7450460
7450609
7452180
7452241
7453029
7453355
7453749
7453760
7454681
7454975
7455774
7456181
7457811
7457834
7459781
7460899
7461023
7461273
7461327
7461453
7462568
7463349
7463391
7463664
7464166
7464867
7465282
7466330
7466818
7466939
7468095
7470167
7471545
7471941
7473145
7473299
7473658
7475176
7475770
7475783
7480211
7480523
7481576
7482655
7482937
7483101
7483227
7484390
7485263
7485274
7485903
7486379
7486465
7487230
7487543
7490539
7495240
7496525
7498571
7499414
7500711
7503140
7504017
7504101
7506332
7507611
7509296
7512515
7513494
7513536
7513936
7514145
7516184
7520040
7520214
7520837
7521075
7521258
7521454
7522114
7522564
7524091
7524413
7525080
7525114
7525397
7525885
7527642
7527837
7531137
7532043
7532179
7532241
7533556
7533863
7535020
7536275
7536839
7536898
7537092
7537261
7538673
7540808
7541202
7541508
7543730
7543815
7543880
7547189
7550111
7551799
7553778
7554526
7554979
7555395
7556404
7557120
7557219
7558194
7558378
7558776
7560266
7560957
7562163
7562861
7564379
7565684
7566110
7566847
7567493
7567563
7568337
7569293
7570848
7571232
7571843
7573071
7573288
7573306
7573565
7574052
7574132
7574152
7576795
7577937
7578080
7578653
7578846
7581484
7582196
7582349
7582655
7582678
7582966
7583029
7583294
7585300
7586100
7586359
7587281
7588368
7589201
7590683
7591303
7591794
7593801
7593998
7594083
7595371
7596555
7596701
7600299
7603228
7603507
7605219
7605331
7605679
7605854
7606507
7606527
7607929
7608249
7608873
7609137
7609464
7609658
7609984
7610087
7611199
7612730
7613434
7618357
7619214
7619954
7620140
7621119
7621163
7621500
7622342
7623292
7623504
7624576
7627124
7629316
7631180
7631390
7632001
7632274
7633280
7633589
7634703
7636296
7637334
7637998
7638836
7640110
7640187
7640780
7641775
7645633
7646605
7646676
7647135
7647815
7648396
7648912
7649110
7650018
7650143
7651104
7651385
7651389
7652280
7652414
7652716
7655042
7655577
7656588
7657584
7657806
7662039
7662254
7662900
7663275
7665760
7666260
7668102
7668587
7669792
7670725
7671938
7673129
7673454
7675669
7676978
7677136
7677214
7679206
7679566
7679757
7680578
7681789
7681942
7682699
7683969
7685815
7686103
7686597
7686883
7687008
7689173
7691345
7692101
7693434
7694575
7696884
7697914
7701676
7702150
7702866
7702970
7703353
7703654
7704084
7705883
7707331
7707505
7708320
7708346
7708660
7709210
7709471
7711137
7711716
7711794
7712062
7712770
7713377
7713901
7715341
7715751
7716135
7716731
7717086
7717267
7717307
7721115
7722950
7724437
7724628
7724833
7724892
7728356
7728737
7731080
7731261
7731389
7732809
7733030
7733225
7733247
7733572
7733769
7737068
7738074
7738321
7739919
7741119
7741958
7742674
7742708
7743451
7743832
7744088
7744347
7744353
7744468
7744780
7746504
7751000
7751427
7751627
7752396
7753576
7754263
7755745
7756554
7757736
7758481
7758972
7759172
7761716
7762676
7762858
7764236
7764394
7765408
7765934
7767854
7767952
7768027
7769446
7771066
7771433
7771659
7772079
7773277
7774667
7775592
7775833
7776377
7777851
7780259
7781068
7781754
7781793
7785136
7786345
7786347
7786792
7787294
7787859
7788359
7788962
7789499
7790370
7791444
7795878
7796307
7797922
7798683
7799074
7799803
7799945
7803468
7803663
7804113
7807999
7808464
7809870
7809901
7811951
7812748
7812913
7813243
7813410
7815851
7816997
7817322
7817514
7818087
7818383
7818444
7818556
7819099
7819490
7820082
7820915
7821826
7823066
7823562
7824617
7824897
7825837
7828966
7830186
7831831
7834113
7834563
7834906
7836716
7839203
7841370
7841418
7842241
7842504
7843663
7843700
7844569
7844799
7845293
7845307
7848217
7849270
7850091
7852516
7852816
7853086
7853571
7853594
7854899
7857888
7862331
7862491
7864163
7864571
7865353
7865387
7866973
7867239
7867546
7867573
7867694
7867716
7868959
7869854
7869958
7870022
7870671
7872024
7872729
7873072
7876804
7876850
7876906
7877314
7877377
7878364
7879055
7879262
7880776
7881520
7882702
7884139
7884226
7885224
7885410
7887728
7889117
7889895
7890993
7892539
7892929
7895512
7900778
7901934
7902281
7902468
7902916
7903513
7904673
7904969
7905244
7905553
7907952
7908219
7910714
7911158
7912219
7912660
7914051
7914522
7915418
7915425
7915677
7916266
7917550
7917807
7919919
7921602
7922004
7922204
7923093
7923724
7923803
7926261
7926948
7927252
7928561
7932296
7932687
7935816
7936081
7936496
7936653
7938513
7939881
7939891
7940313
7941119
7942711
7943429
7943626
7943796
7944445
7945759
7948499
7950499
7952134
7954234
7954473
7954513
7955438
7956971
7957803
7959042
7959075
7960213
7963810
7964200
7965167
7965947
7966112
7966456
7968703
7968924
7969422
7971272
7971696
7974057
7975347
7975857
7978684
7978997
7979606
7979748
7980210
7980835
7981395
7982047
7982539
7983110
7984581
7984841
7986945
7987068
7989063
7990464
7991605
7991806
7992674
7993452
7995635
7998126
7998549
7998946
7999193
7999791
8000714
8003407
8006275
8006965
8007094
8007887
8009059
8010102
8011780
8015068
8015336
8015431
8017938
8019973
8020038
8020358
8020429
8021435
8021768
8021883
8022292
8022569
8022792
8022847
8022926
8024594
8024669
8024679
8024722
8025051
8026140
8028792
8030916
8031624
8031872
8032566
8033409
8034682
8035384
8035473
8035850
8035873
8036107
8036265
8037028
8037406
8038425
8040215
8043955
8044486
8045283
8045534
8046116
8047032
8049655
8052190
8052693
8053124
8053283
8053394
8053939
8054751
8054991
8055588
8056182
8056592
8058301
8058466
8060004
8060195
8061071
8062760
8063450
8063625
8063672
8064028
8065887
8065996
8066487
8066873
8068204
8068305
8068716
8069119
8070648
8070963
8073073
8073732
8074244
8075557
8076148
8077059
8077907
8079322
8080592
8080893
8081049
8082418
8082513
8082534
8083182
8083322
8084287
8086749
8087505
8089009
8089395
8089896
8092141
8092338
8092768
8093030
8094543
8095447
8096306
8096450
8096550
8098863
8099180
8100819
8100941
8101894
8103261
8105436
8106202
8106295
8106307
8106692
8106962
8108361
8109811
8111178
8112961
8113118
8113948
8116035
8116697
8119099
8120186
8120997
8121184
8122245
8123496
8123527
8123675
8124846
8125573
8125999
8126078
8126583
8128400
8128433
8128670
8132031
8133854
8134490
8134899
8135277
8135584
8136586
8137182
8137955
8138227
8138536
8140376
8140513
8140891
8140979
8141925
8142360
8142671
8143491
8143911
8144526
8144798
8144986
8147204
8148660
8148830
8149529
8151936
8152128
8153611
8153822
8154257
8155047
8156663
8157122
8157226
8158367
8159897
8161392
8163716
8163812
8165314
8166530
8166685
8167051
8167692
8168732
8170098
8171396
8171635
8172142
8172856
8174591
8177805
8179780
8180093
8180214
8181623
8181903
8182012
8182278
8183000
8183287
8183802
8184090
8184288
8185037
8185645
8187214
8187420
8188108
8188280
8190157
8190757
8190976
8191080
8191431
8193788
8195550
8196218
8196928
8197938
8198029
8200322
8200924
8201468
8201836
8203052
8204489
8204806
8207521
8207531
8207607
8208165
8208820
8209788
8210435
8210858
8211145
8211797
8212056
8213052
8213079
8213889
8214607
8214630
8215841
8216079
8216542
8217932
8218526
8220404
8220602
8221489
8221689
8222276
8222469
8222656
8224604
8224695
8225296
8225422
8226938
8228263
8228944
8229905
8230401
8231010
8231016
8231350
8232221
8233362
8233496
8237708
8238635
8239689
8242256
8242324
8242742
8243683
8244801
8245572
8246314
8247233
8247932
8248418
8249760
8250327
8251287
8251288
8252145
8252171
8253246
8253483
8256233
8256404
8258231
8258762
8264565
8266744
8267039
8267321
8267564
8268657
8269910
8270711
8271251
8271894
8272877
8273863
8273903
8274477
8274944
8275236
8276004
8279816
8279966
8280074
8281080
8281211
8281705
8282382
8282729
8283890
8284265
8284932
8284978
8285170
8286625
8286999
8287103
8289975
8290417
8290986
8291259
8293327
8294805
8295417
8297181
8297258
8297311
8297982
8298639
8299157
8299267
8299892
8301262
8302214
8302782
8303537
8303953
8304697
8307343
8307354
8307947
8309098
8310625
8311519
8312183
8312751
8312811
8313089
8316951
8317474
8318112
8318796
8319424
8321468
8321825
8322934
8324339
8325806
8326008
8328979
8329869
8330264
8331784
8332901
8333519
8333523
8334174
8334519
8334553
8337032
8337397
8337495
8338526
8339282
8340613
8341971
8342650
8342998
8346553
8346678
8347030
8347356
8347821
8348737
8348964
8349122
8350509
8350926
8351320
8354071
8356481
8356605
8357190
8357913
8358069
8358624
8359881
8360357
8360582
8362198
8362569
8362639
8362828
8365449
8367257
8367341
8367553
8368233
8368577
8374128
8374664
8376520
8378053
8378066
8378541
8378724
8378978
8379432
8379940
8380991
8382695
8385765
8385844
8386409
8386969
8388099
8388318
8389985
8390683
8391037
8392133
8394012
8394261
8394655
8395236
8395368
8395917
8396240
8397246
8398178
8398616
8400422
8401395
8401823
8401835
8402097
8402906
8403738
8404733
8405493
8408350
8408864
8409266
8409284
8409998
8410985
8412045
8412050
8412263
8412314
8412466
8413988
8414070
8414715
8415479
8415935
8416418
8418143
8420869
8421547
8421704
8422299
8423204
8426603
8429087
8430539
8433134
8433818
8434367
8434586
8434942
8436834
8437202
8438960
8439327
8442474
8443376
8444658
8446934
8447027
8447178
8448002
8448302
8449302
8449305
8449579
8449650
8449805
8452936
8454249
8454588
8455561
8456450
8457061
8457543
8457836
8459423
8459705
8460962
8461369
8462864
8463979
8464366
8464865
8466393
8467039
8467720
8467996
8470077
8470670
8471084
8472083
8473818
8473930
8474442
8474880
8475047
8475460
8478071
8480385
8481136
8481671
8482231
8484853
8484891
8484938
8485508
8487163
8487459
8488332
8489771
8489996
8490637
8493019
8493074
8493297
8493923
8494139
8494866
8495102
8495149
8496136
8496156
8496188
8496842
8497027
8498739
8498760
8498933
8505039
8506546
8507520
8507788
8510458
8512700
8513060
8513117
8513803
8516132
8516416
8516891
8516967
8518509
8518542
8521006
8521139
8521626
8521693
8521996
8522908
8523533
8524765
8526017
8526964
8528348
8529761
8530306
8532017
8532859
8533104
8534730
8536361
8540198
8541454
8541808
8542622
8544782
8545653
8545662
8545870
8546559
8548203
8548463
8549602
8550225
8551099
8553762
8554216
8554320
8555416
8555743
8557351
8558997
8559534
8560864
8561107
8562748
8563545
8564656
8564839
8565936
8566251
8567651
8567965
8568119
8568404
8569051
8570304
8570716
8571006
8571510
8571770
8573236
8573995
8576336
8577361
8577899
8578029
8578059
8578513
8580690
8581323
8582071
8582194
8582583
8584350
8586798
8587572
8587838
8589400
8590904
8592556
8593567
8593959
8597907
8599009
8599170
8601277
8603413
8603496
8605020
8605240
8606217
8606280
8606660
8607672
8607713
8607728
8607780
8610390
8610794
8611046
8611063
8611686
8613078
8614520
8614769
8616056
8617620
8617785
8618829
8619357
8620479
8620763
8621233
8622788
8623304
8624565
8624761
8625621
8627058
8627266
8627625
8627823
8628034
8629164
8629594
8631346
8631531
8632022
8632461
8632616
8632714
8632733
8632938
8633130
8633425
8635427
8636200
8636624
8636636
8636975
8637056
8637093
8637511
8640083
8640384
8640578
8640776
8641340
8641553
8641696
8641906
8642756
8643245
8644587
8645611
8645805
8648203
8648813
8649127
8649205
8650087
8653781
8653905
8654719
8655518
8656106
8657505
8658275
8659521
8661281
8663024
8663037
8664619
8666950
8667743
8668397
8668529
8668622
8669906
8673020
8675032
8675583
8676013
8677580
8678527
8679318
8680618
8680813
8681227
8681948
8682134
8686655
8688231
8688796
8688962
8689987
8692739
8693362
8693972
8696479
8696589
8697428
8698513
8698854
8699436
8699658
8701684
8704572
8706689
8707007
8707361
8708036
8708071
8708345
8708506
8708995
8709679
8710087
8710584
8710681
8711429
8714707
8714912
8715630
8717126
8717163
8717272
8717504
8718988
8719033
8719714
8722485
8723145
8726134
8726819
8727125
8728115
8729644
8729851
8730229
8730988
8732397
8733141
8735131
8736312
8737491
8739451
8739698
8741139
8741356
8741889
8742105
8743143
8743641
8746069
8747162
8749097
8750024
8750210
8750396
8750592
8750961
8751312
8751833
8753713
8754892
8756052
8756286
8757035
8757280
8757746
8757875
8758778
8758995
8759131
8759658
8760532
8761224
8761346
8763364
8764132
8764993
8767999
8768146
8768171
8770743
8770965
8771640
8771775
8772681
8772922
8773420
8773757
8773807
8775562
8775981
8777621
8778821
8778824
8779546
8780581
8780738
8781009
8783455
8784482
8785797
8786845
8787623
8789585
8789621
8790800
8791182
8792063
8793985
8795405
8795997
8796130
8798705
8799483
8799873
8800396
8801937
8802012
8803219
8803682
8805059
8806303
8809458
8810669
8812189
8812738
8813266
8813912
8814219
8816351
8817069
8817409
8817682
8820103
8820397
8822190
8823174
8823941
8823964
8824835
8826005
8830046
8830185
8831750
8832180
8832434
8832927
8832929
8836241
8836555
8837452
8839328
8840453
8842612
8843028
8843387
8843547
8845630
8848976
8852676
8853100
8855014
8855253
8856876
8856885
8857628
8857857
8858496
8859346
8863792
8865148
8868614
8868930
8869671
8871095
8871539
8871666
8872127
8872619
8874551
8874569
8876079
8876336
8877717
8878663
8879010
8880188
8881903
8883878
8884992
8888445
8890209
8890326
8892719
8893127
8893205
8894413
8895397
8898816
8898988
8899144
8899784
8900766
8900965
8904712
8904822
8906650
8906716
8907751
8908884
8910401
8910660
8910686
8910713
8911827
8914811
8916056
8917500
8918263
8919569
8920730
8922468
8922565
8923630
8928222
8928484
8930293
8930373
8930980
8931592
8931610
8931738
8932308
8933131
8933173
8933455
8934895
8935941
8936892
8938593
8939642
8941108
8941420
8941755
8941873
8941924
8942970
8943353
8943768
8945393
8945652
8946631
8947225
8947426
8951129
8953366
8954093
8954293
8954710
8956577
8956607
8960142
8960353
8960442
8963586
8963872
8964561
8964821
8965665
8966110
8967246
8970322
8970390
8970746
8971039
8971447
8971641
8975176
8975390
8976319
8976349
8976906
8978448
8978848
8980858
8980966
8982313
8982779
8985417
8985563
8988702
8988949
8989643
8990675
8991268
8992326
8992767
8992773
8995390
8996398
8997612
8997720
8999296
9001351
9003868
9003937
9005628
9005820
9007672
9008147
9008282
9009250
9010284
9011086
9011689
9011802
9012353
9012423
9013350
9013793
9014754
9016305
9018533
9020404
9020956
9021150
9021165
9021600
9022167
9022577
9024887
9026551
9026867
9029677
9030657
9030830
9031282
9031377
9033185
9033994
9034084
9034391
9034503
9037270
9037420
9038143
9042262
9042507
9042918
9043030
9043194
9043477
9043543
9043805
9044257
9044901
9045408
9047241
9048049
9048386
9048646
9049596
9050957
9051372
9052629
9053029
9053203
9053309
9053993
9057926
9058732
9060282
9060861
9061070
9061385
9062288
9062539
9064188
9064282
9066002
9067029
9067111
9072017
9072572
9073009
9074629
9074801
9076269
9077403
9077504
9077833
9078809
9080491
9082605
9082718
9084521
9085856
9088433
9088606
9091286
9091314
9091963
9092467
9093051
9093891
9093950
9094015
9095384
9096220
9096416
9096711
9096873
9096886
9097554
9098401
9099231
9099444
9100127
9100271
9101109
9104571
9104801
9104904
9105106
9108190
9108733
9109263
9111782
9111932
9114007
9114550
9114790
9114903
9116477
9118365
9119784
9119859
9120906
9122812
9123239
9124998
9125381
9126269
9126487
9128249
9128583
9128967
9129507
9131601
9131646
9133319
9133419
9134327
9135822
9136022
9137606
9138628
9139830
9140706
9141276
9143369
9143640
9144818
9144889
9146302
9148739
9149179
9149949
9150644
9150895
9151911
9151927
9153847
9154264
9156199
9156632
9157027
9157796
9157841
9158956
9159618
9161482
9162671
9163848
9167486
9167848
9169069
9169248
9169774
9169904
9172669
9174104
9174781
9175180
9177088
9177144
9179839
9180757
9180815
9182025
9184321
9185632
9187343
9189391
9190287
9191036
9191087
9191468
9191558
9191632
9192607
9194503
9196899
9197243
9198731
9202064
9202088
9203983
9204770
9206072
9206641
9207254
9207986
9208034
9209766
9210245
9210322
9210445
9211119
9214114
9215331
9217176
9217514
9218852
9219698
9221059
9221674
9222316
9224107
9224811
9226020
9226410
9226647
9226685
9227107
9228283
9228579
9229243
9229582
9230374
9230700
9230906
9232360
9232973
9235755
9236840
9236916
9238815
9242512
9243304
9244339
9245541
9245826
9246311
9246598
9246984
9247149
9247892
9248941
9250152
9252723
9253326
9254783
9255204
9256665
9257059
9257693
9257846
9258181
9258528
9260174
9261744
9263812
9263982
9264111
9264205
9264398
9266437
9269348
9269832
9270243
9270790
9271279
9271424
9271569
9273208
9274557
9274703
9276078
9276128
9276771
9277285
9277502
9278608
9279439
9279843
9280675
9284003
9285382
9285388
9285710
9289374
9290072
9290978
9291116
9292870
9293640
9293908
9294744
9295081
9295082
9295213
9296597
9297697
9297810
9298109
9298588
9298771
9298983
9299744
9300221
9300763
9302174
9304593
9305249
9305691
9307226
9308258
9308634
9309626
9310027
9312980
9313103
9314991
9315263
9315748
9315936
9316266
9316834
9316951
9317364
9317781
9318419
9318717
9319655
9319659
9320991
9322391
9324134
9324442
9326165
9329887
9329965
9330197
9330224
9330557
9331431
9333456
9334224
9337044
9337366
9339364
9340195
9341061
9341426
9341552
9341648
9341851
9342198
9342343
9343639
9344261
9344927
9347048
9347122
9350394
9353379
9355454
9357051
9357423
9360655
9360800
9362339
9362699
9363052
9363385
9364312
9365353
9366494
9366530
9366664
9368152
9368339
9368424
9368749
9369113
9371393
9371880
9373726
9375949
9376694
9377195
9377680
9378520
9379864
9379909
9380939
9383333
9384382
9384667
9385287
9387753
9389991
9390943
9392711
9393138
9395180
9395500
9396616
9398401
9398545
9399918
9400732
9401982
9402143
9402417
9402605
9403432
9403663
9404389
9407261
9407499
9409555
9410507
9410794
9411785
9413402
9413763
9416241
9416720
9418626
9419464
9420406
9420705
9420946
9421777
9422885
9423149
9423380
9423768
9424236
9424452
9424839
9425795
9426063
9426261
9427569
9427824
9430439
9430865
9431057
9431596
9432543
9432679
9434467
9434685
9435385
9437157
9437831
9439005
9439249
9441568
9444563
9444920
9445912
9445929
9445976
9446083
9446300
9447144
9447718
9447848
9448114
9448340
9449235
9449616
9450746
9451388
9451895
9453234
9453605
9453706
9453844
9454445
9455011
9455803
9456596
9457444
9457863
9458317
9458342
9458826
9459124
9459472
9460650
9462257
9462527
9463057
9463534
9463881
9464999
9467836
9468188
9468622
9471570
9472547
9472695
9472881
9475301
9477672
9479178
9479470
9481029
9481063
9483873
9484050
9485120
9485536
9486454
9486776
9486848
9487553
9488670
9489027
9489619
9489803
9491817
9492530
9492562
9493220
9493813
9493963
9494090
9494101
9498339
9499210
9499663
9499728
9500180
9500185
9500634
9501184
9501711
9502365
9502505
9502546
9503173
9503844
9504108
9505450
9506213
9507311
9507626
9507648
9509993
9510529
9510868
9511568
9511647
9512189
9512939
9514471
9515506
9516398
9516498
9517197
9517600
9519241
9519458
9519655
9522836
9522898
9523348
9523629
9524239
9524485
9525622
9525632
9526049
9527857
9531727
9532827
9533215
9533574
9535024
9535337
9535409
9535908
9535921
9537576
9539560
9539954
9542158
9543549
9543598
9546404
9546477
9547340
9547938
9548880
9549794
9549960
9552057
9555213
9555954
9557913
9558143
9559374
9559378
9560849
9561397
9562695
9564144
9564761
9565826
9567468
9568195
9568797
9571486
9574593
9575070
9575399
9575611
9576851
9577339
9577775
9579001
9579281
9579516
9581730
9582138
9586611
9588803
9589347
9590586
9592691
9592982
9593565
9594208
9594392
9596375
9597142
9598520
9598658
9600190
9603711
9604448
9606888
9607265
9607602
9609232
9609949
9612799
9613022
9613375
9614377
9617863
9617949
9619352
9620444
9621349
9621996
9623997
9624360
9624700
9625580
9626578
9626748
9628284
9630597
9631597
9631798
9633193
9633361
9633952
9634724
9635501
9639133
9639870
9641017
9641081
9641137
9641371
9641920
9642459
9642638
9643137
9643870
9644418
9644589
9644600
9644804
9644922
9645875
9648780
9650115
9650357
9650537
9651184
9652404
9655144
9655832
9657218
9657486
9658753
9658854
9661300
9662506
9662541
9666591
9671588
9671775
9673326
9674362
9674785
9676336
9678390
9678421
9678434
9679174
9680218
9682345
9683023
9686415
9687036
9687770
9688050
9688532
9688797
9690085
9690904
9691485
9691681
9691932
9692214
9692547
9692963
9695188
9695349
9695554
9695893
9696338
9696347
9697601
9697676
9700238
9700244
9700442
9701059
9701451
9701863
9703648
9704140
9704494
9705997
9706207
9707322
9710406
9710781
9711063
9711880
9713709
9713722
9714191
9715911
9717852
9718004
9718017
9722168
9722644
9722968
9723360
9723586
9726345
9726839
9727262
9727644
9728146
9729553
9730537
9731449
9733090
9733840
9734240
9735681
9736115
9737096
9738286
9738704
9740459
9740666
9742455
9744152
9744237
9744461
9745362
9746056
9746532
9747761
9749330
9750414
9750482
9751177
9752852
9754056
9754335
9754971
9756293
9757094
9760525
9760638
9760897
9761557
9761778
9763409
9763655
9763705
9764426
9765327
9766282
9766460
9769012
9769083
9769304
9770558
9770687
9772099
9773442
9774053
9775056
9775268
9776074
9776641
9777232
9778304
9778830
9778927
9779797
9780200
9781669
9782109
9782269
9782579
9782860
9783975
9783988
9784599
9785028
9785298
9787955
9788484
9789337
9789994
9792423
9793165
9793344
9793919
9794633
9795742
9796332
9796335
9796968
9798874
9799195
9799645
9800187
9800855
9801611
9802248
9804261
9806361
9806703
9807730
9809732
9811423
9811463
9811471
9812326
9813555
9813710
9813842
9814794
9816987
9817163
9817667
9817944
9818338
9819102
9819270
9819847
9820472
9820594
9820846
9821613
9822370
9822482
9823316
9825258
9825902
9828055
9829092
9829578
9831441
9831543
9831675
9831847
9831871
9832082
9832190
9835563
9835586
9837501
9839185
9841621
9841920
9842769
9843236
9843487
9844584
9845187
9845310
9848066
9848086
9849092
9849406
9849508
9849790
9850426
9850569
9851388
9852883
9853297
9855940
9855975
9856453
9857320
9857521
9859994
9860427
9860993
9861091
9861610
9862386
9864681
9864908
9866380
9866937
9867982
9870001
9870445
9870947
9871642
9875894
9876535
9876868
9877324
9877458
9878661
9879325
9880895
9881358
9884395
9884399
9888577
9888848
9889574
9890921
9891074
9892950
9893589
9893807
9893898
9894383
9894454
9894610
9894943
9895493
9895987
9897797
9897988
9898070
9899543
9900013
9900386
9900880
9902383
9904011
9906846
9907607
9908479
9908723
9908893
9909285
9910294
9912098
9912231
9912298
9912783
9915711
9917751
9918001
9919631
9919632
9919723
9920514
9922074
9922948
9924427
9924892
9925491
9931382
9931458
9931985
9932458
9932920
9933328
9933685
9934366
9934880
9935628
9935760
9937107
9937208
9939312
9941247
9941333
9941613
9942172
9943721
9944107
9945052
9945195
9945863
9948228
9951810
9952430
9952995
9954036
9954157
9954637
9956964
9957686
9958840
9959332
9959681
9960278
9960510
9961384
9961454
9961531
9961947
9964039
9966435
9967167
9967997
9969326
9970351
9970685
9970920
9971997
9972425
9972701
9972841
9973743
9974325
9976187
9977336
9978460
9982697
9984151
9984458
9984731
9985255
9988003
9988962
9992001
9992427
9992703
9993395
9993408
9993538
9994804
9995178
9996416
