100
1000677
1000806
1032564
1103677
1160790
1163004
1350482
1381202
1518797
1523617
1924212
1940073
2185516
2209293
2275574
2380566
2550918
2603477
2610465
2700605
2725741
2761780
2909867
3037415
3105993
3221808
3657235
3755660
3889167
3891496
3929199
3969306
4007142
4063345
4142828
4156735
4179147
4229737
4262092
4479821
4493396
4562745
4852316
4993179
5039337
5040740
5255229
5259030
5283152
5356188
5812915
5888093
6053478
6180588
6346661
6349694
6413453
6545513
6615026
6695676
6700675
6721727
6763786
6958827
7074779
7131894
7333798
7485684
7581899
7656187
7660879
7668402
7674378
7787031
7994983
7998122
8133086
8158590
8212545
8480605
8636909
8762283
8797765
8970404
8974398
9086659
9120668
9200371
9248584
9305026
9327641
9541058
9630252
9673550
9701845
9780292
9814164
9883059
9888429
9909352
