1000
1011726
1021694
1025938
1032566
1052279
1061128
1074015
1092527
1092584
1101553
1102477
1103977
1108635
1125395
1128908
1152642
1157101
1160465
1179006
1210514
1212520
1217757
1260904
1263647
1268515
1276848
1282550
1301806
1319168
1322823
1327916
1335857
1345123
1347288
1369870
1387141
1387475
1400889
1402958
1430733
1466016
1468233
1469254
1474563
1478359
1484108
1492667
1498746
1502559
1505600
1513240
1529470
1541002
1556051
1562503
1568835
1575565
1578797
1586733
1587387
1590870
1594948
1604665
1635278
1640900
1641492
1646474
1656087
1662992
1665585
1679030
1680988
1686958
1688275
1690293
1711274
1723221
1726814
1733826
1740112
1741234
1742536
1768923
1777028
1786507
1795073
1798826
1801865
1818318
1825287
1826868
1827067
1829163
1836724
1875350
1887475
1887707
1908618
1910008
1927572
1932621
1941644
1945259
1957251
1959383
1969202
1988021
2002699
2014220
2016733
2053190
2064782
2066812
2069946
2082482
2085613
2088190
2092593
2098010
2100569
2104311
2116346
2130320
2140841
2141344
2144884
2145887
2147366
2147389
2151703
2157556
2163908
2169600
2169876
2172284
2178374
2185203
2187462
2187562
2191105
2194354
2195676
2208052
2224519
2230674
2279285
2295329
2299761
2308028
2310211
2316934
2322772
2333341
2339493
2340834
2344708
2349597
2354066
2354521
2365132
2368434
2381608
2397709
2405165
2406438
2440562
2448998
2449626
2454896
2473622
2480431
2493220
2506408
2515195
2540082
2544766
2546966
2551455
2557162
2574923
2576801
2586602
2593585
2595754
2596449
2611082
2631815
2646982
2648583
2656805
2663033
2663993
2669036
2672941
2691033
2697736
2730858
2741689
2746486
2749152
2750677
2761332
2769185
2769510
2773924
2789892
2799347
2799836
2801370
2805861
2806465
2822441
2829281
2855876
2860657
2894900
2911214
2921951
2925046
2928165
2957563
2964225
2969636
2973170
2973568
2976166
2999311
3002143
3037167
3073309
3074455
3080216
3082595
3096499
3097629
3109560
3114295
3122140
3122911
3126000
3141498
3167916
3179417
3184257
3188051
3191096
3195012
3196206
3199354
3202497
3208350
3212947
3221384
3221813
3222541
3232431
3232837
3235496
3249670
3252779
3255708
3260776
3298047
3300537
3318168
3330675
3340107
3350670
3351478
3357514
3378252
3388987
3389821
3395399
3398724
3412526
3414830
3423614
3424878
3425013
3432832
3439961
3439964
3482692
3492239
3497170
3500192
3500532
3518772
3520115
3527348
3547496
3549483
3553884
3571123
3596270
3623467
3637183
3640751
3654504
3657087
3660756
3674171
3688271
3692000
3703146
3715478
3719593
3724102
3729712
3752350
3754535
3762576
3765972
3770959
3790439
3793965
3796004
3797598
3806559
3807437
3818057
3821592
3836157
3842716
3847520
3848246
3852838
3861504
3863424
3882284
3907876
3914600
3931714
3943998
3955473
3957132
3968147
3970109
3975634
3976580
3983066
3994949
4016296
4025146
4027583
4029726
4032167
4041627
4079115
4098813
4102594
4111736
4115700
4132203
4132351
4135568
4161189
4173581
4185279
4185501
4190838
4210493
4211345
4214285
4220438
4227386
4235288
4237147
4240432
4244636
4247830
4248678
4252137
4263497
4277936
4282671
4288913
4292171
4293386
4297873
4317994
4318888
4319186
4326662
4331242
4332800
4337180
4354259
4363806
4371499
4372386
4373798
4378285
4378754
4383051
4397165
4399377
4410080
4426188
4439604
4444486
4452260
4458641
4479035
4486543
4495991
4499992
4513877
4539970
4557791
4558496
4559102
4561198
4562312
4562884
4589688
4594622
4596402
4596580
4597209
4597934
4605082
4606730
4637776
4640113
4651329
4656302
4656713
4677761
4695647
4695974
4701501
4702817
4716179
4720911
4721749
4740482
4745557
4747758
4750727
4756399
4765684
4771168
4774636
4784664
4786810
4788491
4804162
4811983
4813807
4817311
4817755
4820410
4824574
4827519
4828668
4840464
4840559
4841522
4842358
4888885
4892878
4895081
4898254
4900577
4918381
4922190
4927372
4933859
4943732
4956223
4973161
4990161
4994329
4996021
4998674
4999925
5010917
5016342
5016732
5017273
5021238
5043411
5057212
5057305
5079583
5093614
5094211
5098379
5109648
5124866
5135820
5138845
5142667
5145214
5150596
5180537
5185306
5185549
5199377
5207840
5208989
5212116
5214810
5216401
5264360
5276703
5281128
5283859
5292672
5293097
5316988
5323677
5349513
5355636
5371452
5386008
5387557
5390427
5398145
5435632
5447708
5452916
5457878
5474645
5490201
5495233
5502684
5503141
5511208
5532322
5532661
5535472
5545596
5549570
5551955
5555749
5571577
5597363
5598901
5610533
5621281
5627358
5634588
5644552
5655858
5688357
5695771
5700708
5717641
5722919
5752054
5765269
5774283
5780633
5790567
5797646
5797677
5803684
5809299
5844633
5848335
5849653
5864048
5866114
5877760
5891751
5893321
5976170
5977837
5991726
5992259
5992978
6012917
6015591
6020285
6026808
6036732
6041128
6045107
6057971
6058333
6061818
6065194
6099055
6099540
6100492
6105166
6114974
6122071
6144427
6156460
6172615
6179124
6204919
6210699
6216962
6239333
6245478
6253399
6261956
6263588
6278565
6297914
6298037
6304734
6305895
6326212
6333275
6345699
6356628
6358858
6362132
6376398
6389649
6391039
6394176
6398550
6399613
6425160
6426323
6437696
6462381
6465093
6472526
6482631
6487655
6490184
6497211
6501033
6507657
6507875
6509314
6515867
6524760
6559933
6565099
6566992
6569386
6570583
6590460
6605305
6627515
6632985
6642555
6648530
6651173
6656690
6656939
6673716
6679056
6698298
6704085
6722375
6724261
6736219
6736956
6737799
6741834
6757290
6761480
6762463
6774118
6780252
6785486
6785719
6788719
6794887
6800543
6805792
6806697
6812341
6818468
6832990
6834333
6850573
6854360
6856900
6857450
6886957
6887823
6891106
6893044
6905845
6908248
6908471
6916586
6923246
6928171
6935691
6938648
6945525
6955001
6962117
6962482
6992026
6994824
6998166
7006013
7007026
7019370
7020246
7025247
7045496
7052005
7056621
7072454
7083205
7089742
7091751
7106518
7107778
7110069
7117179
7125776
7148412
7158499
7165817
7167095
7194238
7195003
7211043
7229964
7236167
7250536
7253712
7255095
7261225
7270940
7272495
7274462
7275882
7281397
7281953
7295714
7298973
7337189
7350242
7353602
7361201
7362088
7367190
7372522
7380101
7392396
7400844
7402500
7429982
7433865
7441479
7441815
7447934
7464471
7483117
7508832
7552809
7571614
7588134
7608368
7636352
7646847
7658284
7659344
7696423
7709761
7711551
7718511
7737428
7757869
7770630
7792524
7795018
7801445
7819375
7826899
7854253
7860018
7861498
7876505
7884709
7885679
7896290
7902271
7903511
7911400
7915216
7924662
7927815
7930714
7952834
7958678
7972955
7976233
7990398
7991139
7994447
7998654
8004512
8010206
8016629
8018105
8028502
8038499
8042525
8051694
8055649
8061439
8091789
8100291
8100521
8102650
8136306
8145944
8147760
8172132
8175424
8209394
8218445
8219042
8226738
8248458
8271642
8325373
8335063
8337495
8348853
8380061
8389175
8392863
8409350
8410873
8411063
8418569
8420234
8421794
8449235
8465229
8494087
8504658
8521520
8525762
8529131
8531116
8533700
8546720
8550233
8567923
8580070
8592734
8596694
8601446
8604272
8604495
8625270
8628841
8634700
8640341
8656548
8661871
8675835
8677677
8684711
8703867
8716363
8731361
8737320
8737913
8747036
8753152
8769880
8772786
8777113
8784442
8788469
8789777
8794849
8796399
8817875
8818053
8820533
8827750
8844035
8848360
8877975
8894334
8920509
8923404
8951502
8978046
9005409
9015101
9019854
9023047
9034586
9067448
9083099
9086329
9107213
9116399
9118977
9130574
9131536
9136175
9137779
9155680
9158270
9162815
9167197
9173393
9202820
9228025
9239902
9255077
9260488
9270785
9277511
9293276
9305755
9312659
9314271
9327147
9331330
9337092
9373168
9382300
9404340
9405654
9422465
9439198
9446595
9448870
9456062
9463367
9466707
9474537
9481566
9485471
9486511
9490629
9491883
9493290
9498425
9499128
9501114
9508253
9513767
9518863
9520361
9549337
9553057
9553756
9572963
9580667
9589191
9615846
9623205
9631004
9634532
9660168
9669119
9680424
9686954
9687407
9707572
9710577
9722163
9726065
9729964
9741428
9742779
9743443
9744055
9761634
9767426
9771976
9781026
9789108
9818621
9834539
9844286
9876426
9886200
9888847
9893942
9901097
9906024
9911821
9928280
9928507
9931298
9932189
9936729
9946820
9949087
9955237
9980408
9995080
9996478
9998089
