100
3803143
2052256
3067880
3173538
2946790
5811080
4049173
3484200
2075554
9064566
8841181
2386177
4743932
3698495
8070656
5004504
7650400
9337337
9239258
6398369
7368539
2660280
8093382
4327899
2590438
7269384
4112236
2586036
1847108
8874588
1019795
3138355
2845257
8541069
2257483
7166667
3939581
2046518
3919682
4022845
4447671
6920223
4572010
2268278
5725085
6498128
9589760
1815539
6889058
6063008
7452433
1940057
1540561
1176917
5099545
6663689
6282187
3744190
6749332
9417971
6219628
1537727
5006057
4793410
8624579
1085732
4587939
3008000
1591769
4752112
9628562
9840218
1450457
1205560
1208082
5406006
7852017
7942043
1449562
8736379
4757001
6640204
2985600
4920930
9711410
9646163
4980259
8690803
5081624
8797367
1528018
4210546
5723020
6248376
5033740
9346810
5147283
3349988
8281847
8323386
