10000
8000001
8000006
8000002
8000003
8000004
8000005
8000016
8000010
8000008
8000009
8000007
8000012
8000011
8000013
8000014
8000015
8000036
8000018
8000019
8000025
8000021
8000020
8000022
8000023
8000024
8000017
8000029
8000027
8000028
8000026
8000031
8000030
8000032
8000033
8000034
8000035
8000075
8000038
8000039
8000044
8000040
8000041
8000042
8000043
8000054
8000048
8000046
8000047
8000045
8000050
8000049
8000051
8000052
8000053
8000037
8000056
8000057
8000063
8000059
8000058
8000060
8000061
8000062
8000055
8000068
8000065
8000066
8000067
8000064
8000070
8000069
8000071
8000072
8000073
8000074
8000153
8000077
8000078
8000083
8000079
8000080
8000081
8000082
8000093
8000087
8000085
8000086
8000084
8000089
8000088
8000090
8000091
8000092
8000113
8000095
8000096
8000102
8000098
8000097
8000099
8000100
8000101
8000094
8000106
8000104
8000105
8000103
8000108
8000107
8000109
8000110
8000111
8000112
8000076
8000115
8000116
8000121
8000117
8000118
8000119
8000120
8000132
8000125
8000123
8000124
8000122
8000127
8000126
8000128
8000129
8000130
8000131
8000114
8000134
8000135
8000141
8000137
8000136
8000138
8000139
8000140
8000133
8000146
8000143
8000144
8000145
8000142
8000148
8000147
8000149
8000150
8000151
8000152
8000309
8000155
8000160
8000156
8000157
8000158
8000159
8000170
8000164
8000162
8000163
8000161
8000166
8000165
8000167
8000168
8000169
8000190
8000172
8000173
8000179
8000175
8000174
8000176
8000177
8000178
8000171
8000183
8000181
8000182
8000180
8000185
8000184
8000186
8000187
8000188
8000189
8000230
8000192
8000193
8000198
8000194
8000195
8000196
8000197
8000209
8000202
8000200
8000201
8000199
8000204
8000203
8000205
8000206
8000207
8000208
8000191
8000211
8000212
8000218
8000214
8000213
8000215
8000216
8000217
8000210
8000223
8000220
8000221
8000222
8000219
8000225
8000224
8000226
8000227
8000228
8000229
8000154
8000232
8000233
8000238
8000234
8000235
8000236
8000237
8000248
8000242
8000240
8000241
8000239
8000244
8000243
8000245
8000246
8000247
8000268
8000250
8000251
8000257
8000253
8000252
8000254
8000255
8000256
8000249
8000261
8000259
8000260
8000258
8000263
8000262
8000264
8000265
8000266
8000267
8000231
8000270
8000271
8000276
8000272
8000273
8000274
8000275
8000287
8000280
8000278
8000279
8000277
8000282
8000281
8000283
8000284
8000285
8000286
8000269
8000291
8000289
8000290
8000297
8000293
8000292
8000294
8000295
8000296
8000288
8000302
8000299
8000300
8000301
8000298
8000304
8000303
8000305
8000306
8000307
8000308
8000622
8000311
8000316
8000312
8000313
8000314
8000315
8000326
8000320
8000318
8000319
8000317
8000322
8000321
8000323
8000324
8000325
8000346
8000328
8000329
8000335
8000331
8000330
8000332
8000333
8000334
8000327
8000339
8000337
8000338
8000336
8000341
8000340
8000342
8000343
8000344
8000345
8000385
8000348
8000349
8000354
8000350
8000351
8000352
8000353
8000364
8000358
8000356
8000357
8000355
8000360
8000359
8000361
8000362
8000363
8000347
8000366
8000367
8000373
8000369
8000368
8000370
8000371
8000372
8000365
8000378
8000375
8000376
8000377
8000374
8000380
8000379
8000381
8000382
8000383
8000384
8000464
8000387
8000388
8000393
8000389
8000390
8000391
8000392
8000403
8000397
8000395
8000396
8000394
8000399
8000398
8000400
8000401
8000402
8000423
8000405
8000406
8000412
8000408
8000407
8000409
8000410
8000411
8000404
8000416
8000414
8000415
8000413
8000418
8000417
8000419
8000420
8000421
8000422
8000386
8000425
8000426
8000431
8000427
8000428
8000429
8000430
8000442
8000435
8000433
8000434
8000432
8000437
8000436
8000438
8000439
8000440
8000441
8000424
8000446
8000444
8000445
8000452
8000448
8000447
8000449
8000450
8000451
8000443
8000457
8000454
8000455
8000456
8000453
8000459
8000458
8000460
8000461
8000462
8000463
8000310
8000466
8000467
8000472
8000468
8000469
8000470
8000471
8000482
8000476
8000474
8000475
8000473
8000478
8000477
8000479
8000480
8000481
8000502
8000484
8000485
8000491
8000487
8000486
8000488
8000489
8000490
8000483
8000495
8000493
8000494
8000492
8000497
8000496
8000498
8000499
8000500
8000501
8000542
8000504
8000505
8000510
8000506
8000507
8000508
8000509
8000521
8000514
8000512
8000513
8000511
8000516
8000515
8000517
8000518
8000519
8000520
8000503
8000523
8000524
8000530
8000526
8000525
8000527
8000528
8000529
8000522
8000535
8000532
8000533
8000534
8000531
8000537
8000536
8000538
8000539
8000540
8000541
8000465
8000544
8000545
8000550
8000546
8000547
8000548
8000549
8000560
8000554
8000552
8000553
8000551
8000556
8000555
8000557
8000558
8000559
8000581
8000562
8000563
8000569
8000565
8000564
8000566
8000567
8000568
8000561
8000574
8000571
8000572
8000573
8000570
8000576
8000575
8000577
8000578
8000579
8000580
8000543
8000583
8000584
8000589
8000585
8000586
8000587
8000588
8000600
8000593
8000591
8000592
8000590
8000595
8000594
8000596
8000597
8000598
8000599
8000582
8000604
8000602
8000603
8000610
8000606
8000605
8000607
8000608
8000609
8000601
8000615
8000612
8000613
8000614
8000611
8000617
8000616
8000618
8000619
8000620
8000621
8001247
8000624
8000629
8000625
8000626
8000627
8000628
8000639
8000633
8000631
8000632
8000630
8000635
8000634
8000636
8000637
8000638
8000659
8000641
8000642
8000648
8000644
8000643
8000645
8000646
8000647
8000640
8000652
8000650
8000651
8000649
8000654
8000653
8000655
8000656
8000657
8000658
8000698
8000661
8000662
8000667
8000663
8000664
8000665
8000666
8000677
8000671
8000669
8000670
8000668
8000673
8000672
8000674
8000675
8000676
8000660
8000679
8000680
8000686
8000682
8000681
8000683
8000684
8000685
8000678
8000691
8000688
8000689
8000690
8000687
8000693
8000692
8000694
8000695
8000696
8000697
8000776
8000700
8000701
8000706
8000702
8000703
8000704
8000705
8000716
8000710
8000708
8000709
8000707
8000712
8000711
8000713
8000714
8000715
8000736
8000718
8000719
8000725
8000721
8000720
8000722
8000723
8000724
8000717
8000729
8000727
8000728
8000726
8000731
8000730
8000732
8000733
8000734
8000735
8000699
8000738
8000739
8000744
8000740
8000741
8000742
8000743
8000755
8000748
8000746
8000747
8000745
8000750
8000749
8000751
8000752
8000753
8000754
8000737
8000757
8000758
8000764
8000760
8000759
8000761
8000762
8000763
8000756
8000769
8000766
8000767
8000768
8000765
8000771
8000770
8000772
8000773
8000774
8000775
8000933
8000778
8000783
8000779
8000780
8000781
8000782
8000793
8000787
8000785
8000786
8000784
8000789
8000788
8000790
8000791
8000792
8000813
8000795
8000796
8000802
8000798
8000797
8000799
8000800
8000801
8000794
8000806
8000804
8000805
8000803
8000808
8000807
8000809
8000810
8000811
8000812
8000853
8000815
8000816
8000821
8000817
8000818
8000819
8000820
8000832
8000825
8000823
8000824
8000822
8000827
8000826
8000828
8000829
8000830
8000831
8000814
8000834
8000835
8000841
8000837
8000836
8000838
8000839
8000840
8000833
8000846
8000843
8000844
8000845
8000842
8000848
8000847
8000849
8000850
8000851
8000852
8000777
8000855
8000856
8000861
8000857
8000858
8000859
8000860
8000871
8000865
8000863
8000864
8000862
8000867
8000866
8000868
8000869
8000870
8000892
8000873
8000874
8000880
8000876
8000875
8000877
8000878
8000879
8000872
8000885
8000882
8000883
8000884
8000881
8000887
8000886
8000888
8000889
8000890
8000891
8000854
8000894
8000895
8000900
8000896
8000897
8000898
8000899
8000911
8000904
8000902
8000903
8000901
8000906
8000905
8000907
8000908
8000909
8000910
8000893
8000915
8000913
8000914
8000921
8000917
8000916
8000918
8000919
8000920
8000912
8000926
8000923
8000924
8000925
8000922
8000928
8000927
8000929
8000930
8000931
8000932
8000623
8000935
8000940
8000936
8000937
8000938
8000939
8000950
8000944
8000942
8000943
8000941
8000946
8000945
8000947
8000948
8000949
8000970
8000952
8000953
8000959
8000955
8000954
8000956
8000957
8000958
8000951
8000963
8000961
8000962
8000960
8000965
8000964
8000966
8000967
8000968
8000969
8001010
8000972
8000973
8000978
8000974
8000975
8000976
8000977
8000989
8000982
8000980
8000981
8000979
8000984
8000983
8000985
8000986
8000987
8000988
8000971
8000991
8000992
8000998
8000994
8000993
8000995
8000996
8000997
8000990
8001003
8001000
8001001
8001002
8000999
8001005
8001004
8001006
8001007
8001008
8001009
8001089
8001012
8001013
8001018
8001014
8001015
8001016
8001017
8001028
8001022
8001020
8001021
8001019
8001024
8001023
8001025
8001026
8001027
8001048
8001030
8001031
8001037
8001033
8001032
8001034
8001035
8001036
8001029
8001041
8001039
8001040
8001038
8001043
8001042
8001044
8001045
8001046
8001047
8001011
8001050
8001051
8001056
8001052
8001053
8001054
8001055
8001067
8001060
8001058
8001059
8001057
8001062
8001061
8001063
8001064
8001065
8001066
8001049
8001071
8001069
8001070
8001077
8001073
8001072
8001074
8001075
8001076
8001068
8001082
8001079
8001080
8001081
8001078
8001084
8001083
8001085
8001086
8001087
8001088
8000934
8001091
8001092
8001097
8001093
8001094
8001095
8001096
8001107
8001101
8001099
8001100
8001098
8001103
8001102
8001104
8001105
8001106
8001127
8001109
8001110
8001116
8001112
8001111
8001113
8001114
8001115
8001108
8001120
8001118
8001119
8001117
8001122
8001121
8001123
8001124
8001125
8001126
8001167
8001129
8001130
8001135
8001131
8001132
8001133
8001134
8001146
8001139
8001137
8001138
8001136
8001141
8001140
8001142
8001143
8001144
8001145
8001128
8001148
8001149
8001155
8001151
8001150
8001152
8001153
8001154
8001147
8001160
8001157
8001158
8001159
8001156
8001162
8001161
8001163
8001164
8001165
8001166
8001090
8001169
8001170
8001175
8001171
8001172
8001173
8001174
8001185
8001179
8001177
8001178
8001176
8001181
8001180
8001182
8001183
8001184
8001206
8001187
8001188
8001194
8001190
8001189
8001191
8001192
8001193
8001186
8001199
8001196
8001197
8001198
8001195
8001201
8001200
8001202
8001203
8001204
8001205
8001168
8001208
8001209
8001214
8001210
8001211
8001212
8001213
8001225
8001218
8001216
8001217
8001215
8001220
8001219
8001221
8001222
8001223
8001224
8001207
8001229
8001227
8001228
8001235
8001231
8001230
8001232
8001233
8001234
8001226
8001240
8001237
8001238
8001239
8001236
8001242
8001241
8001243
8001244
8001245
8001246
8002497
8001249
8001254
8001250
8001251
8001252
8001253
8001264
8001258
8001256
8001257
8001255
8001260
8001259
8001261
8001262
8001263
8001284
8001266
8001267
8001273
8001269
8001268
8001270
8001271
8001272
8001265
8001277
8001275
8001276
8001274
8001279
8001278
8001280
8001281
8001282
8001283
8001323
8001286
8001287
8001292
8001288
8001289
8001290
8001291
8001302
8001296
8001294
8001295
8001293
8001298
8001297
8001299
8001300
8001301
8001285
8001304
8001305
8001311
8001307
8001306
8001308
8001309
8001310
8001303
8001316
8001313
8001314
8001315
8001312
8001318
8001317
8001319
8001320
8001321
8001322
8001401
8001325
8001326
8001331
8001327
8001328
8001329
8001330
8001341
8001335
8001333
8001334
8001332
8001337
8001336
8001338
8001339
8001340
8001361
8001343
8001344
8001350
8001346
8001345
8001347
8001348
8001349
8001342
8001354
8001352
8001353
8001351
8001356
8001355
8001357
8001358
8001359
8001360
8001324
8001363
8001364
8001369
8001365
8001366
8001367
8001368
8001380
8001373
8001371
8001372
8001370
8001375
8001374
8001376
8001377
8001378
8001379
8001362
8001382
8001383
8001389
8001385
8001384
8001386
8001387
8001388
8001381
8001394
8001391
8001392
8001393
8001390
8001396
8001395
8001397
8001398
8001399
8001400
8001558
8001403
8001408
8001404
8001405
8001406
8001407
8001418
8001412
8001410
8001411
8001409
8001414
8001413
8001415
8001416
8001417
8001438
8001420
8001421
8001427
8001423
8001422
8001424
8001425
8001426
8001419
8001431
8001429
8001430
8001428
8001433
8001432
8001434
8001435
8001436
8001437
8001478
8001440
8001441
8001446
8001442
8001443
8001444
8001445
8001457
8001450
8001448
8001449
8001447
8001452
8001451
8001453
8001454
8001455
8001456
8001439
8001459
8001460
8001466
8001462
8001461
8001463
8001464
8001465
8001458
8001471
8001468
8001469
8001470
8001467
8001473
8001472
8001474
8001475
8001476
8001477
8001402
8001480
8001481
8001486
8001482
8001483
8001484
8001485
8001496
8001490
8001488
8001489
8001487
8001492
8001491
8001493
8001494
8001495
8001517
8001498
8001499
8001505
8001501
8001500
8001502
8001503
8001504
8001497
8001510
8001507
8001508
8001509
8001506
8001512
8001511
8001513
8001514
8001515
8001516
8001479
8001519
8001520
8001525
8001521
8001522
8001523
8001524
8001536
8001529
8001527
8001528
8001526
8001531
8001530
8001532
8001533
8001534
8001535
8001518
8001540
8001538
8001539
8001546
8001542
8001541
8001543
8001544
8001545
8001537
8001551
8001548
8001549
8001550
8001547
8001553
8001552
8001554
8001555
8001556
8001557
8001871
8001560
8001565
8001561
8001562
8001563
8001564
8001575
8001569
8001567
8001568
8001566
8001571
8001570
8001572
8001573
8001574
8001595
8001577
8001578
8001584
8001580
8001579
8001581
8001582
8001583
8001576
8001588
8001586
8001587
8001585
8001590
8001589
8001591
8001592
8001593
8001594
8001634
8001597
8001598
8001603
8001599
8001600
8001601
8001602
8001613
8001607
8001605
8001606
8001604
8001609
8001608
8001610
8001611
8001612
8001596
8001615
8001616
8001622
8001618
8001617
8001619
8001620
8001621
8001614
8001627
8001624
8001625
8001626
8001623
8001629
8001628
8001630
8001631
8001632
8001633
8001713
8001636
8001637
8001642
8001638
8001639
8001640
8001641
8001652
8001646
8001644
8001645
8001643
8001648
8001647
8001649
8001650
8001651
8001672
8001654
8001655
8001661
8001657
8001656
8001658
8001659
8001660
8001653
8001665
8001663
8001664
8001662
8001667
8001666
8001668
8001669
8001670
8001671
8001635
8001674
8001675
8001680
8001676
8001677
8001678
8001679
8001691
8001684
8001682
8001683
8001681
8001686
8001685
8001687
8001688
8001689
8001690
8001673
8001695
8001693
8001694
8001701
8001697
8001696
8001698
8001699
8001700
8001692
8001706
8001703
8001704
8001705
8001702
8001708
8001707
8001709
8001710
8001711
8001712
8001559
8001715
8001716
8001721
8001717
8001718
8001719
8001720
8001731
8001725
8001723
8001724
8001722
8001727
8001726
8001728
8001729
8001730
8001751
8001733
8001734
8001740
8001736
8001735
8001737
8001738
8001739
8001732
8001744
8001742
8001743
8001741
8001746
8001745
8001747
8001748
8001749
8001750
8001791
8001753
8001754
8001759
8001755
8001756
8001757
8001758
8001770
8001763
8001761
8001762
8001760
8001765
8001764
8001766
8001767
8001768
8001769
8001752
8001772
8001773
8001779
8001775
8001774
8001776
8001777
8001778
8001771
8001784
8001781
8001782
8001783
8001780
8001786
8001785
8001787
8001788
8001789
8001790
8001714
8001793
8001794
8001799
8001795
8001796
8001797
8001798
8001809
8001803
8001801
8001802
8001800
8001805
8001804
8001806
8001807
8001808
8001830
8001811
8001812
8001818
8001814
8001813
8001815
8001816
8001817
8001810
8001823
8001820
8001821
8001822
8001819
8001825
8001824
8001826
8001827
8001828
8001829
8001792
8001832
8001833
8001838
8001834
8001835
8001836
8001837
8001849
8001842
8001840
8001841
8001839
8001844
8001843
8001845
8001846
8001847
8001848
8001831
8001853
8001851
8001852
8001859
8001855
8001854
8001856
8001857
8001858
8001850
8001864
8001861
8001862
8001863
8001860
8001866
8001865
8001867
8001868
8001869
8001870
8001248
8001873
8001878
8001874
8001875
8001876
8001877
8001888
8001882
8001880
8001881
8001879
8001884
8001883
8001885
8001886
8001887
8001908
8001890
8001891
8001897
8001893
8001892
8001894
8001895
8001896
8001889
8001901
8001899
8001900
8001898
8001903
8001902
8001904
8001905
8001906
8001907
8001947
8001910
8001911
8001916
8001912
8001913
8001914
8001915
8001926
8001920
8001918
8001919
8001917
8001922
8001921
8001923
8001924
8001925
8001909
8001928
8001929
8001935
8001931
8001930
8001932
8001933
8001934
8001927
8001940
8001937
8001938
8001939
8001936
8001942
8001941
8001943
8001944
8001945
8001946
8002026
8001949
8001950
8001955
8001951
8001952
8001953
8001954
8001965
8001959
8001957
8001958
8001956
8001961
8001960
8001962
8001963
8001964
8001985
8001967
8001968
8001974
8001970
8001969
8001971
8001972
8001973
8001966
8001978
8001976
8001977
8001975
8001980
8001979
8001981
8001982
8001983
8001984
8001948
8001987
8001988
8001993
8001989
8001990
8001991
8001992
8002004
8001997
8001995
8001996
8001994
8001999
8001998
8002000
8002001
8002002
8002003
8001986
8002008
8002006
8002007
8002014
8002010
8002009
8002011
8002012
8002013
8002005
8002019
8002016
8002017
8002018
8002015
8002021
8002020
8002022
8002023
8002024
8002025
8002183
8002028
8002033
8002029
8002030
8002031
8002032
8002043
8002037
8002035
8002036
8002034
8002039
8002038
8002040
8002041
8002042
8002063
8002045
8002046
8002052
8002048
8002047
8002049
8002050
8002051
8002044
8002056
8002054
8002055
8002053
8002058
8002057
8002059
8002060
8002061
8002062
8002103
8002065
8002066
8002071
8002067
8002068
8002069
8002070
8002082
8002075
8002073
8002074
8002072
8002077
8002076
8002078
8002079
8002080
8002081
8002064
8002084
8002085
8002091
8002087
8002086
8002088
8002089
8002090
8002083
8002096
8002093
8002094
8002095
8002092
8002098
8002097
8002099
8002100
8002101
8002102
8002027
8002105
8002106
8002111
8002107
8002108
8002109
8002110
8002121
8002115
8002113
8002114
8002112
8002117
8002116
8002118
8002119
8002120
8002142
8002123
8002124
8002130
8002126
8002125
8002127
8002128
8002129
8002122
8002135
8002132
8002133
8002134
8002131
8002137
8002136
8002138
8002139
8002140
8002141
8002104
8002144
8002145
8002150
8002146
8002147
8002148
8002149
8002161
8002154
8002152
8002153
8002151
8002156
8002155
8002157
8002158
8002159
8002160
8002143
8002165
8002163
8002164
8002171
8002167
8002166
8002168
8002169
8002170
8002162
8002176
8002173
8002174
8002175
8002172
8002178
8002177
8002179
8002180
8002181
8002182
8001872
8002185
8002190
8002186
8002187
8002188
8002189
8002200
8002194
8002192
8002193
8002191
8002196
8002195
8002197
8002198
8002199
8002220
8002202
8002203
8002209
8002205
8002204
8002206
8002207
8002208
8002201
8002213
8002211
8002212
8002210
8002215
8002214
8002216
8002217
8002218
8002219
8002260
8002222
8002223
8002228
8002224
8002225
8002226
8002227
8002239
8002232
8002230
8002231
8002229
8002234
8002233
8002235
8002236
8002237
8002238
8002221
8002241
8002242
8002248
8002244
8002243
8002245
8002246
8002247
8002240
8002253
8002250
8002251
8002252
8002249
8002255
8002254
8002256
8002257
8002258
8002259
8002339
8002262
8002263
8002268
8002264
8002265
8002266
8002267
8002278
8002272
8002270
8002271
8002269
8002274
8002273
8002275
8002276
8002277
8002298
8002280
8002281
8002287
8002283
8002282
8002284
8002285
8002286
8002279
8002291
8002289
8002290
8002288
8002293
8002292
8002294
8002295
8002296
8002297
8002261
8002300
8002301
8002306
8002302
8002303
8002304
8002305
8002317
8002310
8002308
8002309
8002307
8002312
8002311
8002313
8002314
8002315
8002316
8002299
8002321
8002319
8002320
8002327
8002323
8002322
8002324
8002325
8002326
8002318
8002332
8002329
8002330
8002331
8002328
8002334
8002333
8002335
8002336
8002337
8002338
8002184
8002341
8002342
8002347
8002343
8002344
8002345
8002346
8002357
8002351
8002349
8002350
8002348
8002353
8002352
8002354
8002355
8002356
8002377
8002359
8002360
8002366
8002362
8002361
8002363
8002364
8002365
8002358
8002370
8002368
8002369
8002367
8002372
8002371
8002373
8002374
8002375
8002376
8002417
8002379
8002380
8002385
8002381
8002382
8002383
8002384
8002396
8002389
8002387
8002388
8002386
8002391
8002390
8002392
8002393
8002394
8002395
8002378
8002398
8002399
8002405
8002401
8002400
8002402
8002403
8002404
8002397
8002410
8002407
8002408
8002409
8002406
8002412
8002411
8002413
8002414
8002415
8002416
8002340
8002419
8002420
8002425
8002421
8002422
8002423
8002424
8002435
8002429
8002427
8002428
8002426
8002431
8002430
8002432
8002433
8002434
8002456
8002437
8002438
8002444
8002440
8002439
8002441
8002442
8002443
8002436
8002449
8002446
8002447
8002448
8002445
8002451
8002450
8002452
8002453
8002454
8002455
8002418
8002458
8002459
8002464
8002460
8002461
8002462
8002463
8002475
8002468
8002466
8002467
8002465
8002470
8002469
8002471
8002472
8002473
8002474
8002457
8002479
8002477
8002478
8002485
8002481
8002480
8002482
8002483
8002484
8002476
8002490
8002487
8002488
8002489
8002486
8002492
8002491
8002493
8002494
8002495
8002496
8004998
8002499
8002504
8002500
8002501
8002502
8002503
8002514
8002508
8002506
8002507
8002505
8002510
8002509
8002511
8002512
8002513
8002534
8002516
8002517
8002523
8002519
8002518
8002520
8002521
8002522
8002515
8002527
8002525
8002526
8002524
8002529
8002528
8002530
8002531
8002532
8002533
8002573
8002536
8002537
8002542
8002538
8002539
8002540
8002541
8002552
8002546
8002544
8002545
8002543
8002548
8002547
8002549
8002550
8002551
8002535
8002554
8002555
8002561
8002557
8002556
8002558
8002559
8002560
8002553
8002566
8002563
8002564
8002565
8002562
8002568
8002567
8002569
8002570
8002571
8002572
8002651
8002575
8002576
8002581
8002577
8002578
8002579
8002580
8002591
8002585
8002583
8002584
8002582
8002587
8002586
8002588
8002589
8002590
8002611
8002593
8002594
8002600
8002596
8002595
8002597
8002598
8002599
8002592
8002604
8002602
8002603
8002601
8002606
8002605
8002607
8002608
8002609
8002610
8002574
8002613
8002614
8002619
8002615
8002616
8002617
8002618
8002630
8002623
8002621
8002622
8002620
8002625
8002624
8002626
8002627
8002628
8002629
8002612
8002632
8002633
8002639
8002635
8002634
8002636
8002637
8002638
8002631
8002644
8002641
8002642
8002643
8002640
8002646
8002645
8002647
8002648
8002649
8002650
8002807
8002653
8002658
8002654
8002655
8002656
8002657
8002668
8002662
8002660
8002661
8002659
8002664
8002663
8002665
8002666
8002667
8002688
8002670
8002671
8002677
8002673
8002672
8002674
8002675
8002676
8002669
8002681
8002679
8002680
8002678
8002683
8002682
8002684
8002685
8002686
8002687
8002728
8002690
8002691
8002696
8002692
8002693
8002694
8002695
8002707
8002700
8002698
8002699
8002697
8002702
8002701
8002703
8002704
8002705
8002706
8002689
8002709
8002710
8002716
8002712
8002711
8002713
8002714
8002715
8002708
8002721
8002718
8002719
8002720
8002717
8002723
8002722
8002724
8002725
8002726
8002727
8002652
8002730
8002731
8002736
8002732
8002733
8002734
8002735
8002746
8002740
8002738
8002739
8002737
8002742
8002741
8002743
8002744
8002745
8002766
8002748
8002749
8002755
8002751
8002750
8002752
8002753
8002754
8002747
8002759
8002757
8002758
8002756
8002761
8002760
8002762
8002763
8002764
8002765
8002729
8002768
8002769
8002774
8002770
8002771
8002772
8002773
8002785
8002778
8002776
8002777
8002775
8002780
8002779
8002781
8002782
8002783
8002784
8002767
8002789
8002787
8002788
8002795
8002791
8002790
8002792
8002793
8002794
8002786
8002800
8002797
8002798
8002799
8002796
8002802
8002801
8002803
8002804
8002805
8002806
8003120
8002809
8002814
8002810
8002811
8002812
8002813
8002824
8002818
8002816
8002817
8002815
8002820
8002819
8002821
8002822
8002823
8002844
8002826
8002827
8002833
8002829
8002828
8002830
8002831
8002832
8002825
8002837
8002835
8002836
8002834
8002839
8002838
8002840
8002841
8002842
8002843
8002883
8002846
8002847
8002852
8002848
8002849
8002850
8002851
8002862
8002856
8002854
8002855
8002853
8002858
8002857
8002859
8002860
8002861
8002845
8002864
8002865
8002871
8002867
8002866
8002868
8002869
8002870
8002863
8002876
8002873
8002874
8002875
8002872
8002878
8002877
8002879
8002880
8002881
8002882
8002962
8002885
8002886
8002891
8002887
8002888
8002889
8002890
8002901
8002895
8002893
8002894
8002892
8002897
8002896
8002898
8002899
8002900
8002921
8002903
8002904
8002910
8002906
8002905
8002907
8002908
8002909
8002902
8002914
8002912
8002913
8002911
8002916
8002915
8002917
8002918
8002919
8002920
8002884
8002923
8002924
8002929
8002925
8002926
8002927
8002928
8002940
8002933
8002931
8002932
8002930
8002935
8002934
8002936
8002937
8002938
8002939
8002922
8002944
8002942
8002943
8002950
8002946
8002945
8002947
8002948
8002949
8002941
8002955
8002952
8002953
8002954
8002951
8002957
8002956
8002958
8002959
8002960
8002961
8002808
8002964
8002965
8002970
8002966
8002967
8002968
8002969
8002980
8002974
8002972
8002973
8002971
8002976
8002975
8002977
8002978
8002979
8003000
8002982
8002983
8002989
8002985
8002984
8002986
8002987
8002988
8002981
8002993
8002991
8002992
8002990
8002995
8002994
8002996
8002997
8002998
8002999
8003040
8003002
8003003
8003008
8003004
8003005
8003006
8003007
8003019
8003012
8003010
8003011
8003009
8003014
8003013
8003015
8003016
8003017
8003018
8003001
8003021
8003022
8003028
8003024
8003023
8003025
8003026
8003027
8003020
8003033
8003030
8003031
8003032
8003029
8003035
8003034
8003036
8003037
8003038
8003039
8002963
8003042
8003043
8003048
8003044
8003045
8003046
8003047
8003058
8003052
8003050
8003051
8003049
8003054
8003053
8003055
8003056
8003057
8003079
8003060
8003061
8003067
8003063
8003062
8003064
8003065
8003066
8003059
8003072
8003069
8003070
8003071
8003068
8003074
8003073
8003075
8003076
8003077
8003078
8003041
8003081
8003082
8003087
8003083
8003084
8003085
8003086
8003098
8003091
8003089
8003090
8003088
8003093
8003092
8003094
8003095
8003096
8003097
8003080
8003102
8003100
8003101
8003108
8003104
8003103
8003105
8003106
8003107
8003099
8003113
8003110
8003111
8003112
8003109
8003115
8003114
8003116
8003117
8003118
8003119
8003746
8003122
8003127
8003123
8003124
8003125
8003126
8003137
8003131
8003129
8003130
8003128
8003133
8003132
8003134
8003135
8003136
8003157
8003139
8003140
8003146
8003142
8003141
8003143
8003144
8003145
8003138
8003150
8003148
8003149
8003147
8003152
8003151
8003153
8003154
8003155
8003156
8003196
8003159
8003160
8003165
8003161
8003162
8003163
8003164
8003175
8003169
8003167
8003168
8003166
8003171
8003170
8003172
8003173
8003174
8003158
8003177
8003178
8003184
8003180
8003179
8003181
8003182
8003183
8003176
8003189
8003186
8003187
8003188
8003185
8003191
8003190
8003192
8003193
8003194
8003195
8003275
8003198
8003199
8003204
8003200
8003201
8003202
8003203
8003214
8003208
8003206
8003207
8003205
8003210
8003209
8003211
8003212
8003213
8003234
8003216
8003217
8003223
8003219
8003218
8003220
8003221
8003222
8003215
8003227
8003225
8003226
8003224
8003229
8003228
8003230
8003231
8003232
8003233
8003197
8003236
8003237
8003242
8003238
8003239
8003240
8003241
8003253
8003246
8003244
8003245
8003243
8003248
8003247
8003249
8003250
8003251
8003252
8003235
8003257
8003255
8003256
8003263
8003259
8003258
8003260
8003261
8003262
8003254
8003268
8003265
8003266
8003267
8003264
8003270
8003269
8003271
8003272
8003273
8003274
8003432
8003277
8003282
8003278
8003279
8003280
8003281
8003292
8003286
8003284
8003285
8003283
8003288
8003287
8003289
8003290
8003291
8003312
8003294
8003295
8003301
8003297
8003296
8003298
8003299
8003300
8003293
8003305
8003303
8003304
8003302
8003307
8003306
8003308
8003309
8003310
8003311
8003352
8003314
8003315
8003320
8003316
8003317
8003318
8003319
8003331
8003324
8003322
8003323
8003321
8003326
8003325
8003327
8003328
8003329
8003330
8003313
8003333
8003334
8003340
8003336
8003335
8003337
8003338
8003339
8003332
8003345
8003342
8003343
8003344
8003341
8003347
8003346
8003348
8003349
8003350
8003351
8003276
8003354
8003355
8003360
8003356
8003357
8003358
8003359
8003370
8003364
8003362
8003363
8003361
8003366
8003365
8003367
8003368
8003369
8003391
8003372
8003373
8003379
8003375
8003374
8003376
8003377
8003378
8003371
8003384
8003381
8003382
8003383
8003380
8003386
8003385
8003387
8003388
8003389
8003390
8003353
8003393
8003394
8003399
8003395
8003396
8003397
8003398
8003410
8003403
8003401
8003402
8003400
8003405
8003404
8003406
8003407
8003408
8003409
8003392
8003414
8003412
8003413
8003420
8003416
8003415
8003417
8003418
8003419
8003411
8003425
8003422
8003423
8003424
8003421
8003427
8003426
8003428
8003429
8003430
8003431
8003121
8003434
8003439
8003435
8003436
8003437
8003438
8003449
8003443
8003441
8003442
8003440
8003445
8003444
8003446
8003447
8003448
8003469
8003451
8003452
8003458
8003454
8003453
8003455
8003456
8003457
8003450
8003462
8003460
8003461
8003459
8003464
8003463
8003465
8003466
8003467
8003468
8003509
8003471
8003472
8003477
8003473
8003474
8003475
8003476
8003488
8003481
8003479
8003480
8003478
8003483
8003482
8003484
8003485
8003486
8003487
8003470
8003490
8003491
8003497
8003493
8003492
8003494
8003495
8003496
8003489
8003502
8003499
8003500
8003501
8003498
8003504
8003503
8003505
8003506
8003507
8003508
8003588
8003511
8003512
8003517
8003513
8003514
8003515
8003516
8003527
8003521
8003519
8003520
8003518
8003523
8003522
8003524
8003525
8003526
8003547
8003529
8003530
8003536
8003532
8003531
8003533
8003534
8003535
8003528
8003540
8003538
8003539
8003537
8003542
8003541
8003543
8003544
8003545
8003546
8003510
8003549
8003550
8003555
8003551
8003552
8003553
8003554
8003566
8003559
8003557
8003558
8003556
8003561
8003560
8003562
8003563
8003564
8003565
8003548
8003570
8003568
8003569
8003576
8003572
8003571
8003573
8003574
8003575
8003567
8003581
8003578
8003579
8003580
8003577
8003583
8003582
8003584
8003585
8003586
8003587
8003433
8003590
8003591
8003596
8003592
8003593
8003594
8003595
8003606
8003600
8003598
8003599
8003597
8003602
8003601
8003603
8003604
8003605
8003626
8003608
8003609
8003615
8003611
8003610
8003612
8003613
8003614
8003607
8003619
8003617
8003618
8003616
8003621
8003620
8003622
8003623
8003624
8003625
8003666
8003628
8003629
8003634
8003630
8003631
8003632
8003633
8003645
8003638
8003636
8003637
8003635
8003640
8003639
8003641
8003642
8003643
8003644
8003627
8003647
8003648
8003654
8003650
8003649
8003651
8003652
8003653
8003646
8003659
8003656
8003657
8003658
8003655
8003661
8003660
8003662
8003663
8003664
8003665
8003589
8003668
8003669
8003674
8003670
8003671
8003672
8003673
8003684
8003678
8003676
8003677
8003675
8003680
8003679
8003681
8003682
8003683
8003705
8003686
8003687
8003693
8003689
8003688
8003690
8003691
8003692
8003685
8003698
8003695
8003696
8003697
8003694
8003700
8003699
8003701
8003702
8003703
8003704
8003667
8003707
8003708
8003713
8003709
8003710
8003711
8003712
8003724
8003717
8003715
8003716
8003714
8003719
8003718
8003720
8003721
8003722
8003723
8003706
8003728
8003726
8003727
8003734
8003730
8003729
8003731
8003732
8003733
8003725
8003739
8003736
8003737
8003738
8003735
8003741
8003740
8003742
8003743
8003744
8003745
8002498
8003748
8003753
8003749
8003750
8003751
8003752
8003763
8003757
8003755
8003756
8003754
8003759
8003758
8003760
8003761
8003762
8003783
8003765
8003766
8003772
8003768
8003767
8003769
8003770
8003771
8003764
8003776
8003774
8003775
8003773
8003778
8003777
8003779
8003780
8003781
8003782
8003822
8003785
8003786
8003791
8003787
8003788
8003789
8003790
8003801
8003795
8003793
8003794
8003792
8003797
8003796
8003798
8003799
8003800
8003784
8003803
8003804
8003810
8003806
8003805
8003807
8003808
8003809
8003802
8003815
8003812
8003813
8003814
8003811
8003817
8003816
8003818
8003819
8003820
8003821
8003900
8003824
8003825
8003830
8003826
8003827
8003828
8003829
8003840
8003834
8003832
8003833
8003831
8003836
8003835
8003837
8003838
8003839
8003860
8003842
8003843
8003849
8003845
8003844
8003846
8003847
8003848
8003841
8003853
8003851
8003852
8003850
8003855
8003854
8003856
8003857
8003858
8003859
8003823
8003862
8003863
8003868
8003864
8003865
8003866
8003867
8003879
8003872
8003870
8003871
8003869
8003874
8003873
8003875
8003876
8003877
8003878
8003861
8003881
8003882
8003888
8003884
8003883
8003885
8003886
8003887
8003880
8003893
8003890
8003891
8003892
8003889
8003895
8003894
8003896
8003897
8003898
8003899
8004057
8003902
8003907
8003903
8003904
8003905
8003906
8003917
8003911
8003909
8003910
8003908
8003913
8003912
8003914
8003915
8003916
8003937
8003919
8003920
8003926
8003922
8003921
8003923
8003924
8003925
8003918
8003930
8003928
8003929
8003927
8003932
8003931
8003933
8003934
8003935
8003936
8003977
8003939
8003940
8003945
8003941
8003942
8003943
8003944
8003956
8003949
8003947
8003948
8003946
8003951
8003950
8003952
8003953
8003954
8003955
8003938
8003958
8003959
8003965
8003961
8003960
8003962
8003963
8003964
8003957
8003970
8003967
8003968
8003969
8003966
8003972
8003971
8003973
8003974
8003975
8003976
8003901
8003979
8003980
8003985
8003981
8003982
8003983
8003984
8003995
8003989
8003987
8003988
8003986
8003991
8003990
8003992
8003993
8003994
8004016
8003997
8003998
8004004
8004000
8003999
8004001
8004002
8004003
8003996
8004009
8004006
8004007
8004008
8004005
8004011
8004010
8004012
8004013
8004014
8004015
8003978
8004018
8004019
8004024
8004020
8004021
8004022
8004023
8004035
8004028
8004026
8004027
8004025
8004030
8004029
8004031
8004032
8004033
8004034
8004017
8004039
8004037
8004038
8004045
8004041
8004040
8004042
8004043
8004044
8004036
8004050
8004047
8004048
8004049
8004046
8004052
8004051
8004053
8004054
8004055
8004056
8004371
8004059
8004064
8004060
8004061
8004062
8004063
8004074
8004068
8004066
8004067
8004065
8004070
8004069
8004071
8004072
8004073
8004094
8004076
8004077
8004083
8004079
8004078
8004080
8004081
8004082
8004075
8004087
8004085
8004086
8004084
8004089
8004088
8004090
8004091
8004092
8004093
8004134
8004096
8004097
8004102
8004098
8004099
8004100
8004101
8004113
8004106
8004104
8004105
8004103
8004108
8004107
8004109
8004110
8004111
8004112
8004095
8004115
8004116
8004122
8004118
8004117
8004119
8004120
8004121
8004114
8004127
8004124
8004125
8004126
8004123
8004129
8004128
8004130
8004131
8004132
8004133
8004213
8004136
8004137
8004142
8004138
8004139
8004140
8004141
8004152
8004146
8004144
8004145
8004143
8004148
8004147
8004149
8004150
8004151
8004172
8004154
8004155
8004161
8004157
8004156
8004158
8004159
8004160
8004153
8004165
8004163
8004164
8004162
8004167
8004166
8004168
8004169
8004170
8004171
8004135
8004174
8004175
8004180
8004176
8004177
8004178
8004179
8004191
8004184
8004182
8004183
8004181
8004186
8004185
8004187
8004188
8004189
8004190
8004173
8004195
8004193
8004194
8004201
8004197
8004196
8004198
8004199
8004200
8004192
8004206
8004203
8004204
8004205
8004202
8004208
8004207
8004209
8004210
8004211
8004212
8004058
8004215
8004216
8004221
8004217
8004218
8004219
8004220
8004231
8004225
8004223
8004224
8004222
8004227
8004226
8004228
8004229
8004230
8004251
8004233
8004234
8004240
8004236
8004235
8004237
8004238
8004239
8004232
8004244
8004242
8004243
8004241
8004246
8004245
8004247
8004248
8004249
8004250
8004291
8004253
8004254
8004259
8004255
8004256
8004257
8004258
8004270
8004263
8004261
8004262
8004260
8004265
8004264
8004266
8004267
8004268
8004269
8004252
8004272
8004273
8004279
8004275
8004274
8004276
8004277
8004278
8004271
8004284
8004281
8004282
8004283
8004280
8004286
8004285
8004287
8004288
8004289
8004290
8004214
8004293
8004294
8004299
8004295
8004296
8004297
8004298
8004309
8004303
8004301
8004302
8004300
8004305
8004304
8004306
8004307
8004308
8004330
8004311
8004312
8004318
8004314
8004313
8004315
8004316
8004317
8004310
8004323
8004320
8004321
8004322
8004319
8004325
8004324
8004326
8004327
8004328
8004329
8004292
8004332
8004333
8004338
8004334
8004335
8004336
8004337
8004349
8004342
8004340
8004341
8004339
8004344
8004343
8004345
8004346
8004347
8004348
8004331
8004353
8004351
8004352
8004359
8004355
8004354
8004356
8004357
8004358
8004350
8004364
8004361
8004362
8004363
8004360
8004366
8004365
8004367
8004368
8004369
8004370
8003747
8004373
8004378
8004374
8004375
8004376
8004377
8004388
8004382
8004380
8004381
8004379
8004384
8004383
8004385
8004386
8004387
8004408
8004390
8004391
8004397
8004393
8004392
8004394
8004395
8004396
8004389
8004401
8004399
8004400
8004398
8004403
8004402
8004404
8004405
8004406
8004407
8004447
8004410
8004411
8004416
8004412
8004413
8004414
8004415
8004426
8004420
8004418
8004419
8004417
8004422
8004421
8004423
8004424
8004425
8004409
8004428
8004429
8004435
8004431
8004430
8004432
8004433
8004434
8004427
8004440
8004437
8004438
8004439
8004436
8004442
8004441
8004443
8004444
8004445
8004446
8004526
8004449
8004450
8004455
8004451
8004452
8004453
8004454
8004465
8004459
8004457
8004458
8004456
8004461
8004460
8004462
8004463
8004464
8004485
8004467
8004468
8004474
8004470
8004469
8004471
8004472
8004473
8004466
8004478
8004476
8004477
8004475
8004480
8004479
8004481
8004482
8004483
8004484
8004448
8004487
8004488
8004493
8004489
8004490
8004491
8004492
8004504
8004497
8004495
8004496
8004494
8004499
8004498
8004500
8004501
8004502
8004503
8004486
8004508
8004506
8004507
8004514
8004510
8004509
8004511
8004512
8004513
8004505
8004519
8004516
8004517
8004518
8004515
8004521
8004520
8004522
8004523
8004524
8004525
8004683
8004528
8004533
8004529
8004530
8004531
8004532
8004543
8004537
8004535
8004536
8004534
8004539
8004538
8004540
8004541
8004542
8004563
8004545
8004546
8004552
8004548
8004547
8004549
8004550
8004551
8004544
8004556
8004554
8004555
8004553
8004558
8004557
8004559
8004560
8004561
8004562
8004603
8004565
8004566
8004571
8004567
8004568
8004569
8004570
8004582
8004575
8004573
8004574
8004572
8004577
8004576
8004578
8004579
8004580
8004581
8004564
8004584
8004585
8004591
8004587
8004586
8004588
8004589
8004590
8004583
8004596
8004593
8004594
8004595
8004592
8004598
8004597
8004599
8004600
8004601
8004602
8004527
8004605
8004606
8004611
8004607
8004608
8004609
8004610
8004621
8004615
8004613
8004614
8004612
8004617
8004616
8004618
8004619
8004620
8004642
8004623
8004624
8004630
8004626
8004625
8004627
8004628
8004629
8004622
8004635
8004632
8004633
8004634
8004631
8004637
8004636
8004638
8004639
8004640
8004641
8004604
8004644
8004645
8004650
8004646
8004647
8004648
8004649
8004661
8004654
8004652
8004653
8004651
8004656
8004655
8004657
8004658
8004659
8004660
8004643
8004665
8004663
8004664
8004671
8004667
8004666
8004668
8004669
8004670
8004662
8004676
8004673
8004674
8004675
8004672
8004678
8004677
8004679
8004680
8004681
8004682
8004372
8004685
8004690
8004686
8004687
8004688
8004689
8004700
8004694
8004692
8004693
8004691
8004696
8004695
8004697
8004698
8004699
8004720
8004702
8004703
8004709
8004705
8004704
8004706
8004707
8004708
8004701
8004713
8004711
8004712
8004710
8004715
8004714
8004716
8004717
8004718
8004719
8004760
8004722
8004723
8004728
8004724
8004725
8004726
8004727
8004739
8004732
8004730
8004731
8004729
8004734
8004733
8004735
8004736
8004737
8004738
8004721
8004741
8004742
8004748
8004744
8004743
8004745
8004746
8004747
8004740
8004753
8004750
8004751
8004752
8004749
8004755
8004754
8004756
8004757
8004758
8004759
8004839
8004762
8004763
8004768
8004764
8004765
8004766
8004767
8004778
8004772
8004770
8004771
8004769
8004774
8004773
8004775
8004776
8004777
8004798
8004780
8004781
8004787
8004783
8004782
8004784
8004785
8004786
8004779
8004791
8004789
8004790
8004788
8004793
8004792
8004794
8004795
8004796
8004797
8004761
8004800
8004801
8004806
8004802
8004803
8004804
8004805
8004817
8004810
8004808
8004809
8004807
8004812
8004811
8004813
8004814
8004815
8004816
8004799
8004821
8004819
8004820
8004827
8004823
8004822
8004824
8004825
8004826
8004818
8004832
8004829
8004830
8004831
8004828
8004834
8004833
8004835
8004836
8004837
8004838
8004684
8004841
8004842
8004847
8004843
8004844
8004845
8004846
8004857
8004851
8004849
8004850
8004848
8004853
8004852
8004854
8004855
8004856
8004877
8004859
8004860
8004866
8004862
8004861
8004863
8004864
8004865
8004858
8004870
8004868
8004869
8004867
8004872
8004871
8004873
8004874
8004875
8004876
8004917
8004879
8004880
8004885
8004881
8004882
8004883
8004884
8004896
8004889
8004887
8004888
8004886
8004891
8004890
8004892
8004893
8004894
8004895
8004878
8004898
8004899
8004905
8004901
8004900
8004902
8004903
8004904
8004897
8004910
8004907
8004908
8004909
8004906
8004912
8004911
8004913
8004914
8004915
8004916
8004840
8004919
8004920
8004925
8004921
8004922
8004923
8004924
8004935
8004929
8004927
8004928
8004926
8004931
8004930
8004932
8004933
8004934
8004956
8004937
8004938
8004944
8004940
8004939
8004941
8004942
8004943
8004936
8004949
8004946
8004947
8004948
8004945
8004951
8004950
8004952
8004953
8004954
8004955
8004918
8004958
8004959
8004965
8004961
8004960
8004962
8004963
8004964
8004976
8004969
8004967
8004968
8004966
8004971
8004970
8004972
8004973
8004974
8004975
8004957
8004980
8004978
8004979
8004986
8004982
8004981
8004983
8004984
8004985
8004977
8004991
8004988
8004989
8004990
8004987
8004993
8004992
8004994
8004995
8004996
8004997
8000000
8005000
8005005
8005001
8005002
8005003
8005004
8005015
8005009
8005007
8005008
8005006
8005011
8005010
8005012
8005013
8005014
8005035
8005017
8005018
8005024
8005020
8005019
8005021
8005022
8005023
8005016
8005028
8005026
8005027
8005025
8005030
8005029
8005031
8005032
8005033
8005034
8005074
8005037
8005038
8005043
8005039
8005040
8005041
8005042
8005053
8005047
8005045
8005046
8005044
8005049
8005048
8005050
8005051
8005052
8005036
8005055
8005056
8005062
8005058
8005057
8005059
8005060
8005061
8005054
8005067
8005064
8005065
8005066
8005063
8005069
8005068
8005070
8005071
8005072
8005073
8005152
8005076
8005077
8005082
8005078
8005079
8005080
8005081
8005092
8005086
8005084
8005085
8005083
8005088
8005087
8005089
8005090
8005091
8005112
8005094
8005095
8005101
8005097
8005096
8005098
8005099
8005100
8005093
8005105
8005103
8005104
8005102
8005107
8005106
8005108
8005109
8005110
8005111
8005075
8005114
8005115
8005120
8005116
8005117
8005118
8005119
8005131
8005124
8005122
8005123
8005121
8005126
8005125
8005127
8005128
8005129
8005130
8005113
8005133
8005134
8005140
8005136
8005135
8005137
8005138
8005139
8005132
8005145
8005142
8005143
8005144
8005141
8005147
8005146
8005148
8005149
8005150
8005151
8005308
8005154
8005159
8005155
8005156
8005157
8005158
8005169
8005163
8005161
8005162
8005160
8005165
8005164
8005166
8005167
8005168
8005189
8005171
8005172
8005178
8005174
8005173
8005175
8005176
8005177
8005170
8005182
8005180
8005181
8005179
8005184
8005183
8005185
8005186
8005187
8005188
8005229
8005191
8005192
8005197
8005193
8005194
8005195
8005196
8005208
8005201
8005199
8005200
8005198
8005203
8005202
8005204
8005205
8005206
8005207
8005190
8005210
8005211
8005217
8005213
8005212
8005214
8005215
8005216
8005209
8005222
8005219
8005220
8005221
8005218
8005224
8005223
8005225
8005226
8005227
8005228
8005153
8005231
8005232
8005237
8005233
8005234
8005235
8005236
8005247
8005241
8005239
8005240
8005238
8005243
8005242
8005244
8005245
8005246
8005267
8005249
8005250
8005256
8005252
8005251
8005253
8005254
8005255
8005248
8005260
8005258
8005259
8005257
8005262
8005261
8005263
8005264
8005265
8005266
8005230
8005269
8005270
8005275
8005271
8005272
8005273
8005274
8005286
8005279
8005277
8005278
8005276
8005281
8005280
8005282
8005283
8005284
8005285
8005268
8005290
8005288
8005289
8005296
8005292
8005291
8005293
8005294
8005295
8005287
8005301
8005298
8005299
8005300
8005297
8005303
8005302
8005304
8005305
8005306
8005307
8005621
8005310
8005315
8005311
8005312
8005313
8005314
8005325
8005319
8005317
8005318
8005316
8005321
8005320
8005322
8005323
8005324
8005345
8005327
8005328
8005334
8005330
8005329
8005331
8005332
8005333
8005326
8005338
8005336
8005337
8005335
8005340
8005339
8005341
8005342
8005343
8005344
8005384
8005347
8005348
8005353
8005349
8005350
8005351
8005352
8005363
8005357
8005355
8005356
8005354
8005359
8005358
8005360
8005361
8005362
8005346
8005365
8005366
8005372
8005368
8005367
8005369
8005370
8005371
8005364
8005377
8005374
8005375
8005376
8005373
8005379
8005378
8005380
8005381
8005382
8005383
8005463
8005386
8005387
8005392
8005388
8005389
8005390
8005391
8005402
8005396
8005394
8005395
8005393
8005398
8005397
8005399
8005400
8005401
8005422
8005404
8005405
8005411
8005407
8005406
8005408
8005409
8005410
8005403
8005415
8005413
8005414
8005412
8005417
8005416
8005418
8005419
8005420
8005421
8005385
8005424
8005425
8005430
8005426
8005427
8005428
8005429
8005441
8005434
8005432
8005433
8005431
8005436
8005435
8005437
8005438
8005439
8005440
8005423
8005445
8005443
8005444
8005451
8005447
8005446
8005448
8005449
8005450
8005442
8005456
8005453
8005454
8005455
8005452
8005458
8005457
8005459
8005460
8005461
8005462
8005309
8005465
8005466
8005471
8005467
8005468
8005469
8005470
8005481
8005475
8005473
8005474
8005472
8005477
8005476
8005478
8005479
8005480
8005501
8005483
8005484
8005490
8005486
8005485
8005487
8005488
8005489
8005482
8005494
8005492
8005493
8005491
8005496
8005495
8005497
8005498
8005499
8005500
8005541
8005503
8005504
8005509
8005505
8005506
8005507
8005508
8005520
8005513
8005511
8005512
8005510
8005515
8005514
8005516
8005517
8005518
8005519
8005502
8005522
8005523
8005529
8005525
8005524
8005526
8005527
8005528
8005521
8005534
8005531
8005532
8005533
8005530
8005536
8005535
8005537
8005538
8005539
8005540
8005464
8005543
8005544
8005549
8005545
8005546
8005547
8005548
8005559
8005553
8005551
8005552
8005550
8005555
8005554
8005556
8005557
8005558
8005580
8005561
8005562
8005568
8005564
8005563
8005565
8005566
8005567
8005560
8005573
8005570
8005571
8005572
8005569
8005575
8005574
8005576
8005577
8005578
8005579
8005542
8005582
8005583
8005588
8005584
8005585
8005586
8005587
8005599
8005592
8005590
8005591
8005589
8005594
8005593
8005595
8005596
8005597
8005598
8005581
8005603
8005601
8005602
8005609
8005605
8005604
8005606
8005607
8005608
8005600
8005614
8005611
8005612
8005613
8005610
8005616
8005615
8005617
8005618
8005619
8005620
8006247
8005623
8005628
8005624
8005625
8005626
8005627
8005638
8005632
8005630
8005631
8005629
8005634
8005633
8005635
8005636
8005637
8005658
8005640
8005641
8005647
8005643
8005642
8005644
8005645
8005646
8005639
8005651
8005649
8005650
8005648
8005653
8005652
8005654
8005655
8005656
8005657
8005697
8005660
8005661
8005666
8005662
8005663
8005664
8005665
8005676
8005670
8005668
8005669
8005667
8005672
8005671
8005673
8005674
8005675
8005659
8005678
8005679
8005685
8005681
8005680
8005682
8005683
8005684
8005677
8005690
8005687
8005688
8005689
8005686
8005692
8005691
8005693
8005694
8005695
8005696
8005776
8005699
8005700
8005705
8005701
8005702
8005703
8005704
8005715
8005709
8005707
8005708
8005706
8005711
8005710
8005712
8005713
8005714
8005735
8005717
8005718
8005724
8005720
8005719
8005721
8005722
8005723
8005716
8005728
8005726
8005727
8005725
8005730
8005729
8005731
8005732
8005733
8005734
8005698
8005737
8005738
8005743
8005739
8005740
8005741
8005742
8005754
8005747
8005745
8005746
8005744
8005749
8005748
8005750
8005751
8005752
8005753
8005736
8005758
8005756
8005757
8005764
8005760
8005759
8005761
8005762
8005763
8005755
8005769
8005766
8005767
8005768
8005765
8005771
8005770
8005772
8005773
8005774
8005775
8005933
8005778
8005783
8005779
8005780
8005781
8005782
8005793
8005787
8005785
8005786
8005784
8005789
8005788
8005790
8005791
8005792
8005813
8005795
8005796
8005802
8005798
8005797
8005799
8005800
8005801
8005794
8005806
8005804
8005805
8005803
8005808
8005807
8005809
8005810
8005811
8005812
8005853
8005815
8005816
8005821
8005817
8005818
8005819
8005820
8005832
8005825
8005823
8005824
8005822
8005827
8005826
8005828
8005829
8005830
8005831
8005814
8005834
8005835
8005841
8005837
8005836
8005838
8005839
8005840
8005833
8005846
8005843
8005844
8005845
8005842
8005848
8005847
8005849
8005850
8005851
8005852
8005777
8005855
8005856
8005861
8005857
8005858
8005859
8005860
8005871
8005865
8005863
8005864
8005862
8005867
8005866
8005868
8005869
8005870
8005892
8005873
8005874
8005880
8005876
8005875
8005877
8005878
8005879
8005872
8005885
8005882
8005883
8005884
8005881
8005887
8005886
8005888
8005889
8005890
8005891
8005854
8005894
8005895
8005900
8005896
8005897
8005898
8005899
8005911
8005904
8005902
8005903
8005901
8005906
8005905
8005907
8005908
8005909
8005910
8005893
8005915
8005913
8005914
8005921
8005917
8005916
8005918
8005919
8005920
8005912
8005926
8005923
8005924
8005925
8005922
8005928
8005927
8005929
8005930
8005931
8005932
8005622
8005935
8005940
8005936
8005937
8005938
8005939
8005950
8005944
8005942
8005943
8005941
8005946
8005945
8005947
8005948
8005949
8005970
8005952
8005953
8005959
8005955
8005954
8005956
8005957
8005958
8005951
8005963
8005961
8005962
8005960
8005965
8005964
8005966
8005967
8005968
8005969
8006010
8005972
8005973
8005978
8005974
8005975
8005976
8005977
8005989
8005982
8005980
8005981
8005979
8005984
8005983
8005985
8005986
8005987
8005988
8005971
8005991
8005992
8005998
8005994
8005993
8005995
8005996
8005997
8005990
8006003
8006000
8006001
8006002
8005999
8006005
8006004
8006006
8006007
8006008
8006009
8006089
8006012
8006013
8006018
8006014
8006015
8006016
8006017
8006028
8006022
8006020
8006021
8006019
8006024
8006023
8006025
8006026
8006027
8006048
8006030
8006031
8006037
8006033
8006032
8006034
8006035
8006036
8006029
8006041
8006039
8006040
8006038
8006043
8006042
8006044
8006045
8006046
8006047
8006011
8006050
8006051
8006056
8006052
8006053
8006054
8006055
8006067
8006060
8006058
8006059
8006057
8006062
8006061
8006063
8006064
8006065
8006066
8006049
8006071
8006069
8006070
8006077
8006073
8006072
8006074
8006075
8006076
8006068
8006082
8006079
8006080
8006081
8006078
8006084
8006083
8006085
8006086
8006087
8006088
8005934
8006091
8006092
8006097
8006093
8006094
8006095
8006096
8006107
8006101
8006099
8006100
8006098
8006103
8006102
8006104
8006105
8006106
8006127
8006109
8006110
8006116
8006112
8006111
8006113
8006114
8006115
8006108
8006120
8006118
8006119
8006117
8006122
8006121
8006123
8006124
8006125
8006126
8006167
8006129
8006130
8006135
8006131
8006132
8006133
8006134
8006146
8006139
8006137
8006138
8006136
8006141
8006140
8006142
8006143
8006144
8006145
8006128
8006148
8006149
8006155
8006151
8006150
8006152
8006153
8006154
8006147
8006160
8006157
8006158
8006159
8006156
8006162
8006161
8006163
8006164
8006165
8006166
8006090
8006169
8006170
8006175
8006171
8006172
8006173
8006174
8006185
8006179
8006177
8006178
8006176
8006181
8006180
8006182
8006183
8006184
8006206
8006187
8006188
8006194
8006190
8006189
8006191
8006192
8006193
8006186
8006199
8006196
8006197
8006198
8006195
8006201
8006200
8006202
8006203
8006204
8006205
8006168
8006208
8006209
8006214
8006210
8006211
8006212
8006213
8006225
8006218
8006216
8006217
8006215
8006220
8006219
8006221
8006222
8006223
8006224
8006207
8006229
8006227
8006228
8006235
8006231
8006230
8006232
8006233
8006234
8006226
8006240
8006237
8006238
8006239
8006236
8006242
8006241
8006243
8006244
8006245
8006246
8007498
8006249
8006254
8006250
8006251
8006252
8006253
8006264
8006258
8006256
8006257
8006255
8006260
8006259
8006261
8006262
8006263
8006284
8006266
8006267
8006273
8006269
8006268
8006270
8006271
8006272
8006265
8006277
8006275
8006276
8006274
8006279
8006278
8006280
8006281
8006282
8006283
8006323
8006286
8006287
8006292
8006288
8006289
8006290
8006291
8006302
8006296
8006294
8006295
8006293
8006298
8006297
8006299
8006300
8006301
8006285
8006304
8006305
8006311
8006307
8006306
8006308
8006309
8006310
8006303
8006316
8006313
8006314
8006315
8006312
8006318
8006317
8006319
8006320
8006321
8006322
8006401
8006325
8006326
8006331
8006327
8006328
8006329
8006330
8006341
8006335
8006333
8006334
8006332
8006337
8006336
8006338
8006339
8006340
8006361
8006343
8006344
8006350
8006346
8006345
8006347
8006348
8006349
8006342
8006354
8006352
8006353
8006351
8006356
8006355
8006357
8006358
8006359
8006360
8006324
8006363
8006364
8006369
8006365
8006366
8006367
8006368
8006380
8006373
8006371
8006372
8006370
8006375
8006374
8006376
8006377
8006378
8006379
8006362
8006382
8006383
8006389
8006385
8006384
8006386
8006387
8006388
8006381
8006394
8006391
8006392
8006393
8006390
8006396
8006395
8006397
8006398
8006399
8006400
8006558
8006403
8006408
8006404
8006405
8006406
8006407
8006418
8006412
8006410
8006411
8006409
8006414
8006413
8006415
8006416
8006417
8006438
8006420
8006421
8006427
8006423
8006422
8006424
8006425
8006426
8006419
8006431
8006429
8006430
8006428
8006433
8006432
8006434
8006435
8006436
8006437
8006478
8006440
8006441
8006446
8006442
8006443
8006444
8006445
8006457
8006450
8006448
8006449
8006447
8006452
8006451
8006453
8006454
8006455
8006456
8006439
8006459
8006460
8006466
8006462
8006461
8006463
8006464
8006465
8006458
8006471
8006468
8006469
8006470
8006467
8006473
8006472
8006474
8006475
8006476
8006477
8006402
8006480
8006481
8006486
8006482
8006483
8006484
8006485
8006496
8006490
8006488
8006489
8006487
8006492
8006491
8006493
8006494
8006495
8006517
8006498
8006499
8006505
8006501
8006500
8006502
8006503
8006504
8006497
8006510
8006507
8006508
8006509
8006506
8006512
8006511
8006513
8006514
8006515
8006516
8006479
8006519
8006520
8006525
8006521
8006522
8006523
8006524
8006536
8006529
8006527
8006528
8006526
8006531
8006530
8006532
8006533
8006534
8006535
8006518
8006540
8006538
8006539
8006546
8006542
8006541
8006543
8006544
8006545
8006537
8006551
8006548
8006549
8006550
8006547
8006553
8006552
8006554
8006555
8006556
8006557
8006871
8006560
8006565
8006561
8006562
8006563
8006564
8006575
8006569
8006567
8006568
8006566
8006571
8006570
8006572
8006573
8006574
8006595
8006577
8006578
8006584
8006580
8006579
8006581
8006582
8006583
8006576
8006588
8006586
8006587
8006585
8006590
8006589
8006591
8006592
8006593
8006594
8006634
8006597
8006598
8006603
8006599
8006600
8006601
8006602
8006613
8006607
8006605
8006606
8006604
8006609
8006608
8006610
8006611
8006612
8006596
8006615
8006616
8006622
8006618
8006617
8006619
8006620
8006621
8006614
8006627
8006624
8006625
8006626
8006623
8006629
8006628
8006630
8006631
8006632
8006633
8006713
8006636
8006637
8006642
8006638
8006639
8006640
8006641
8006652
8006646
8006644
8006645
8006643
8006648
8006647
8006649
8006650
8006651
8006672
8006654
8006655
8006661
8006657
8006656
8006658
8006659
8006660
8006653
8006665
8006663
8006664
8006662
8006667
8006666
8006668
8006669
8006670
8006671
8006635
8006674
8006675
8006680
8006676
8006677
8006678
8006679
8006691
8006684
8006682
8006683
8006681
8006686
8006685
8006687
8006688
8006689
8006690
8006673
8006695
8006693
8006694
8006701
8006697
8006696
8006698
8006699
8006700
8006692
8006706
8006703
8006704
8006705
8006702
8006708
8006707
8006709
8006710
8006711
8006712
8006559
8006715
8006716
8006721
8006717
8006718
8006719
8006720
8006731
8006725
8006723
8006724
8006722
8006727
8006726
8006728
8006729
8006730
8006751
8006733
8006734
8006740
8006736
8006735
8006737
8006738
8006739
8006732
8006744
8006742
8006743
8006741
8006746
8006745
8006747
8006748
8006749
8006750
8006791
8006753
8006754
8006759
8006755
8006756
8006757
8006758
8006770
8006763
8006761
8006762
8006760
8006765
8006764
8006766
8006767
8006768
8006769
8006752
8006772
8006773
8006779
8006775
8006774
8006776
8006777
8006778
8006771
8006784
8006781
8006782
8006783
8006780
8006786
8006785
8006787
8006788
8006789
8006790
8006714
8006793
8006794
8006799
8006795
8006796
8006797
8006798
8006809
8006803
8006801
8006802
8006800
8006805
8006804
8006806
8006807
8006808
8006830
8006811
8006812
8006818
8006814
8006813
8006815
8006816
8006817
8006810
8006823
8006820
8006821
8006822
8006819
8006825
8006824
8006826
8006827
8006828
8006829
8006792
8006832
8006833
8006838
8006834
8006835
8006836
8006837
8006849
8006842
8006840
8006841
8006839
8006844
8006843
8006845
8006846
8006847
8006848
8006831
8006853
8006851
8006852
8006859
8006855
8006854
8006856
8006857
8006858
8006850
8006864
8006861
8006862
8006863
8006860
8006866
8006865
8006867
8006868
8006869
8006870
8006248
8006873
8006878
8006874
8006875
8006876
8006877
8006888
8006882
8006880
8006881
8006879
8006884
8006883
8006885
8006886
8006887
8006908
8006890
8006891
8006897
8006893
8006892
8006894
8006895
8006896
8006889
8006901
8006899
8006900
8006898
8006903
8006902
8006904
8006905
8006906
8006907
8006947
8006910
8006911
8006916
8006912
8006913
8006914
8006915
8006926
8006920
8006918
8006919
8006917
8006922
8006921
8006923
8006924
8006925
8006909
8006928
8006929
8006935
8006931
8006930
8006932
8006933
8006934
8006927
8006940
8006937
8006938
8006939
8006936
8006942
8006941
8006943
8006944
8006945
8006946
8007026
8006949
8006950
8006955
8006951
8006952
8006953
8006954
8006965
8006959
8006957
8006958
8006956
8006961
8006960
8006962
8006963
8006964
8006985
8006967
8006968
8006974
8006970
8006969
8006971
8006972
8006973
8006966
8006978
8006976
8006977
8006975
8006980
8006979
8006981
8006982
8006983
8006984
8006948
8006987
8006988
8006993
8006989
8006990
8006991
8006992
8007004
8006997
8006995
8006996
8006994
8006999
8006998
8007000
8007001
8007002
8007003
8006986
8007008
8007006
8007007
8007014
8007010
8007009
8007011
8007012
8007013
8007005
8007019
8007016
8007017
8007018
8007015
8007021
8007020
8007022
8007023
8007024
8007025
8007183
8007028
8007033
8007029
8007030
8007031
8007032
8007043
8007037
8007035
8007036
8007034
8007039
8007038
8007040
8007041
8007042
8007063
8007045
8007046
8007052
8007048
8007047
8007049
8007050
8007051
8007044
8007056
8007054
8007055
8007053
8007058
8007057
8007059
8007060
8007061
8007062
8007103
8007065
8007066
8007071
8007067
8007068
8007069
8007070
8007082
8007075
8007073
8007074
8007072
8007077
8007076
8007078
8007079
8007080
8007081
8007064
8007084
8007085
8007091
8007087
8007086
8007088
8007089
8007090
8007083
8007096
8007093
8007094
8007095
8007092
8007098
8007097
8007099
8007100
8007101
8007102
8007027
8007105
8007106
8007111
8007107
8007108
8007109
8007110
8007121
8007115
8007113
8007114
8007112
8007117
8007116
8007118
8007119
8007120
8007142
8007123
8007124
8007130
8007126
8007125
8007127
8007128
8007129
8007122
8007135
8007132
8007133
8007134
8007131
8007137
8007136
8007138
8007139
8007140
8007141
8007104
8007144
8007145
8007150
8007146
8007147
8007148
8007149
8007161
8007154
8007152
8007153
8007151
8007156
8007155
8007157
8007158
8007159
8007160
8007143
8007165
8007163
8007164
8007171
8007167
8007166
8007168
8007169
8007170
8007162
8007176
8007173
8007174
8007175
8007172
8007178
8007177
8007179
8007180
8007181
8007182
8006872
8007185
8007190
8007186
8007187
8007188
8007189
8007200
8007194
8007192
8007193
8007191
8007196
8007195
8007197
8007198
8007199
8007220
8007202
8007203
8007209
8007205
8007204
8007206
8007207
8007208
8007201
8007213
8007211
8007212
8007210
8007215
8007214
8007216
8007217
8007218
8007219
8007260
8007222
8007223
8007228
8007224
8007225
8007226
8007227
8007239
8007232
8007230
8007231
8007229
8007234
8007233
8007235
8007236
8007237
8007238
8007221
8007241
8007242
8007248
8007244
8007243
8007245
8007246
8007247
8007240
8007253
8007250
8007251
8007252
8007249
8007255
8007254
8007256
8007257
8007258
8007259
8007339
8007262
8007263
8007268
8007264
8007265
8007266
8007267
8007278
8007272
8007270
8007271
8007269
8007274
8007273
8007275
8007276
8007277
8007298
8007280
8007281
8007287
8007283
8007282
8007284
8007285
8007286
8007279
8007291
8007289
8007290
8007288
8007293
8007292
8007294
8007295
8007296
8007297
8007261
8007300
8007301
8007306
8007302
8007303
8007304
8007305
8007317
8007310
8007308
8007309
8007307
8007312
8007311
8007313
8007314
8007315
8007316
8007299
8007321
8007319
8007320
8007327
8007323
8007322
8007324
8007325
8007326
8007318
8007332
8007329
8007330
8007331
8007328
8007334
8007333
8007335
8007336
8007337
8007338
8007184
8007341
8007342
8007347
8007343
8007344
8007345
8007346
8007357
8007351
8007349
8007350
8007348
8007353
8007352
8007354
8007355
8007356
8007377
8007359
8007360
8007366
8007362
8007361
8007363
8007364
8007365
8007358
8007370
8007368
8007369
8007367
8007372
8007371
8007373
8007374
8007375
8007376
8007417
8007379
8007380
8007385
8007381
8007382
8007383
8007384
8007396
8007389
8007387
8007388
8007386
8007391
8007390
8007392
8007393
8007394
8007395
8007378
8007398
8007399
8007405
8007401
8007400
8007402
8007403
8007404
8007397
8007410
8007407
8007408
8007409
8007406
8007412
8007411
8007413
8007414
8007415
8007416
8007340
8007419
8007420
8007425
8007421
8007422
8007423
8007424
8007435
8007429
8007427
8007428
8007426
8007431
8007430
8007432
8007433
8007434
8007456
8007437
8007438
8007444
8007440
8007439
8007441
8007442
8007443
8007436
8007449
8007446
8007447
8007448
8007445
8007451
8007450
8007452
8007453
8007454
8007455
8007418
8007458
8007459
8007465
8007461
8007460
8007462
8007463
8007464
8007476
8007469
8007467
8007468
8007466
8007471
8007470
8007472
8007473
8007474
8007475
8007457
8007480
8007478
8007479
8007486
8007482
8007481
8007483
8007484
8007485
8007477
8007491
8007488
8007489
8007490
8007487
8007493
8007492
8007494
8007495
8007496
8007497
8004999
8007500
8007505
8007501
8007502
8007503
8007504
8007515
8007509
8007507
8007508
8007506
8007511
8007510
8007512
8007513
8007514
8007535
8007517
8007518
8007524
8007520
8007519
8007521
8007522
8007523
8007516
8007528
8007526
8007527
8007525
8007530
8007529
8007531
8007532
8007533
8007534
8007574
8007537
8007538
8007543
8007539
8007540
8007541
8007542
8007553
8007547
8007545
8007546
8007544
8007549
8007548
8007550
8007551
8007552
8007536
8007555
8007556
8007562
8007558
8007557
8007559
8007560
8007561
8007554
8007567
8007564
8007565
8007566
8007563
8007569
8007568
8007570
8007571
8007572
8007573
8007652
8007576
8007577
8007582
8007578
8007579
8007580
8007581
8007592
8007586
8007584
8007585
8007583
8007588
8007587
8007589
8007590
8007591
8007612
8007594
8007595
8007601
8007597
8007596
8007598
8007599
8007600
8007593
8007605
8007603
8007604
8007602
8007607
8007606
8007608
8007609
8007610
8007611
8007575
8007614
8007615
8007620
8007616
8007617
8007618
8007619
8007631
8007624
8007622
8007623
8007621
8007626
8007625
8007627
8007628
8007629
8007630
8007613
8007633
8007634
8007640
8007636
8007635
8007637
8007638
8007639
8007632
8007645
8007642
8007643
8007644
8007641
8007647
8007646
8007648
8007649
8007650
8007651
8007809
8007654
8007659
8007655
8007656
8007657
8007658
8007669
8007663
8007661
8007662
8007660
8007665
8007664
8007666
8007667
8007668
8007689
8007671
8007672
8007678
8007674
8007673
8007675
8007676
8007677
8007670
8007682
8007680
8007681
8007679
8007684
8007683
8007685
8007686
8007687
8007688
8007729
8007691
8007692
8007697
8007693
8007694
8007695
8007696
8007708
8007701
8007699
8007700
8007698
8007703
8007702
8007704
8007705
8007706
8007707
8007690
8007710
8007711
8007717
8007713
8007712
8007714
8007715
8007716
8007709
8007722
8007719
8007720
8007721
8007718
8007724
8007723
8007725
8007726
8007727
8007728
8007653
8007731
8007732
8007737
8007733
8007734
8007735
8007736
8007747
8007741
8007739
8007740
8007738
8007743
8007742
8007744
8007745
8007746
8007768
8007749
8007750
8007756
8007752
8007751
8007753
8007754
8007755
8007748
8007761
8007758
8007759
8007760
8007757
8007763
8007762
8007764
8007765
8007766
8007767
8007730
8007770
8007771
8007776
8007772
8007773
8007774
8007775
8007787
8007780
8007778
8007779
8007777
8007782
8007781
8007783
8007784
8007785
8007786
8007769
8007791
8007789
8007790
8007797
8007793
8007792
8007794
8007795
8007796
8007788
8007802
8007799
8007800
8007801
8007798
8007804
8007803
8007805
8007806
8007807
8007808
8008122
8007811
8007816
8007812
8007813
8007814
8007815
8007826
8007820
8007818
8007819
8007817
8007822
8007821
8007823
8007824
8007825
8007846
8007828
8007829
8007835
8007831
8007830
8007832
8007833
8007834
8007827
8007839
8007837
8007838
8007836
8007841
8007840
8007842
8007843
8007844
8007845
8007885
8007848
8007849
8007854
8007850
8007851
8007852
8007853
8007864
8007858
8007856
8007857
8007855
8007860
8007859
8007861
8007862
8007863
8007847
8007866
8007867
8007873
8007869
8007868
8007870
8007871
8007872
8007865
8007878
8007875
8007876
8007877
8007874
8007880
8007879
8007881
8007882
8007883
8007884
8007964
8007887
8007888
8007893
8007889
8007890
8007891
8007892
8007903
8007897
8007895
8007896
8007894
8007899
8007898
8007900
8007901
8007902
8007923
8007905
8007906
8007912
8007908
8007907
8007909
8007910
8007911
8007904
8007916
8007914
8007915
8007913
8007918
8007917
8007919
8007920
8007921
8007922
8007886
8007925
8007926
8007931
8007927
8007928
8007929
8007930
8007942
8007935
8007933
8007934
8007932
8007937
8007936
8007938
8007939
8007940
8007941
8007924
8007946
8007944
8007945
8007952
8007948
8007947
8007949
8007950
8007951
8007943
8007957
8007954
8007955
8007956
8007953
8007959
8007958
8007960
8007961
8007962
8007963
8007810
8007966
8007967
8007972
8007968
8007969
8007970
8007971
8007982
8007976
8007974
8007975
8007973
8007978
8007977
8007979
8007980
8007981
8008002
8007984
8007985
8007991
8007987
8007986
8007988
8007989
8007990
8007983
8007995
8007993
8007994
8007992
8007997
8007996
8007998
8007999
8008000
8008001
8008042
8008004
8008005
8008010
8008006
8008007
8008008
8008009
8008021
8008014
8008012
8008013
8008011
8008016
8008015
8008017
8008018
8008019
8008020
8008003
8008023
8008024
8008030
8008026
8008025
8008027
8008028
8008029
8008022
8008035
8008032
8008033
8008034
8008031
8008037
8008036
8008038
8008039
8008040
8008041
8007965
8008044
8008045
8008050
8008046
8008047
8008048
8008049
8008060
8008054
8008052
8008053
8008051
8008056
8008055
8008057
8008058
8008059
8008081
8008062
8008063
8008069
8008065
8008064
8008066
8008067
8008068
8008061
8008074
8008071
8008072
8008073
8008070
8008076
8008075
8008077
8008078
8008079
8008080
8008043
8008083
8008084
8008089
8008085
8008086
8008087
8008088
8008100
8008093
8008091
8008092
8008090
8008095
8008094
8008096
8008097
8008098
8008099
8008082
8008104
8008102
8008103
8008110
8008106
8008105
8008107
8008108
8008109
8008101
8008115
8008112
8008113
8008114
8008111
8008117
8008116
8008118
8008119
8008120
8008121
8008748
8008124
8008129
8008125
8008126
8008127
8008128
8008139
8008133
8008131
8008132
8008130
8008135
8008134
8008136
8008137
8008138
8008159
8008141
8008142
8008148
8008144
8008143
8008145
8008146
8008147
8008140
8008152
8008150
8008151
8008149
8008154
8008153
8008155
8008156
8008157
8008158
8008198
8008161
8008162
8008167
8008163
8008164
8008165
8008166
8008177
8008171
8008169
8008170
8008168
8008173
8008172
8008174
8008175
8008176
8008160
8008179
8008180
8008186
8008182
8008181
8008183
8008184
8008185
8008178
8008191
8008188
8008189
8008190
8008187
8008193
8008192
8008194
8008195
8008196
8008197
8008277
8008200
8008201
8008206
8008202
8008203
8008204
8008205
8008216
8008210
8008208
8008209
8008207
8008212
8008211
8008213
8008214
8008215
8008236
8008218
8008219
8008225
8008221
8008220
8008222
8008223
8008224
8008217
8008229
8008227
8008228
8008226
8008231
8008230
8008232
8008233
8008234
8008235
8008199
8008238
8008239
8008244
8008240
8008241
8008242
8008243
8008255
8008248
8008246
8008247
8008245
8008250
8008249
8008251
8008252
8008253
8008254
8008237
8008259
8008257
8008258
8008265
8008261
8008260
8008262
8008263
8008264
8008256
8008270
8008267
8008268
8008269
8008266
8008272
8008271
8008273
8008274
8008275
8008276
8008434
8008279
8008284
8008280
8008281
8008282
8008283
8008294
8008288
8008286
8008287
8008285
8008290
8008289
8008291
8008292
8008293
8008314
8008296
8008297
8008303
8008299
8008298
8008300
8008301
8008302
8008295
8008307
8008305
8008306
8008304
8008309
8008308
8008310
8008311
8008312
8008313
8008354
8008316
8008317
8008322
8008318
8008319
8008320
8008321
8008333
8008326
8008324
8008325
8008323
8008328
8008327
8008329
8008330
8008331
8008332
8008315
8008335
8008336
8008342
8008338
8008337
8008339
8008340
8008341
8008334
8008347
8008344
8008345
8008346
8008343
8008349
8008348
8008350
8008351
8008352
8008353
8008278
8008356
8008357
8008362
8008358
8008359
8008360
8008361
8008372
8008366
8008364
8008365
8008363
8008368
8008367
8008369
8008370
8008371
8008393
8008374
8008375
8008381
8008377
8008376
8008378
8008379
8008380
8008373
8008386
8008383
8008384
8008385
8008382
8008388
8008387
8008389
8008390
8008391
8008392
8008355
8008395
8008396
8008401
8008397
8008398
8008399
8008400
8008412
8008405
8008403
8008404
8008402
8008407
8008406
8008408
8008409
8008410
8008411
8008394
8008416
8008414
8008415
8008422
8008418
8008417
8008419
8008420
8008421
8008413
8008427
8008424
8008425
8008426
8008423
8008429
8008428
8008430
8008431
8008432
8008433
8008123
8008436
8008441
8008437
8008438
8008439
8008440
8008451
8008445
8008443
8008444
8008442
8008447
8008446
8008448
8008449
8008450
8008471
8008453
8008454
8008460
8008456
8008455
8008457
8008458
8008459
8008452
8008464
8008462
8008463
8008461
8008466
8008465
8008467
8008468
8008469
8008470
8008511
8008473
8008474
8008479
8008475
8008476
8008477
8008478
8008490
8008483
8008481
8008482
8008480
8008485
8008484
8008486
8008487
8008488
8008489
8008472
8008492
8008493
8008499
8008495
8008494
8008496
8008497
8008498
8008491
8008504
8008501
8008502
8008503
8008500
8008506
8008505
8008507
8008508
8008509
8008510
8008590
8008513
8008514
8008519
8008515
8008516
8008517
8008518
8008529
8008523
8008521
8008522
8008520
8008525
8008524
8008526
8008527
8008528
8008549
8008531
8008532
8008538
8008534
8008533
8008535
8008536
8008537
8008530
8008542
8008540
8008541
8008539
8008544
8008543
8008545
8008546
8008547
8008548
8008512
8008551
8008552
8008557
8008553
8008554
8008555
8008556
8008568
8008561
8008559
8008560
8008558
8008563
8008562
8008564
8008565
8008566
8008567
8008550
8008572
8008570
8008571
8008578
8008574
8008573
8008575
8008576
8008577
8008569
8008583
8008580
8008581
8008582
8008579
8008585
8008584
8008586
8008587
8008588
8008589
8008435
8008592
8008593
8008598
8008594
8008595
8008596
8008597
8008608
8008602
8008600
8008601
8008599
8008604
8008603
8008605
8008606
8008607
8008628
8008610
8008611
8008617
8008613
8008612
8008614
8008615
8008616
8008609
8008621
8008619
8008620
8008618
8008623
8008622
8008624
8008625
8008626
8008627
8008668
8008630
8008631
8008636
8008632
8008633
8008634
8008635
8008647
8008640
8008638
8008639
8008637
8008642
8008641
8008643
8008644
8008645
8008646
8008629
8008649
8008650
8008656
8008652
8008651
8008653
8008654
8008655
8008648
8008661
8008658
8008659
8008660
8008657
8008663
8008662
8008664
8008665
8008666
8008667
8008591
8008670
8008671
8008676
8008672
8008673
8008674
8008675
8008686
8008680
8008678
8008679
8008677
8008682
8008681
8008683
8008684
8008685
8008707
8008688
8008689
8008695
8008691
8008690
8008692
8008693
8008694
8008687
8008700
8008697
8008698
8008699
8008696
8008702
8008701
8008703
8008704
8008705
8008706
8008669
8008709
8008710
8008715
8008711
8008712
8008713
8008714
8008726
8008719
8008717
8008718
8008716
8008721
8008720
8008722
8008723
8008724
8008725
8008708
8008730
8008728
8008729
8008736
8008732
8008731
8008733
8008734
8008735
8008727
8008741
8008738
8008739
8008740
8008737
8008743
8008742
8008744
8008745
8008746
8008747
8007499
8008750
8008755
8008751
8008752
8008753
8008754
8008765
8008759
8008757
8008758
8008756
8008761
8008760
8008762
8008763
8008764
8008785
8008767
8008768
8008774
8008770
8008769
8008771
8008772
8008773
8008766
8008778
8008776
8008777
8008775
8008780
8008779
8008781
8008782
8008783
8008784
8008824
8008787
8008788
8008793
8008789
8008790
8008791
8008792
8008803
8008797
8008795
8008796
8008794
8008799
8008798
8008800
8008801
8008802
8008786
8008805
8008806
8008812
8008808
8008807
8008809
8008810
8008811
8008804
8008817
8008814
8008815
8008816
8008813
8008819
8008818
8008820
8008821
8008822
8008823
8008902
8008826
8008827
8008832
8008828
8008829
8008830
8008831
8008842
8008836
8008834
8008835
8008833
8008838
8008837
8008839
8008840
8008841
8008862
8008844
8008845
8008851
8008847
8008846
8008848
8008849
8008850
8008843
8008855
8008853
8008854
8008852
8008857
8008856
8008858
8008859
8008860
8008861
8008825
8008864
8008865
8008870
8008866
8008867
8008868
8008869
8008881
8008874
8008872
8008873
8008871
8008876
8008875
8008877
8008878
8008879
8008880
8008863
8008883
8008884
8008890
8008886
8008885
8008887
8008888
8008889
8008882
8008895
8008892
8008893
8008894
8008891
8008897
8008896
8008898
8008899
8008900
8008901
8009059
8008904
8008909
8008905
8008906
8008907
8008908
8008919
8008913
8008911
8008912
8008910
8008915
8008914
8008916
8008917
8008918
8008939
8008921
8008922
8008928
8008924
8008923
8008925
8008926
8008927
8008920
8008932
8008930
8008931
8008929
8008934
8008933
8008935
8008936
8008937
8008938
8008979
8008941
8008942
8008947
8008943
8008944
8008945
8008946
8008958
8008951
8008949
8008950
8008948
8008953
8008952
8008954
8008955
8008956
8008957
8008940
8008960
8008961
8008967
8008963
8008962
8008964
8008965
8008966
8008959
8008972
8008969
8008970
8008971
8008968
8008974
8008973
8008975
8008976
8008977
8008978
8008903
8008981
8008982
8008987
8008983
8008984
8008985
8008986
8008997
8008991
8008989
8008990
8008988
8008993
8008992
8008994
8008995
8008996
8009018
8008999
8009000
8009006
8009002
8009001
8009003
8009004
8009005
8008998
8009011
8009008
8009009
8009010
8009007
8009013
8009012
8009014
8009015
8009016
8009017
8008980
8009020
8009021
8009026
8009022
8009023
8009024
8009025
8009037
8009030
8009028
8009029
8009027
8009032
8009031
8009033
8009034
8009035
8009036
8009019
8009041
8009039
8009040
8009047
8009043
8009042
8009044
8009045
8009046
8009038
8009052
8009049
8009050
8009051
8009048
8009054
8009053
8009055
8009056
8009057
8009058
8009373
8009061
8009066
8009062
8009063
8009064
8009065
8009076
8009070
8009068
8009069
8009067
8009072
8009071
8009073
8009074
8009075
8009096
8009078
8009079
8009085
8009081
8009080
8009082
8009083
8009084
8009077
8009089
8009087
8009088
8009086
8009091
8009090
8009092
8009093
8009094
8009095
8009136
8009098
8009099
8009104
8009100
8009101
8009102
8009103
8009115
8009108
8009106
8009107
8009105
8009110
8009109
8009111
8009112
8009113
8009114
8009097
8009117
8009118
8009124
8009120
8009119
8009121
8009122
8009123
8009116
8009129
8009126
8009127
8009128
8009125
8009131
8009130
8009132
8009133
8009134
8009135
8009215
8009138
8009139
8009144
8009140
8009141
8009142
8009143
8009154
8009148
8009146
8009147
8009145
8009150
8009149
8009151
8009152
8009153
8009174
8009156
8009157
8009163
8009159
8009158
8009160
8009161
8009162
8009155
8009167
8009165
8009166
8009164
8009169
8009168
8009170
8009171
8009172
8009173
8009137
8009176
8009177
8009182
8009178
8009179
8009180
8009181
8009193
8009186
8009184
8009185
8009183
8009188
8009187
8009189
8009190
8009191
8009192
8009175
8009197
8009195
8009196
8009203
8009199
8009198
8009200
8009201
8009202
8009194
8009208
8009205
8009206
8009207
8009204
8009210
8009209
8009211
8009212
8009213
8009214
8009060
8009217
8009218
8009223
8009219
8009220
8009221
8009222
8009233
8009227
8009225
8009226
8009224
8009229
8009228
8009230
8009231
8009232
8009253
8009235
8009236
8009242
8009238
8009237
8009239
8009240
8009241
8009234
8009246
8009244
8009245
8009243
8009248
8009247
8009249
8009250
8009251
8009252
8009293
8009255
8009256
8009261
8009257
8009258
8009259
8009260
8009272
8009265
8009263
8009264
8009262
8009267
8009266
8009268
8009269
8009270
8009271
8009254
8009274
8009275
8009281
8009277
8009276
8009278
8009279
8009280
8009273
8009286
8009283
8009284
8009285
8009282
8009288
8009287
8009289
8009290
8009291
8009292
8009216
8009295
8009296
8009301
8009297
8009298
8009299
8009300
8009311
8009305
8009303
8009304
8009302
8009307
8009306
8009308
8009309
8009310
8009332
8009313
8009314
8009320
8009316
8009315
8009317
8009318
8009319
8009312
8009325
8009322
8009323
8009324
8009321
8009327
8009326
8009328
8009329
8009330
8009331
8009294
8009334
8009335
8009340
8009336
8009337
8009338
8009339
8009351
8009344
8009342
8009343
8009341
8009346
8009345
8009347
8009348
8009349
8009350
8009333
8009355
8009353
8009354
8009361
8009357
8009356
8009358
8009359
8009360
8009352
8009366
8009363
8009364
8009365
8009362
8009368
8009367
8009369
8009370
8009371
8009372
8008749
8009375
8009380
8009376
8009377
8009378
8009379
8009390
8009384
8009382
8009383
8009381
8009386
8009385
8009387
8009388
8009389
8009410
8009392
8009393
8009399
8009395
8009394
8009396
8009397
8009398
8009391
8009403
8009401
8009402
8009400
8009405
8009404
8009406
8009407
8009408
8009409
8009449
8009412
8009413
8009418
8009414
8009415
8009416
8009417
8009428
8009422
8009420
8009421
8009419
8009424
8009423
8009425
8009426
8009427
8009411
8009430
8009431
8009437
8009433
8009432
8009434
8009435
8009436
8009429
8009442
8009439
8009440
8009441
8009438
8009444
8009443
8009445
8009446
8009447
8009448
8009528
8009451
8009452
8009457
8009453
8009454
8009455
8009456
8009467
8009461
8009459
8009460
8009458
8009463
8009462
8009464
8009465
8009466
8009487
8009469
8009470
8009476
8009472
8009471
8009473
8009474
8009475
8009468
8009480
8009478
8009479
8009477
8009482
8009481
8009483
8009484
8009485
8009486
8009450
8009489
8009490
8009495
8009491
8009492
8009493
8009494
8009506
8009499
8009497
8009498
8009496
8009501
8009500
8009502
8009503
8009504
8009505
8009488
8009510
8009508
8009509
8009516
8009512
8009511
8009513
8009514
8009515
8009507
8009521
8009518
8009519
8009520
8009517
8009523
8009522
8009524
8009525
8009526
8009527
8009685
8009530
8009535
8009531
8009532
8009533
8009534
8009545
8009539
8009537
8009538
8009536
8009541
8009540
8009542
8009543
8009544
8009565
8009547
8009548
8009554
8009550
8009549
8009551
8009552
8009553
8009546
8009558
8009556
8009557
8009555
8009560
8009559
8009561
8009562
8009563
8009564
8009605
8009567
8009568
8009573
8009569
8009570
8009571
8009572
8009584
8009577
8009575
8009576
8009574
8009579
8009578
8009580
8009581
8009582
8009583
8009566
8009586
8009587
8009593
8009589
8009588
8009590
8009591
8009592
8009585
8009598
8009595
8009596
8009597
8009594
8009600
8009599
8009601
8009602
8009603
8009604
8009529
8009607
8009608
8009613
8009609
8009610
8009611
8009612
8009623
8009617
8009615
8009616
8009614
8009619
8009618
8009620
8009621
8009622
8009644
8009625
8009626
8009632
8009628
8009627
8009629
8009630
8009631
8009624
8009637
8009634
8009635
8009636
8009633
8009639
8009638
8009640
8009641
8009642
8009643
8009606
8009646
8009647
8009652
8009648
8009649
8009650
8009651
8009663
8009656
8009654
8009655
8009653
8009658
8009657
8009659
8009660
8009661
8009662
8009645
8009667
8009665
8009666
8009673
8009669
8009668
8009670
8009671
8009672
8009664
8009678
8009675
8009676
8009677
8009674
8009680
8009679
8009681
8009682
8009683
8009684
8009374
8009687
8009692
8009688
8009689
8009690
8009691
8009702
8009696
8009694
8009695
8009693
8009698
8009697
8009699
8009700
8009701
8009722
8009704
8009705
8009711
8009707
8009706
8009708
8009709
8009710
8009703
8009715
8009713
8009714
8009712
8009717
8009716
8009718
8009719
8009720
8009721
8009762
8009724
8009725
8009730
8009726
8009727
8009728
8009729
8009741
8009734
8009732
8009733
8009731
8009736
8009735
8009737
8009738
8009739
8009740
8009723
8009743
8009744
8009750
8009746
8009745
8009747
8009748
8009749
8009742
8009755
8009752
8009753
8009754
8009751
8009757
8009756
8009758
8009759
8009760
8009761
8009841
8009764
8009765
8009770
8009766
8009767
8009768
8009769
8009780
8009774
8009772
8009773
8009771
8009776
8009775
8009777
8009778
8009779
8009800
8009782
8009783
8009789
8009785
8009784
8009786
8009787
8009788
8009781
8009793
8009791
8009792
8009790
8009795
8009794
8009796
8009797
8009798
8009799
8009763
8009802
8009803
8009808
8009804
8009805
8009806
8009807
8009819
8009812
8009810
8009811
8009809
8009814
8009813
8009815
8009816
8009817
8009818
8009801
8009823
8009821
8009822
8009829
8009825
8009824
8009826
8009827
8009828
8009820
8009834
8009831
8009832
8009833
8009830
8009836
8009835
8009837
8009838
8009839
8009840
8009686
8009843
8009844
8009849
8009845
8009846
8009847
8009848
8009859
8009853
8009851
8009852
8009850
8009855
8009854
8009856
8009857
8009858
8009879
8009861
8009862
8009868
8009864
8009863
8009865
8009866
8009867
8009860
8009872
8009870
8009871
8009869
8009874
8009873
8009875
8009876
8009877
8009878
8009919
8009881
8009882
8009887
8009883
8009884
8009885
8009886
8009898
8009891
8009889
8009890
8009888
8009893
8009892
8009894
8009895
8009896
8009897
8009880
8009900
8009901
8009907
8009903
8009902
8009904
8009905
8009906
8009899
8009912
8009909
8009910
8009911
8009908
8009914
8009913
8009915
8009916
8009917
8009918
8009842
8009921
8009922
8009927
8009923
8009924
8009925
8009926
8009937
8009931
8009929
8009930
8009928
8009933
8009932
8009934
8009935
8009936
8009958
8009939
8009940
8009946
8009942
8009941
8009943
8009944
8009945
8009938
8009951
8009948
8009949
8009950
8009947
8009953
8009952
8009954
8009955
8009956
8009957
8009920
8009960
8009961
8009967
8009963
8009962
8009964
8009965
8009966
8009978
8009971
8009969
8009970
8009968
8009973
8009972
8009974
8009975
8009976
8009977
8009959
8009982
8009980
8009981
8009988
8009984
8009983
8009985
8009986
8009987
8009979
8009993
8009990
8009991
8009992
8009989
8009995
8009994
8009996
8009997
8009998
8009999
