1000
3999001
3999002
3999003
3999004
3999005
3999006
3999007
3999008
3999009
3999010
3999011
3999012
3999013
3999014
3999015
3999016
3999017
3999018
3999019
3999020
3999021
3999022
3999023
3999024
3999025
3999026
3999027
3999028
3999029
3999030
3999031
3999032
3999033
3999034
3999035
3999036
3999037
3999038
3999039
3999040
3999041
3999042
3999043
3999044
3999045
3999046
3999047
3999048
3999049
3999050
3999051
3999052
3999053
3999054
3999055
3999056
3999057
3999058
3999059
3999060
3999061
3999062
3999063
3999064
3999065
3999066
3999067
3999068
3999069
3999070
3999071
3999072
3999073
3999074
3999075
3999076
3999077
3999078
3999079
3999080
3999081
3999082
3999083
3999084
3999085
3999086
3999087
3999088
3999089
3999090
3999091
3999092
3999093
3999094
3999095
3999096
3999097
3999098
3999099
3999100
3999101
3999102
3999103
3999104
3999105
3999106
3999107
3999108
3999109
3999110
3999111
3999112
3999113
3999114
3999115
3999116
3999117
3999118
3999119
3999120
3999121
3999122
3999123
3999124
3999125
3999126
3999127
3999128
3999129
3999130
3999131
3999132
3999133
3999134
3999135
3999136
3999137
3999138
3999139
3999140
3999141
3999142
3999143
3999144
3999145
3999146
3999147
3999148
3999149
3999150
3999151
3999152
3999153
3999154
3999155
3999156
3999157
3999158
3999159
3999160
3999161
3999162
3999163
3999164
3999165
3999166
3999167
3999168
3999169
3999170
3999171
3999172
3999173
3999174
3999175
3999176
3999177
3999178
3999179
3999180
3999181
3999182
3999183
3999184
3999185
3999186
3999187
3999188
3999189
3999190
3999191
3999192
3999193
3999194
3999195
3999196
3999197
3999198
3999199
3999200
3999201
3999202
3999203
3999204
3999205
3999206
3999207
3999208
3999209
3999210
3999211
3999212
3999213
3999214
3999215
3999216
3999217
3999218
3999219
3999220
3999221
3999222
3999223
3999224
3999225
3999226
3999227
3999228
3999229
3999230
3999231
3999232
3999233
3999234
3999235
3999236
3999237
3999238
3999239
3999240
3999241
3999242
3999243
3999244
3999245
3999246
3999247
3999248
3999249
3999250
3999251
3999252
3999253
3999254
3999255
3999256
3999257
3999258
3999259
3999260
3999261
3999262
3999263
3999264
3999265
3999266
3999267
3999268
3999269
3999270
3999271
3999272
3999273
3999274
3999275
3999276
3999277
3999278
3999279
3999280
3999281
3999282
3999283
3999284
3999285
3999286
3999287
3999288
3999289
3999290
3999291
3999292
3999293
3999294
3999295
3999296
3999297
3999298
3999299
3999300
3999301
3999302
3999303
3999304
3999305
3999306
3999307
3999308
3999309
3999310
3999311
3999312
3999313
3999314
3999315
3999316
3999317
3999318
3999319
3999320
3999321
3999322
3999323
3999324
3999325
3999326
3999327
3999328
3999329
3999330
3999331
3999332
3999333
3999334
3999335
3999336
3999337
3999338
3999339
3999340
3999341
3999342
3999343
3999344
3999345
3999346
3999347
3999348
3999349
3999350
3999351
3999352
3999353
3999354
3999355
3999356
3999357
3999358
3999359
3999360
3999361
3999362
3999363
3999364
3999365
3999366
3999367
3999368
3999369
3999370
3999371
3999372
3999373
3999374
3999375
3999376
3999377
3999378
3999379
3999380
3999381
3999382
3999383
3999384
3999385
3999386
3999387
3999388
3999389
3999390
3999391
3999392
3999393
3999394
3999395
3999396
3999397
3999398
3999399
3999400
3999401
3999402
3999403
3999404
3999405
3999406
3999407
3999408
3999409
3999410
3999411
3999412
3999413
3999414
3999415
3999416
3999417
3999418
3999419
3999420
3999421
3999422
3999423
3999424
3999425
3999426
3999427
3999428
3999429
3999430
3999431
3999432
3999433
3999434
3999435
3999436
3999437
3999438
3999439
3999440
3999441
3999442
3999443
3999444
3999445
3999446
3999447
3999448
3999449
3999450
3999451
3999452
3999453
3999454
3999455
3999456
3999457
3999458
3999459
3999460
3999461
3999462
3999463
3999464
3999465
3999466
3999467
3999468
3999469
3999470
3999471
3999472
3999473
3999474
3999475
3999476
3999477
3999478
3999479
3999480
3999481
3999482
3999483
3999484
3999485
3999486
3999487
3999488
3999489
3999490
3999491
3999492
3999493
3999494
3999495
3999496
3999497
3999498
3999499
3999500
3999501
3999502
3999503
3999504
3999505
3999506
3999507
3999508
3999509
3999510
3999511
3999512
3999513
3999514
3999515
3999516
3999517
3999518
3999519
3999520
3999521
3999522
3999523
3999524
3999525
3999526
3999527
3999528
3999529
3999530
3999531
3999532
3999533
3999534
3999535
3999536
3999537
3999538
3999539
3999540
3999541
3999542
3999543
3999544
3999545
3999546
3999547
3999548
3999549
3999550
3999551
3999552
3999553
3999554
3999555
3999556
3999557
3999558
3999559
3999560
3999561
3999562
3999563
3999564
3999565
3999566
3999567
3999568
3999569
3999570
3999571
3999572
3999573
3999574
3999575
3999576
3999577
3999578
3999579
3999580
3999581
3999582
3999583
3999584
3999585
3999586
3999587
3999588
3999589
3999590
3999591
3999592
3999593
3999594
3999595
3999596
3999597
3999598
3999599
3999600
3999601
3999602
3999603
3999604
3999605
3999606
3999607
3999608
3999609
3999610
3999611
3999612
3999613
3999614
3999615
3999616
3999617
3999618
3999619
3999620
3999621
3999622
3999623
3999624
3999625
3999626
3999627
3999628
3999629
3999630
3999631
3999632
3999633
3999634
3999635
3999636
3999637
3999638
3999639
3999640
3999641
3999642
3999643
3999644
3999645
3999646
3999647
3999648
3999649
3999650
3999651
3999652
3999653
3999654
3999655
3999656
3999657
3999658
3999659
3999660
3999661
3999662
3999663
3999664
3999665
3999666
3999667
3999668
3999669
3999670
3999671
3999672
3999673
3999674
3999675
3999676
3999677
3999678
3999679
3999680
3999681
3999682
3999683
3999684
3999685
3999686
3999687
3999688
3999689
3999690
3999691
3999692
3999693
3999694
3999695
3999696
3999697
3999698
3999699
3999700
3999701
3999702
3999703
3999704
3999705
3999706
3999707
3999708
3999709
3999710
3999711
3999712
3999713
3999714
3999715
3999716
3999717
3999718
3999719
3999720
3999721
3999722
3999723
3999724
3999725
3999726
3999727
3999728
3999729
3999730
3999731
3999732
3999733
3999734
3999735
3999736
3999737
3999738
3999739
3999740
3999741
3999742
3999743
3999744
3999745
3999746
3999747
3999748
3999749
3999750
3999751
3999752
3999753
3999754
3999755
3999756
3999757
3999758
3999759
3999760
3999761
3999762
3999763
3999764
3999765
3999766
3999767
3999768
3999769
3999770
3999771
3999772
3999773
3999774
3999775
3999776
3999777
3999778
3999779
3999780
3999781
3999782
3999783
3999784
3999785
3999786
3999787
3999788
3999789
3999790
3999791
3999792
3999793
3999794
3999795
3999796
3999797
3999798
3999799
3999800
3999801
3999802
3999803
3999804
3999805
3999806
3999807
3999808
3999809
3999810
3999811
3999812
3999813
3999814
3999815
3999816
3999817
3999818
3999819
3999820
3999821
3999822
3999823
3999824
3999825
3999826
3999827
3999828
3999829
3999830
3999831
3999832
3999833
3999834
3999835
3999836
3999837
3999838
3999839
3999840
3999841
3999842
3999843
3999844
3999845
3999846
3999847
3999848
3999849
3999850
3999851
3999852
3999853
3999854
3999855
3999856
3999857
3999858
3999859
3999860
3999861
3999862
3999863
3999864
3999865
3999866
3999867
3999868
3999869
3999870
3999871
3999872
3999873
3999874
3999875
3999876
3999877
3999878
3999879
3999880
3999881
3999882
3999883
3999884
3999885
3999886
3999887
3999888
3999889
3999890
3999891
3999892
3999893
3999894
3999895
3999896
3999897
3999898
3999899
3999900
3999901
3999902
3999903
3999904
3999905
3999906
3999907
3999908
3999909
3999910
3999911
3999912
3999913
3999914
3999915
3999916
3999917
3999918
3999919
3999920
3999921
3999922
3999923
3999924
3999925
3999926
3999927
3999928
3999929
3999930
3999931
3999932
3999933
3999934
3999935
3999936
3999937
3999938
3999939
3999940
3999941
3999942
3999943
3999944
3999945
3999946
3999947
3999948
3999949
3999950
3999951
3999952
3999953
3999954
3999955
3999956
3999957
3999958
3999959
3999960
3999961
3999962
3999963
3999964
3999965
3999966
3999967
3999968
3999969
3999970
3999971
3999972
3999973
3999974
3999975
3999976
3999977
3999978
3999979
3999980
3999981
3999982
3999983
3999984
3999985
3999986
3999987
3999988
3999989
3999990
3999991
3999992
3999993
3999994
3999995
3999996
3999997
3999998
3999999
4000000
