100
1019795
1085732
1176917
1205560
1208082
1449562
1450457
1528018
1537727
1540561
1591769
1815539
1847108
1940057
2046518
2052256
2075554
2257483
2268278
2386177
2586036
2590438
2660280
2845257
2946790
2985600
3008000
3067880
3138355
3173538
3349988
3484200
3698495
3744190
3803143
3919682
3939581
4022845
4049173
4112236
4210546
4327899
4447671
4572010
4587939
4743932
4752112
4757001
4793410
4920930
4980259
5004504
5006057
5033740
5081624
5099545
5147283
5406006
5723020
5725085
5811080
6063008
6219628
6248376
6282187
6398369
6498128
6640204
6663689
6749332
6889058
6920223
7166667
7269384
7368539
7452433
7650400
7852017
7942043
8070656
8093382
8281847
8323386
8541069
8624579
8690803
8736379
8797367
8841181
8874588
9064566
9239258
9337337
9346810
9417971
9589760
9628562
9646163
9711410
9840218
