1000
1017469
1024286
1025230
1040881
1030286
1051666
1047400
1058755
1065499
1065904
1088777
1083642
1084603
1087199
1128568
1090324
1093626
1100209
1108900
1105134
1124518
1124189
1137934
1171054
1139050
1148477
1163808
1080350
1192697
1186797
1204354
1202534
1213535
1238545
1281086
1292457
1308357
1304604
1306206
1308556
1319842
1339574
1359918
1363268
1651042
1379078
1382578
1423219
1409775
1427643
1441052
1427946
1447321
1453651
1454128
1459300
1464108
1505853
1480199
1481703
1495067
1482911
1500946
1501935
1503312
1507442
1509374
1508844
1510456
1541182
1527301
1539135
1545190
1591906
1590576
1608992
1614470
1603865
1621150
1625416
1628635
1631472
1635345
1580024
1656974
1659385
1659888
1671187
1680373
1681868
1667042
1692167
1692549
1693838
1696883
1704264
1702075
1705091
1711709
1719741
1716176
1717959
1811165
1740567
1742935
1749841
1753776
1773793
1788836
1799214
1787613
1813465
1816217
1813393
1823313
1827354
1831190
1846034
1851161
1850551
1856378
1861139
1827916
1867775
1869291
1869997
1881624
1899172
1908046
1905909
1911842
1925126
1919114
1964362
1933090
1940976
1958080
1974492
1976486
1989905
2006613
2015797
1991431
2030588
2034536
2055144
2056017
2027874
2079881
2074614
2097538
2110351
2105035
2112915
2121770
2448274
2144101
2144254
2146082
2156793
2160157
2161170
2213622
2195024
2196362
2211499
2235693
2236599
2242420
2276682
2275816
2278414
2288356
2293435
2293664
2321369
2304035
2309756
2316173
2333520
2232214
2336910
2358738
2350832
2354867
2376635
2424666
2415291
2440661
2440283
2458850
2238271
2484402
2484940
2482162
2504875
2506386
2508172
2515893
2519901
2530787
2534640
2544773
2560891
2615119
2583550
2595050
2606190
2648110
2651445
2651488
2652093
2639001
2662688
2672399
2719726
2709093
2723926
2726706
2738577
2724744
2762884
2771654
2777227
2778461
2786016
2789973
2813765
2809452
2796764
2839566
2847919
2851454
2866039
2866026
2870359
2872483
3045714
2885640
2884509
2890686
2893465
2897762
2887109
2910973
2952866
2944343
3026777
3002586
3015995
3018549
3052731
3060323
3068266
3068321
3118258
3100119
3110396
3113278
3116841
3131303
3131524
3131574
3143272
3140648
3144971
3143183
3151565
3041530
3158839
3159116
3181962
3172317
3181828
3190524
3266466
3228641
3248326
3250232
3311744
3298962
3299019
3299761
3300498
3305385
3313399
3351117
3329056
3342002
3350978
3351817
3353056
3354086
3374623
3381288
3390401
3391373
3392339
3396581
3395777
4393429
3437206
3456431
3474457
3493845
3494438
3530130
3505322
3508297
3530697
3556589
3560343
3568044
3614921
3587593
3612165
3617573
3711209
3638428
3646322
3672807
3676603
3707226
3694059
3699439
3726514
3721581
3726449
3742615
3750759
3879255
3759517
3768846
3775007
3770865
3793324
3766917
3805076
3817300
3826711
3865223
3923812
3888549
3899220
3898013
3901665
3930226
3933489
4158037
3935216
3940073
3946827
3949800
3956130
3955068
3961394
3975146
3978367
3980070
3988055
3982201
4000420
4016850
4025349
4031184
4042904
4049331
4171155
4086027
4100210
4103181
4115591
4119083
4119255
4130848
4129672
4119740
4164712
4183075
4193042
4197495
4172016
4217091
4228452
4229331
4258278
4259558
4293596
4309686
4312979
4318178
3995132
4352729
4342283
4368744
4381556
4426092
4393061
4447919
4445643
4459713
4461684
4497810
4462306
4471328
4474271
4498797
4489676
4526657
4524710
4530805
4535685
4550156
4541145
4549462
4549734
4570419
4564758
4582384
4667488
4583566
4634007
4613696
4638661
4661392
4670647
4644886
4693447
4705447
4709111
4709200
4711228
4702749
4727737
4737269
4738770
4746930
4852003
4760094
4760191
4764625
4767272
4759650
4785698
4793602
4801670
4808327
4818409
4844898
4787055
4856687
4865844
4880700
4908880
4920050
4928873
4939386
4429804
4955118
4964156
4982986
4981965
5005149
5011570
5041909
5022585
5052448
5063347
5078818
5090876
5091847
5092872
5094903
5099481
5131797
5140414
5094635
5159294
5167990
5179879
5197822
5207932
5205687
5214500
5213895
5226261
5300659
5284889
5285524
5293043
5322688
5327365
5207904
5363881
5357537
5375595
5379179
5410532
5420650
5421555
5360907
5441297
5456855
5476002
5501701
5508112
5451129
5520554
5529448
5530519
5574152
5590611
5591570
5750221
5601997
5603869
5613261
5609260
5621396
5651779
5664870
5663288
5668016
5685897
5670372
5672971
5691361
5717545
5709879
5720489
5718499
5742339
5769529
5759071
5771499
5808184
5791426
5802663
5817243
5810833
5821841
5835693
5831078
5838993
5856571
5843964
5847674
5878900
5870293
5876240
5836303
5893385
5899565
5898098
5927450
5924685
5930305
5929754
5933254
5933539
5941442
5956261
5942933
5949023
5955387
5964251
5977451
5972213
5988629
6028980
5822571
6037522
6051195
6044395
6059725
6060527
6061103
6062053
6075980
6076490
6097020
6095851
6119752
6170951
6130452
6132066
6132581
6136976
6151399
6150529
6154287
6175037
6189584
6155054
6244542
8063090
6280212
6311473
6329710
6341449
6347305
6379244
6385829
6370421
6390321
6393936
6402333
6400893
6397222
6409405
6413889
6381852
6426284
6446371
6436717
6448539
6472251
6462163
6468240
6485318
6481040
6489285
6492644
6517170
6529940
6522461
6555061
6547184
6566954
6587700
6580120
6580935
6590453
6599179
6597006
6690418
6607050
6610719
6624811
6623763
6632837
6631978
6631964
6651606
6663396
6664429
6658703
6669121
6670438
6673499
6677234
6739432
6694453
6731567
6741583
6746095
6748807
6749106
6751574
6760108
6761354
6763568
6771285
6584195
6788997
6792499
6797965
6816381
6818521
6910680
6877714
6888019
6909997
6899952
6902936
6908534
6918346
6921464
6922663
6934461
6978463
6967023
6967096
6978455
6980181
6992528
6986836
7101153
7017527
7022361
7026250
7011228
7053138
7054296
7060000
7079219
7107881
7082553
7064229
7161399
7167955
7175396
7180830
7179999
7184443
7219403
7218268
7232958
7234155
7239547
6984144
7282418
7283535
7289005
7289248
7298289
7322260
7339236
7341184
7345955
7352925
7353756
7396973
7407081
7398473
7424887
7426591
7439232
7424204
7452511
7451306
7467716
7475284
7475544
7381562
7481008
7481173
7481997
7485627
7494659
7498212
7500685
7500429
7488326
7517772
7521281
7534704
7494920
7537302
7551843
7554016
7587698
7569428
7571977
7601980
7593127
7596721
7618539
7609024
7623183
7576970
7657869
7678637
7668491
7691988
7690089
7693882
7697418
7700717
7710276
7716065
7719611
7734697
7739112
7754194
7932309
7772756
7785989
7805026
7827017
7839776
7848698
7856821
7872023
7914616
7882360
7887340
7909034
7906995
7947067
7914777
7914815
8955674
7976893
7996719
7985546
8006824
8006987
8012257
8025567
8020741
8051887
8044071
8050329
8121207
8058069
8063384
8056521
8075115
8078866
8087905
8080735
8121197
8124606
8126460
8131286
8154024
8146110
8148603
8144405
8201047
8204333
8209704
8209639
8239319
8255132
8255302
8260526
8316990
8327480
8251576
8355241
8383945
8360082
8405758
8431439
8433004
8433842
8441183
8473900
8484399
8503207
8511966
8514049
8541902
8552526
8563028
8921669
8567375
8567326
8580008
8595120
8583663
8607019
8604180
8612315
8613383
8618938
8618268
8619621
8646958
8634617
8648300
8650914
8655609
8675631
8689918
8693590
8728285
8824588
8803589
8851134
8855656
8879472
8848589
8919264
8925757
8952630
8953774
8960227
8975246
8977908
9004142
9022199
8984817
9035072
9036419
9073143
9075212
9077975
9082396
9089106
9123537
8772264
9164712
9173275
9172901
9174292
9177420
9202596
9213098
9216644
9231978
9236466
9243292
9251194
9256409
9256435
9274837
9267219
9279103
9282089
9292152
9344560
9307187
9309051
9319723
9317323
9332901
9325156
9345474
9352288
9379705
9356606
9359177
9376563
9380490
9421649
9397650
9408525
9422528
9432064
9436630
9441826
9445120
9457979
9460462
9475500
9502707
9485132
9482259
9494725
9495539
9501223
9504873
9529538
9532248
9539448
9540882
9555281
9560292
9566959
9572105
9579541
9619316
9593769
9609104
9604239
9607897
9612822
9519775
9633988
9636737
9638970
9641750
9661995
9677358
9676609
9688006
9691571
9694332
9694903
9729044
9754139
9749698
9991946
9761190
9762897
9801182
9795458
9814814
9808236
9853413
9857372
9883905
9884675
9879112
9891050
9894487
9906701
9923783
9910556
9914030
9917716
9924425
9964013
9945121
9952763
9970451
9995240
