10000
1002338
1003142
1004404
1004514
1004660
1006805
1009041
1009694
1009738
1010514
1014828
1011440
1013032
1013429
1013961
1013820
1015817
1015874
1016849
1022049
1018566
1019174
1019811
1019956
1021200
1021209
1021770
1021782
1017074
1023698
1024430
1025202
1025247
1027312
1027828
1028651
1031475
1029510
1029872
1031174
1030734
1030838
1030466
1032472
1039005
1039132
1039845
1062999
1041976
1040583
1043920
1043856
1044116
1045892
1043532
1046871
1046994
1048692
1050726
1052216
1052853
1053444
1054089
1071822
1058732
1060589
1064738
1063307
1064368
1064706
1065979
1066054
1066888
1067021
1069671
1070311
1071093
1071791
1072213
1073494
1073732
1074037
1076370
1077320
1078873
1077781
1079046
1081131
1085655
1085373
1085148
1085953
1089048
1089346
1089580
1107378
1090151
1090678
1092243
1093873
1093067
1094913
1098874
1099165
1100216
1103697
1108642
1104534
1105456
1105986
1108647
1108734
1102740
1109333
1110377
1111611
1112976
1113185
1114565
1115053
1116238
1118664
1117662
1118133
1118816
1119529
1125190
1122619
1122889
1125107
1125114
1123670
1126545
1126502
1126851
1126871
1128096
1133140
1130101
1130104
1129390
1130623
1131771
1131551
1134079
1146821
1137431
1137424
1138273
1138281
1137749
1139051
1140139
1146701
1142586
1143657
1143093
1146322
1147051
1147538
1147940
1149588
1149147
1150327
1151292
1200774
1152832
1153268
1153100
1153518
1156678
1155321
1155368
1157315
1157481
1157737
1158267
1159635
1160290
1162705
1164161
1164780
1167730
1167624
1169905
1170251
1171121
1174958
1173440
1174416
1174828
1173126
1177398
1178122
1178350
1179366
1181135
1180348
1180075
1180556
1180756
1181247
1182642
1182524
1184469
1182862
1186121
1207211
1188112
1189877
1194841
1194986
1196507
1195630
1197836
1199363
1200541
1201839
1192485
1202651
1202969
1207986
1207029
1210356
1209034
1211891
1211934
1212138
1213266
1213809
1214746
1216290
1216646
1216870
1217537
1217414
1220383
1218544
1219103
1219312
1219763
1219773
1221916
1221483
1225543
1224050
1224168
1226952
1227810
1229264
1229685
1230042
1230457
1230874
1233846
1234628
1234763
1215209
1237317
1237621
1238250
1238883
1239032
1239648
1240994
1240609
1241774
1243645
1242914
1243368
1245915
1248238
1251597
1251049
1251832
1248237
1253385
1254533
1254013
1259002
1256805
1258182
1261485
1261583
1268430
1267942
1268186
1268348
1270762
1269959
1271042
1272676
1273467
1273764
1274323
1275579
1276995
1273686
1277262
1278228
1278673
1279420
1279441
1280419
1280803
1282129
1280659
1284958
1286934
1287324
1287957
1295929
1288724
1290150
1291789
1294786
1293045
1293744
1293818
1302926
1296293
1296785
1299174
1300344
1300545
1300738
1303804
1302482
1303917
1304316
1304941
1305401
1305775
1308760
1306067
1306177
1308267
1300546
1310476
1312556
1314772
1314980
1315766
1315789
1313042
1316630
1317413
1318018
1319125
1319156
1318550
1320064
1320285
1321026
1320998
1321518
1429425
1323992
1324505
1326328
1329258
1327478
1327572
1328148
1328837
1328927
1330675
1331143
1334871
1335032
1335164
1343992
1338734
1339624
1339641
1340323
1340336
1340669
1346504
1344156
1346110
1345669
1346721
1347352
1347385
1349666
1358421
1351561
1351637
1351885
1352115
1352618
1352931
1353998
1356414
1356825
1357292
1358990
1358955
1357164
1361871
1362585
1363010
1363112
1364977
1365027
1368669
1366003
1366530
1367552
1368590
1369864
1369955
1388458
1374530
1374736
1374927
1377000
1377197
1379657
1384984
1383553
1385226
1389576
1387293
1387982
1398616
1395060
1395565
1397791
1399280
1399246
1399945
1401062
1401802
1403828
1405034
1346565
1405852
1408904
1408177
1408576
1408885
1409655
1410073
1411064
1411795
1417990
1415565
1415862
1417078
1417136
1417162
1417749
1427595
1420830
1420957
1422910
1423099
1423200
1423972
1426659
1426338
1427357
1428619
1428728
1423473
1430459
1430572
1433346
1433509
1433639
1431422
1434384
1435677
1435658
1436017
1436084
1437612
1437094
1439326
1438365
1440513
1440578
1428638
1441932
1442320
1442497
1443357
1447776
1444988
1449768
1450299
1450178
1451043
1451039
1453063
1454135
1454176
1446682
1456870
1456219
1458313
1460072
1462845
1460909
1463841
1464284
1465109
1715925
1465683
1467685
1468387
1467615
1469962
1470599
1470733
1471586
1476798
1472497
1473298
1474213
1475428
1475722
1478696
1478408
1479136
1479053
1479252
1480426
1479048
1482505
1482110
1483380
1483567
1483964
1485263
1487604
1488020
1489348
1489446
1489931
1489139
1491223
1506023
1493805
1493157
1494700
1498025
1503822
1499328
1500947
1501510
1502998
1503279
1504572
1504669
1505437
1505973
1505940
1504439
1506696
1507781
1507933
1508034
1510574
1510194
1511233
1511843
1511817
1514259
1515941
1516228
1528780
1518649
1517796
1520247
1520208
1521170
1523139
1523164
1524084
1524180
1531342
1528901
1528518
1529951
1531750
1530607
1531835
1532215
1532425
1520906
1535572
1536330
1536604
1536893
1539083
1538106
1537895
1538544
1542064
1540466
1543265
1543286
1543849
1544001
1544138
1544228
1551248
1547137
1547307
1547865
1548141
1548138
1548157
1550779
1550657
1550809
1553152
1552942
1552982
1554148
1556135
1555267
1555625
1555670
1555924
1555964
1559172
1559847
1549864
1561878
1563241
1565797
1565727
1566668
1569937
1570271
1570344
1594237
1573339
1573856
1574673
1574301
1574449
1574925
1575225
1579910
1578760
1580277
1582150
1581909
1584260
1584204
1583782
1586834
1586925
1587862
1596277
1589310
1590197
1590262
1591077
1590978
1591516
1591418
1592071
1593103
1594041
1595363
1596236
1596988
1597386
1597440
1597626
1679310
1600124
1600389
1600814
1600973
1602046
1601534
1601607
1601735
1603416
1602949
1603321
1603479
1603980
1604617
1604098
1607311
1608058
1608855
1609107
1609757
1610391
1611072
1609458
1612428
1613191
1615064
1615429
1615862
1615826
1616721
1619801
1618995
1619565
1619415
1620528
1621561
1622507
1622732
1622979
1627606
1625641
1626182
1626337
1626385
1627418
1636889
1629229
1629872
1630315
1630675
1631006
1633516
1634072
1634910
1636139
1636539
1637163
1637570
1638815
1638994
1644975
1640653
1643517
1642892
1643334
1685833
1645397
1647208
1647611
1647653
1647996
1647971
1649318
1649925
1650360
1650612
1650500
1655919
1652025
1652120
1652026
1652748
1654695
1654044
1664745
1656259
1657242
1662083
1659724
1664537
1664572
1665468
1666104
1665957
1666871
1666502
1666862
1667206
1667664
1669966
1669047
1669447
1678316
1672431
1674180
1674524
1674981
1675237
1675904
1677377
1679248
1678390
1679661
1680184
1680648
1681011
1681316
1683530
1682974
1685423
1686440
1687712
1686930
1687224
1687314
1688145
1688684
1690038
1691252
1691969
1693302
1696786
1695454
1691892
1697744
1698147
1699844
1700144
1699231
1701876
1702291
1702439
1560100
1703826
1705196
1705601
1704285
1708313
1709277
1709364
1711682
1710082
1711181
1711423
1707001
1711855
1713813
1715515
1716103
1717125
1718330
1716562
1719189
1718893
1719492
1718799
1720658
1728010
1722494
1722890
1722449
1723778
1724617
1725714
1724765
1724168
1726925
1727239
1727502
1727658
1727845
1728624
1732188
1760298
1734052
1734356
1734567
1737686
1738275
1740094
1740639
1743459
1743095
1756898
1746633
1746668
1746732
1747668
1752293
1749789
1751549
1751633
1752544
1750829
1753886
1753949
1754858
1755316
1761098
1758969
1764447
1763084
1763134
1763092
1763425
1764860
1764222
1765603
1768729
1766814
1764999
1769945
1772431
1772626
1773147
1775688
1777047
1776164
1778205
1778823
1784036
1805171
1787486
1787834
1788803
1788698
1791930
1794808
1796238
1795161
1801339
1799800
1802461
1802922
1803639
1803979
1815807
1805673
1807693
1811968
1809345
1810246
1811706
1811627
1812770
1812032
1813208
1813671
1813741
1814994
1815496
1816363
1816522
1815595
1816614
1817485
1817845
1874982
1823528
1825847
1825497
1826267
1826498
1827058
1827867
1828313
1829479
1828326
1832156
1833531
1833713
1833877
1833895
1834523
1835856
1836151
1837014
1837094
1842386
1840347
1842589
1841604
1845515
1844602
1845182
1840799
1846542
1848059
1849182
1847198
1850269
1851672
1851807
1852078
1852024
1852220
1852394
1853823
1854786
1854415
1855433
1855494
1858697
1857182
1858094
1876842
1859792
1859856
1859971
1859956
1860262
1861280
1862457
1862558
1862625
1864555
1865109
1863323
1867297
1867610
1868274
1873463
1868526
1868989
1869976
1870360
1871235
1868910
1876029
1879831
1880215
1880919
1881715
1881789
1881700
1882254
1845209
1882967
1884842
1885175
1890682
1889559
1889999
1891432
1890505
1893238
1894091
1894283
1898849
1895478
1897721
1897786
1898206
1899276
1899681
1901173
1901422
1901510
1901686
1902223
1911252
1906692
1909239
1908101
1909818
1914082
1915736
1916824
1919417
1919588
1920188
1919701
1921601
1923536
1922073
1923372
1924496
1925473
1925532
1921741
1928125
1930324
1928792
1932231
2020912
1936772
1937191
1933684
1939483
1941883
1941553
1940424
1944188
1943729
1945154
1945633
1947649
1946141
1946005
1946399
1946539
1947294
1948936
1937640
1951970
1952769
1954669
1954843
1956153
1955462
1957714
1960550
1960163
1960692
1961205
1961520
1954717
1963414
1963656
1963752
1964974
1965658
1966382
1966548
1966606
1963518
1967159
1970032
1970710
1971435
1973023
1971824
1974174
1995038
1974996
1975040
1975467
1976230
1977187
1977429
1981085
1978547
1982192
1987048
1984298
1984569
1987163
1988724
1990417
1989663
1991720
1991249
1991923
1992055
1991991
1992538
1994749
1998324
1997209
1996606
1998281
2001869
1999334
2000206
2001496
2000990
2000806
2002702
2003245
1992382
2005821
2009091
2012638
2012122
2014210
2015081
2008222
2015858
2016347
2017323
2017383
2018599
2023252
2020981
2021402
2023143
2023622
2025300
2025656
2026075
2034584
2029466
2030018
2032511
2032570
2034626
2035543
2014821
2036621
2037048
2037111
2039484
2040579
2044462
2042588
2042998
2043414
2044721
2045248
2044415
2046420
2046882
2047111
2040564
2049215
2049855
2050256
2050761
2051205
2051422
2051506
2048535
2052493
2052996
2053879
2056720
2056319
2057251
2057597
2057684
2063890
2062151
2062435
2062528
2062596
2063878
2114508
2066222
2067782
2067539
2069268
2069297
2070556
2071433
2077887
2072886
2072947
2073480
2075551
2076696
2080991
2077917
2077614
2078760
2080291
2079935
2081734
2081816
2082976
2083670
2083845
2084095
2084573
2085721
2094246
2086321
2086971
2088588
2088813
2090666
2089774
2090118
2089949
2092013
2092090
2093029
2093357
2094298
2094695
2095826
2096118
2096290
2097921
2097538
2098256
2099091
2098941
2099260
2100802
2100904
2101168
2098458
2102515
2102754
2103973
2111978
2105973
2106595
2107462
2107946
2108068
2108397
2112323
2110402
2112504
2115056
2113867
2113973
2124628
2116819
2116882
2118515
2118590
2119040
2119595
2120179
2121324
2123709
2124534
2127247
2125824
2126516
2126586
2126732
2143506
2127950
2128553
2128336
2129914
2129926
2131872
2131897
2133485
2134189
2137729
2137541
2137142
2139758
2142006
2141742
2142267
2142004
2142560
2142910
2145205
2151737
2147934
2147719
2150064
2150711
2156480
2152408
2152148
2155768
2156037
2158124
2158101
2158738
2159871
2160616
2163812
2161023
2161596
2161283
2163826
2165574
2165076
2166278
2167484
2172397
2168214
2168298
2169120
2169467
2169534
2169607
2170214
2171438
2171530
2171714
2175541
2172737
2173397
2173283
2174263
2176199
2175978
2176094
2205063
2178759
2179034
2180082
2180395
2182263
2181140
2183012
2183935
2184041
2184001
2184228
2184230
2184909
2186689
2187386
2187534
2188410
2189427
2191415
2193895
2194140
2184826
2194928
2195959
2196004
2196551
2197935
2199705
2199301
2200265
2204981
2202280
2203175
2203659
2205095
2205916
2208744
2207600
2211020
2219780
2212666
2214472
2217166
2217050
2218066
2219679
2220156
2221205
2225027
2223835
2225287
2225447
2226021
2892317
2227509
2228010
2229501
2230488
2232281
2232436
2233949
2234253
2238044
2236019
2236576
2248891
2244190
2244445
2241935
2246734
2246968
2247217
2248597
2249067
2252562
2251170
2252340
2253817
2253929
2255177
2252175
2255584
2258246
2258550
2258847
2258748
2259100
2259715
2260736
2260991
2267351
2263659
2264238
2264612
2265494
2268397
2266590
2267110
2285627
2269858
2269926
2272849
2272965
2274038
2273998
2275629
2278789
2279657
2269528
2281016
2283603
2281122
2283889
2285391
2285255
2286143
2286847
2285376
2288980
2289250
2287484
2290299
2290221
2291970
2292255
2292267
2292644
2301041
2294260
2297154
2301497
2298318
2300275
2300537
2302815
2302353
2302716
2303062
2303390
2306323
2305043
2306191
2306245
2306472
2314454
2312085
2313196
2314930
2305981
2318633
2318933
2319621
2319312
2320268
2322854
2322456
2323206
2322083
2323668
2324616
2324821
2326679
2347798
2328244
2328585
2329758
2327043
2330805
2330976
2332666
2332755
2332923
2336020
2334905
2335280
2340285
2339856
2339503
2340270
2340903
2341441
2345677
2346153
2348107
2391111
2348757
2350198
2351191
2350841
2352642
2354586
2355094
2356438
2356534
2362569
2363229
2364514
2364000
2365168
2356579
2365984
2367154
2371601
2371017
2372989
2375150
2375256
2375991
2376004
2376440
2371042
2376680
2377707
2377604
2378257
2378569
2378591
2379598
2382078
2380099
2380776
2382203
2382020
2383251
2385550
2386453
2387852
2349623
2391605
2391294
2392560
2393107
2393649
2393572
2394056
2394593
2396225
2400670
2397886
2396571
2402424
2404982
2405397
2405420
2405840
2411758
2410578
2403139
2412971
2413670
2413680
2413484
2415847
2417103
2417180
2413881
2417917
2418127
2418197
2418760
2419767
2420501
2420790
2420860
2421518
2417987
2422756
2423278
2424520
2425591
2426188
2426648
2427771
2427075
2427327
2427726
2433134
2431924
2432381
2435264
2259227
2437332
2438111
2438342
2440906
2441360
2445373
2441862
2442908
2442397
2446126
2445212
2446622
2447872
2450802
2450115
2459081
2452274
2453084
2455761
2454825
2455077
2454618
2457768
2457649
2458750
2459713
2461073
2461993
2464140
2465006
2468355
2466085
2466465
2466642
2467219
2469160
2469998
2470038
2485430
2473134
2474561
2474919
2476865
2477631
2479202
2479202
2477935
2479978
2480561
2480954
2481101
2483134
2486037
2486300
2487780
2487671
2489829
2490988
2491450
2495819
2491940
2492350
2492811
2498888
2496697
2499246
2499163
2500259
2501199
2502044
2502111
2506627
2504867
2505303
2507498
2506513
2506907
2516686
2510210
2511055
2512773
2511942
2514931
2515598
2512559
2516359
2516625
2517210
2519012
2519461
2520111
2515510
2520745
2521999
2522500
2522333
2524391
2525229
2516815
2527121
2530692
2531076
2531818
2533911
2532124
2536342
2581340
2539188
2541044
2541671
2541222
2543489
2543722
2545360
2546181
2548487
2547170
2547948
2547786
2558025
2551411
2554169
2552996
2556106
2557395
2558238
2559523
2559716
2560574
2562001
2559776
2562166
2564360
2564802
2572501
2566049
2566385
2569313
2569576
2570647
2566861
2572322
2573923
2573375
2576499
2575619
2576595
2576590
2577024
2577571
2580215
2578827
2580132
2580116
2581116
2581245
2582899
2582841
2553758
2583937
2584908
2584772
2585273
2588070
2587297
2588143
2589111
2594951
2593527
2593585
2593855
2597944
2597501
2596568
2598475
2598091
2600741
2601299
2602343
2602485
2603095
2603117
2600438
2605769
2605950
2606307
2606446
2606124
2606798
2614100
2609669
2609801
2611850
2612553
2612255
2613000
2614462
2615352
2627181
2618867
2619165
2621336
2619077
2623905
2623983
2626841
2630490
2630123
2630333
2631224
2631170
2631970
2631411
2631681
2631926
2632328
2632189
2633552
2635623
2639206
2637019
2641240
2639649
2641413
2641496
2642697
2642615
2643062
2643088
2643348
2643656
2655770
2644318
2648984
2647687
2649301
2651806
2650593
2650678
2652496
2652873
2654358
2654417
2655348
2657206
2657895
2664058
2660452
2662435
2663671
2664176
2666370
2660970
2667139
2667175
2668011
2668222
2669546
2670243
2671721
2672015
2671881
2672257
2674365
2674817
2677903
2677730
2677739
2678435
2679160
2679689
2680153
2682667
2681683
2657628
2685029
2686266
2686269
2686435
2688175
2689184
2689450
2689482
2690677
2690979
2695569
2694375
2697576
2698344
2699207
2686802
2700551
2701653
2701640
2704550
2706435
2711302
2706873
2709518
2708240
2709279
2712190
2713110
2713438
2713745
2715926
2714626
2715113
2715807
2717012
2720052
2719003
2720403
2720444
2720461
2784254
2722802
2723936
2724101
2725102
2726451
2726638
2726544
2725838
2728275
2730716
2736815
2731300
2736569
2736621
2737594
2739363
2738297
2739487
2742406
2741082
2741346
2741411
2741381
2743608
2742740
2743258
2721668
2746958
2747447
2747836
2748158
2750097
2750826
2750304
2751386
2755020
2751955
2752307
2753512
2756584
2758613
2770369
2761479
2762597
2762634
2762171
2763304
2763395
2763738
2765043
2762857
2765584
2766056
2766064
2766175
2767458
2767674
2769274
2760138
2770690
2771283
2773296
2772500
2773835
2772843
2777135
2776824
2779034
2780508
2780561
2786600
2785818
2788548
2807049
2788929
2792094
2791971
2794222
2795370
2796694
2797097
2797843
2799834
2799194
2800200
2805420
2802033
2802338
2803531
2803413
2803642
2804874
2805057
2806523
2809643
2808405
2809950
2810100
2811830
2812085
2813018
2812553
2813688
2814085
2814663
2817589
2816825
2818603
2818721
2821867
2820939
2821506
2822818
3035370
2825392
2826512
2827167
2827310
2827589
2828049
2828869
2828649
2830832
2831151
2833673
2834032
2834934
2831721
2836989
2837155
2838438
2838536
2842607
2843553
2841325
2845226
2845530
2845737
2847426
2847902
2848820
2850300
2849125
2849901
2852921
2852958
2853312
2853958
2853997
2856532
2857141
2857432
2857150
2858255
2861008
2862308
2857809
2864985
2865880
2866164
2866199
2866591
2869569
2869636
2869348
2870237
2870717
2870598
2871944
2871988
2875925
2876216
2876108
2877826
2878718
2866595
2880342
2882511
2882741
2883648
2883703
2883759
2882835
2884871
2884890
2885267
2889502
2886480
2886617
2886718
2886765
2886194
2887870
2890063
2890153
2888305
2892394
2891688
2893003
2893112
2894326
2896376
2896572
2897197
2897922
2898694
2901536
2863446
2904126
2904484
2904513
2906065
2907020
2905206
2907154
2909057
2909459
2909609
2910012
2911553
2920264
2913700
2915592
2919265
2917671
2917709
2917794
2922171
2922645
2922958
2905993
2925640
2926622
2926991
2927519
2927922
2927732
2928226
2930688
2930092
2930473
2931179
2931793
2932515
2938748
2933734
2935508
2937588
2938179
2938377
2939059
2940660
2940475
2940803
2944965
2945021
2945638
2946011
2948253
2947223
2951424
2951814
2957751
2954070
2956016
2956027
2956835
3052920
2958467
2963821
2972307
2971075
2971121
2970284
2973562
2979990
2977094
2977334
2977861
2979531
2982317
2982965
2985128
2984491
2984884
2986315
2986608
2986670
2995329
2987687
2988684
2989477
2990284
2993328
2993205
2995514
2996032
2997060
2997728
3002442
3000379
3005157
3004504
3006609
3006836
3016568
3009958
3014319
3012488
3015229
3015508
3015614
3016290
3016306
3016507
3019331
3022255
3023138
3023606
3026448
3026503
3027019
3028276
3028629
3035151
3030174
3031195
3031350
3030174
3032325
3033176
3036479
3033369
3034908
3038625
3033941
3043070
3042852
3045596
3047249
3013055
3048242
3049663
3050462
3052508
3052934
3054472
3054768
3055537
3055463
3060619
3061034
3061700
3062382
3063240
3059964
3065372
3066357
3066997
3069890
3070640
3081749
3071109
3072535
3073598
3074124
3074838
3076859
3073228
3078972
3079378
3080297
3080082
3082398
3082696
3081490
3083954
3096679
3087067
3088527
3088759
3087932
3090920
3096195
3092074
3094415
3093358
3095611
3096903
3097067
3112689
3097677
3097812
3098529
3099632
3100161
3100775
3099294
3102269
3102669
3104210
3105538
3116578
3111025
3112650
3112710
3112002
3115216
3116249
3117273
3118339
3118387
2472761
3118890
3119869
3120822
3120958
3118782
3121624
3122812
3122989
3123070
3123847
3119749
3126493
3125221
3126837
3127976
3128409
3128843
3138260
3129494
3129788
3130187
3132585
3132680
3132951
3133729
3134273
3131249
3137562
3139376
3139542
3139553
3140278
3140800
3141156
3142242
3142849
3144393
3143768
3144093
3144862
3145033
3146435
3146021
3121728
3148018
3148957
3150583
3150052
3148533
3151726
3151752
3153478
3154137
3161563
3155300
3156466
3156007
3157902
3159212
3159617
3157529
3161198
3163364
3163689
3154020
3167688
3168808
3168825
3170391
3167980
3171789
3170937
3172301
3172378
3172732
3172669
3173229
3173601
3173704
3174083
3175274
3174588
3177560
3178207
3178081
3178192
3235545
3178798
3179096
3179444
3179460
3179928
3180474
3181063
3181210
3182251
3182360
3184435
3188472
3187129
3187289
3184369
3189713
3193170
3191542
3193056
3193520
3195742
3196164
3197215
3213317
3199549
3202710
3201983
3202171
3201907
3203603
3205657
3208707
3205791
3206443
3210653
3210232
3210592
3214747
3200597
3216299
3215658
3219510
3219669
3220609
3222280
3222908
3223034
3218725
3224546
3224735
3224991
3226816
3226819
3229105
3227388
3227582
3227924
3228001
3228339
3229273
3229324
3227601
3229823
3231290
3231292
3231417
3231912
3237054
3235205
3237243
3240568
3247148
3243393
3243413
3243769
3244570
3246388
3245364
3245554
3245683
3250340
3247804
3249160
3248562
3250525
3251227
3258082
3254992
3255425
3256662
3257740
3258228
3258453
3259023
3258359
3259847
3260076
3260363
3262769
3261359
3262691
3263203
3264766
3264177
3214328
3267282
3267499
3268212
3269383
3271021
3273409
3272475
3274651
3272943
3275782
3275860
3276035
3276289
3278498
3280670
3281166
3283386
3288637
3285880
3288715
3291324
3291348
3291541
3305984
3292297
3293455
3294058
3296747
3296016
3297817
3298109
3298899
3299416
3301227
3302320
3304393
3303830
3304632
3306318
3305395
3305392
3305463
3312949
3308555
3309106
3312590
3312659
3312395
3315022
3315913
3316821
3318036
3319433
3318746
3319025
3320480
3320601
3327472
3321693
3322512
3323487
3324745
3323865
3325859
3329560
3330056
3331654
3328844
3333955
3335713
3336003
3336129
3336364
3334040
3338156
3338439
3338423
3338534
3338834
3339175
3339924
3340280
3351853
3341490
3342563
3342977
3344559
3345388
3345789
3348525
3349280
3349389
3351289
3354647
3352393
3354241
3495375
3356630
3361618
3362074
3362175
3363363
3367565
3365452
3365922
3366251
3365528
3366971
3367472
3367551
3370765
3371606
3372210
3372247
3371324
3374522
3375563
3376273
3376447
3379582
3379661
3380023
3383835
3380341
3381943
3382659
3383062
3381703
3384788
3390595
3387154
3387383
3386433
3387851
3387928
3388543
3389000
3391033
3418548
3393807
3393970
3395482
3397454
3397709
3398253
3398574
3403673
3400413
3401440
3404366
3404553
3404562
3404963
3406580
3406108
3409150
3419419
3410701
3412308
3412349
3412854
3414970
3413663
3414602
3416268
3416634
3418622
3419663
3421548
3421661
3421134
3426166
3426669
3427978
3427427
3420939
3430425
3432728
3432926
3433621
3433980
3434187
3435578
3435544
3436396
3436452
3436862
3437923
3439521
3440287
3439672
3441962
3441947
3443576
3444221
3445110
3445132
3447019
3447227
3422991
3449035
3449935
3451806
3455632
3454197
3454512
3455400
3456328
3458429
3459396
3459049
3459719
3459916
3459825
3460637
3461886
3468465
3463042
3463468
3465084
3465014
3465725
3466035
3466892
3469381
3469492
3470147
3470164
3470470
3470670
3470819
3474235
3473625
3474668
3473510
3476384
3477046
3477396
3476562
3478028
3478565
3478490
3479356
3479537
3479673
3481502
3490706
3483056
3483507
3484859
3488742
3489194
3490166
3489008
3492682
3494835
3493941
3495345
3400278
3499620
3499629
3499892
3501251
3499332
3502211
3502700
3504159
3506164
3505723
3504613
3507746
3509063
3511262
3509642
3511316
3511935
3501770
3512682
3513551
3518452
3515821
3513781
3519998
3520006
3520628
3520987
3522410
3523470
3523834
3510180
3526313
3528031
3531644
3531920
3533845
3532991
3533987
3534312
3534257
3528258
3536434
3538100
3538439
3540972
3541669
3542530
3542665
3542438
3543307
3544542
3579764
3545001
3545762
3546741
3546797
3547979
3548312
3548772
3548831
3551010
3549933
3549307
3552308
3552947
3552289
3554358
3559695
3555285
3557333
3558001
3560930
3560269
3563392
3564831
3566308
3569420
3569019
3569263
3558758
3570935
3570813
3571761
3571799
3573853
3570562
3576433
3576600
3577224
3576592
3580858
3572873
3583814
3583839
3585641
3586681
3591628
3589161
3590438
3590182
3590577
3592368
3593587
3597385
3597047
3598002
3598348
3598251
3610604
3601662
3602694
3602834
3607080
3605351
3608265
3608338
3611024
3611118
3611106
3611605
3611761
3611719
3612545
3613245
3615706
3613478
3614905
3614436
3614922
3615912
3614098
3616763
3617885
3618158
3618641
3618971
3745572
3621785
3624570
3625392
3627846
3626476
3627767
3628096
3627432
3629440
3629550
3629749
3630843
3631914
3632149
3632384
3633790
3633148
3635170
3635271
3637319
3639235
3639967
3652699
3640176
3640692
3642436
3641720
3642556
3642765
3642614
3643686
3644558
3646184
3646947
3647293
3651119
3648110
3648859
3649223
3648749
3653541
3656168
3653693
3654479
3655263
3657230
3660765
3661239
3662260
3663226
3665843
3664128
3665102
3672211
3668251
3669916
3669974
3671343
3672405
3672520
3675301
3675314
3677078
3677685
3678867
3679036
3679726
3680186
3681588
3681649
3714051
3685156
3687617
3688667
3688895
3688793
3690359
3690783
3691035
3691640
3693831
3693922
3694306
3694499
3695326
3696931
3697584
3701436
3698978
3700346
3700993
3697307
3704190
3705032
3707258
3707766
3708686
3710572
3710714
3712635
3714741
3714035
3714131
3716630
3717307
3698757
3718174
3726073
3722649
3723038
3723516
3725611
3726189
3726637
3729465
3728386
3728446
3728831
3730309
3730574
3731415
3727947
3732721
3734587
3736754
3736045
3736448
3737649
3737605
3738290
3738887
3765211
3739772
3739865
3740900
3741491
3741520
3741525
3742547
3741949
3742101
3742629
3742738
3742036
3745987
3745990
3748705
3748044
3749412
3750292
3750408
3761328
3751763
3752232
3753713
3753451
3756019
3757163
3763982
3758843
3759217
3761261
3761577
3765277
3752347
3766523
3766809
3766882
3768968
3768028
3775685
3774076
3774305
3776380
3775269
3777622
3778191
3778238
3779204
3796710
3781165
3781912
3781554
3782494
3784336
3784898
3785006
3790093
3789099
3790049
3796033
3791304
3791419
3791866
3792970
3792840
3792859
3793458
3794156
3798800
3797109
3797012
3797896
3800952
3800620
3809365
3801329
3802440
3802708
3802981
3806453
3805553
3807525
3808926
3809870
3810120
3810130
3810553
3810745
3812593
3815846
3815135
3815430
3815161
3816746
3816855
3817237
3817957
3823985
3821201
3822417
3823444
3823968
3824874
3825179
3826913
3826178
3826352
3747989
3828526
3828826
3831656
3831023
3834182
3834300
3835204
3835415
3835856
3836287
3838662
3838217
3838818
3839019
3840461
3842308
3845749
3846690
3846812
3846998
3847335
3848434
3855155
3849772
3850164
3854263
3854456
3856194
3857495
3857750
3849253
3859627
3861511
3861438
3861776
3862134
3862447
3862637
3862960
3863297
3864566
3869347
3870015
3870554
3870746
3875666
3873669
3873863
3875754
3885603
3879668
3877492
3882496
3883893
3883960
3883934
3892157
3893237
3879312
3897819
3897976
3898798
3898885
3899320
3899389
3899678
3900616
3902507
3903616
3904394
3905607
3903841
3907488
3908246
3911433
3910104
3910673
3911129
4077704
3913077
3913862
3913283
3919050
3919471
3919615
3921505
3922509
3923113
3923975
3923868
3925447
3941513
3929866
3930521
3930629
3932199
3934933
3933093
3934702
3936995
3936014
3936669
3931842
3937757
3939167
3940349
3942236
3943166
3943611
3945031
3946093
3946349
3934560
3948650
3950661
3951915
3953611
3954329
3954715
3950688
3956059
3956312
3956291
3958893
3959344
3936270
3960296
3963126
3962887
3964540
3965825
3966055
3970032
3968519
3969921
3970457
3971048
3973320
3974320
3974598
3974669
3975240
3975061
3976035
3969816
3976854
3977276
3977971
3979892
3979889
3983701
3982361
3983379
3985504
3986330
3986528
3989751
3988557
3992170
4001036
3992841
3992960
3993774
3994995
4002003
3999059
4002269
4002956
4003968
4004298
4004455
4006347
4005763
4006736
3964948
4008568
4008721
4009498
4012936
4015513
4014410
4014569
4014976
4015021
4017346
4018451
4019629
4021255
4017961
4024961
4022408
4025478
4025485
4027139
4027889
4028535
4021421
4029006
4030649
4031753
4033189
4033272
4031476
4033600
4035109
4033934
4035330
4036507
4036721
4025562
4037518
4038423
4041355
4040184
4043462
4044780
4044297
4047234
4047759
4047954
4049368
4050330
4050471
4051909
4048653
4052754
4053242
4054988
4056007
4056735
4057643
4057927
4059559
4060355
4058842
4064781
4065506
4065883
4083787
4066510
4066543
4067982
4068483
4068513
4069527
4069370
4069620
4070727
4074487
4071532
4072011
4074743
4074355
4078242
4078639
4083046
4084842
4095255
4085268
4086834
4086670
4088130
4088275
4088863
4090039
4098101
4098113
4098177
4101562
4100716
4101205
4102593
4104967
4105180
4465168
4105891
4106256
4106532
4106748
4107480
4110146
4110284
4111255
4111536
4112276
4118113
4115242
4115725
4116621
4118217
4120229
4121089
4122799
4123217
4125401
4124641
4124890
4124491
4128553
4130088
4130350
4131129
4131771
4135768
4132524
4133296
4134758
4136936
4136006
4138195
4139866
4139661
4141005
4158596
4141696
4144683
4144533
4146060
4147262
4145128
4150887
4150492
4151552
4151895
4158969
4154772
4155183
4155831
4153534
4157447
4157610
4157818
4158901
4158497
4162314
4161028
4162047
4164912
4126081
4165744
4166813
4166889
4166381
4168175
4169529
4169885
4173166
4170657
4174118
4174902
4175122
4176169
4175672
4176422
4176909
4178824
4178824
4181097
4181144
4182819
4183168
4183736
4197378
4188454
4189318
4189422
4189985
4191478
4190694
4192124
4194569
4192494
4198960
4199095
4200065
4200542
4204208
4201326
4203218
4204177
4203764
4203907
4206288
4205775
4206483
4206829
4206795
4207983
4210743
4209026
4210180
4215943
4216371
4215777
4217866
4218997
4217925
4219725
4220547
4221455
4221225
4222002
4224329
4224426
4227786
4226354
4226713
4239714
4228710
4229031
4229067
4229872
4230395
4232106
4232529
4233049
4234015
4234187
4239468
4236652
4237144
4237386
4240116
4276937
4240698
4241299
4241712
4244503
4244848
4246437
4245438
4248881
4248906
4248504
4249033
4250528
4251027
4253441
4251716
4251809
4252456
4252894
4249475
4254522
4255840
4254781
4256796
4257066
4258792
4259380
4270396
4260999
4261182
4263436
4262811
4264534
4264579
4264656
4269844
4266304
4266870
4267104
4267399
4265945
4268707
4269110
4268702
4269669
4269794
4271446
4273628
4271998
4273265
4273383
4274015
4274208
4275451
4279059
4276421
4279798
4279070
4279865
4281794
4282811
4282735
4283961
4286261
4281757
4287422
4287979
4288014
4289450
4290999
4290499
4291320
4291722
4292282
4292440
4292469
4306496
4294137
4297054
4301156
4298180
4299177
4300546
4306517
4303968
4308281
4308251
4309179
4254195
4309280
4309921
4310741
4312778
4315195
4313113
4314691
4317104
4318641
4317874
4322746
4320029
4321069
4323451
4323794
4324155
4324315
4324638
4324907
4325247
4330931
4326030
4328438
4327202
4331921
4332680
4332445
4333557
4333974
4336184
4320984
4337974
4339316
4339831
4341210
4341511
4346178
4345619
4345641
4345994
4348362
4348751
4348969
4350715
4351945
4352124
4352924
4352175
4353654
4354226
4355772
4359561
4357010
4358410
4358465
4358702
4360638
4361239
4360744
4362731
4363516
4363914
4364364
4367079
4360280
4373166
4374405
4371087
4375518
4377614
4378141
4378694
4379652
4381500
4380469
4384736
4384897
4384944
4385646
4385639
4375961
4387889
4388297
4388865
4388786
4390500
4396087
4392200
4395432
4396894
4396523
4364289
4397575
4399889
4400269
4400722
4402408
4401854
4402565
4402678
4402732
4403938
4403476
4403505
4402952
4410043
4411568
4400205
4411918
4413890
4414731
4416206
4418620
4416950
4417968
4417982
4416344
4419944
4420850
4421186
4421442
4420774
4423480
4423697
4423717
4424370
4424423
4424486
4424925
4427602
4432034
4432601
4433395
4430700
4434910
4436909
4438207
4438588
4439243
4442083
4442140
4446628
4442704
4443323
4443706
4445148
4444389
4446029
4448560
4448981
4449360
4449718
4450917
4451521
4451569
4451973
4452334
4454797
4484377
4457571
4458469
4458810
4460835
4460920
4461485
4461852
4461976
4463981
4463793
4465957
4467435
4469384
4468998
4477287
4470927
4471551
4473621
4472524
4472750
4473134
4473354
4473624
4472347
4478053
4478825
4479376
4480712
4482681
4482114
4482535
4484440
4484261
4610268
4489953
4488001
4490210
4490840
4492417
4492680
4494327
4494070
4494077
4494269
4502792
4495855
4497427
4497912
4497339
4498661
4495805
4498721
4499120
4500314
4501104
4501460
4501576
4504650
4506234
4505642
4506253
4511413
4507261
4507754
4507819
4511534
4525399
4514691
4514769
4516085
4515844
4517706
4517179
4518810
4519510
4518533
4520329
4521308
4528550
4525328
4525745
4529299
4533277
4533910
4534193
4534227
4540391
4535074
4536304
4538445
4540802
4540949
4542191
4541988
4542403
4542544
4542870
4542978
4544527
4545266
4546087
4551559
4547616
4548176
4549695
4550372
4550073
4547665
4551357
4551728
4551809
4553967
4554745
4584145
4556229
4557011
4557942
4559658
4559927
4561047
4561667
4564186
4562157
4562270
4562931
4565491
4566765
4574476
4568124
4569119
4568785
4570064
4570043
4570439
4572548
4577789
4575726
4559547
4578563
4581479
4581133
4583773
4585893
4586720
4587557
4588037
4588075
4588659
4596491
4591752
4592097
4593295
4593415
4597116
4595868
4595877
4597040
4599016
4600865
4600110
4601329
4601772
4606736
4602433
4604568
4605183
4617000
4606897
4607879
4611429
4610228
4612827
4613246
4613913
4613598
4614652
4615043
4615093
4615173
4620277
4617867
4620069
4620558
4658884
4622404
4622164
4622956
4623599
4625468
4623974
4625838
4626499
4628159
4628484
4628493
4628711
4630468
4632632
4630590
4632416
4630232
4634153
4635355
4635471
4635803
4636041
4637508
4640385
4638765
4638857
4639791
4640319
4650707
4641756
4642065
4643255
4644421
4644816
4646428
4647993
4648247
4650199
4649507
4649683
4651663
4651763
4652362
4652645
4652652
4654031
4659956
4655694
4655872
4656554
4656584
4656968
4662865
4659884
4661434
4661964
4662993
4664728
4663669
4665634
4666401
4665542
4667772
4666616
4669343
4671868
4678003
4676337
4675388
4678558
4680569
4681109
4680478
4681695
4681664
4681882
4682789
4684880
4684455
3764250
4686394
4686613
4686966
4688487
4688807
4688970
4691578
4692257
4691098
4693902
4702763
4696756
4697359
4698388
4698449
4697448
4700383
4685605
4705149
4705864
4706161
4708712
4711271
4712951
4713948
4715488
4723146
4716131
4717129
4718390
4719186
4722754
4719466
4720594
4725287
4724677
4725387
4726471
4727912
4728071
4730794
4729590
4729978
4736258
4733547
4734704
4735670
4736393
4738935
4739180
4739418
4742046
4740805
4742045
4741334
4746926
4747751
4747590
4749413
4749423
4749821
4749949
4750910
4756089
4751839
4752749
4753128
4753699
4753667
4754125
4755476
4754081
4758513
4758964
4758993
4766027
4761539
4761206
4764592
4767059
4773617
4767549
4769046
4770928
4771880
4772531
4827742
4776572
4777884
4778023
4779381
4780369
4780663
4778387
4782497
4782559
4783528
4783596
4783918
4784722
4784712
4785084
4786016
4786124
4787171
4798099
4788254
4789126
4789447
4789707
4789947
4790436
4794689
4794587
4795036
4796497
4796812
4797788
4800106
4798749
4801977
4800848
4809583
4803740
4805079
4805334
4806936
4807602
4806658
4809461
4810567
4816193
4811534
4814278
4814440
4813565
4817930
4818040
4820260
4821249
4821372
4823869
4823994
4825107
4826097
4822552
4826797
4826596
4830129
4830331
4830999
4831119
4831878
4832050
4832824
4836741
4833819
4833974
4834319
4834588
4836268
4836840
4836923
4838470
4840746
4841948
4843756
4842936
4844371
4846489
4845446
4847212
4818269
4847501
4850830
4852911
4853567
4856674
4855630
4856764
4857013
4852343
4859075
4860031
4860171
4861320
4865046
4864555
4866956
4867438
4868658
4868250
4862364
4870859
4870689
4871204
4871440
4872557
4873635
4875759
4877043
4876635
4879086
4880313
4879421
4881459
4886537
4881655
4882386
4884577
4889899
4782562
4891631
4892677
4895562
4898095
4898435
4898683
4898400
4899425
4899473
4899794
4900019
4902503
4901136
4902327
4905385
4907833
4907991
4897367
4908697
4909144
4909955
4910275
4912739
4911679
4911723
4913729
4917930
4915550
4915555
4915551
4915577
4916340
4916995
4917257
4917499
4918958
4917730
4919641
4919915
4919986
4920322
4923318
4922363
4919971
4924706
4925804
4926113
4929096
4928518
4929374
4929214
4929159
4929650
4932214
4931070
4931990
4932580
4932636
4945610
4933685
4933666
4935637
4936603
4936576
4937767
4938043
4941122
4941715
4941817
4941820
4947401
4943697
4944239
4943552
4944943
4945059
4945709
4949707
4905733
4952849
4953672
4956804
4959061
4958580
4961294
4961913
4963389
4964375
4957317
4965574
4968908
4969439
4971522
4971588
4971722
4972443
4959031
4973296
4974336
4974697
4975603
4975953
4975967
4976374
4973947
4981893
4983666
4981687
4986408
4974001
4987963
4988460
4988654
4992316
4991999
4990146
4994726
4994832
4995458
4997105
4996666
4997230
4998119
4998131
4999105
5000023
5000494
5002916
5003715
5004365
5005364
4999000
5008481
5007971
5009423
5007338
5010885
5011781
5011807
5025556
5015624
5018595
5017143
5019631
5021937
5022501
5023298
5021914
5023451
5024688
5024935
5025840
5026223
5021967
5026869
5027040
5027921
5028329
5028566
5030525
5030390
5030654
5031252
5031966
4820270
5036482
5040034
5038491
5041711
5041903
5046183
5043608
5043794
5044346
5044448
5044138
5048336
5048416
5056363
5051614
5053635
5054954
5056322
5053867
5057566
5058998
5054342
5063691
5063954
5064955
5065192
5065916
5066428
5067707
5070359
5069558
5071654
5072769
5073248
5073506
5077028
5074395
5074367
5076180
5077131
5077398
5078582
5081536
5079038
5079879
5081974
5091607
5084433
5084656
5089257
5093735
5093121
5069646
5096175
5097044
5099873
5100797
5101262
5104389
5102617
5102671
5102725
5102774
5103002
5103608
5103857
5110041
5103089
5114601
5116020
5115420
5115620
5116249
5118554
5121142
5120285
5120950
5123249
5127177
5126342
5119373
5129242
5129643
5129695
5130408
5129839
5129397
5131155
5132117
5131663
5131626
5132777
5136372
5133018
5133110
5133573
5135098
5135607
5136045
5136270
5136596
5138633
5138782
5139558
5140100
5142534
5146267
5145548
5154638
5147077
5148064
5149111
5149508
5149596
5149695
5150469
5150470
5151282
5152173
5151854
5152427
5152892
5156047
5155058
5156484
5156723
5160125
5160932
5163463
5163654
5164525
5164863
5165329
5166073
5168144
5168253
5169029
5169076
5169356
5169584
5170267
5170994
5171120
5173052
5170545
5174545
5177799
5177430
5179265
5180995
5244060
5183167
5183673
5186059
5186566
5187991
5187830
5189702
5196711
5194265
5194944
5197591
5198416
5200707
5199575
5200648
5202883
5202982
5203267
5193596
5207268
5209069
5211932
5210908
5212421
5212441
5212479
5213398
5207276
5215142
5215530
5215456
5216753
5216866
5216949
5216971
5217310
5218926
5219433
5219609
5220279
5220362
5221305
5221943
5224567
5222694
5225491
5225541
5225397
5227766
5227958
5226496
5228475
5230424
5231212
5231008
5232643
5232366
5232832
5233208
5234292
5233996
5235993
5240775
5238187
5242391
5258654
5242659
5244797
5245241
5247953
5252100
5260039
5256401
5256647
5258127
5258501
5258526
5260048
5261710
5263500
5268243
5269211
5272809
5273508
5304348
5276607
5277621
5278803
5279511
5280531
5280006
5280511
5281155
5281208
5282220
5282802
5286117
5283484
5285409
5285269
5287439
5287629
5290151
5290592
5286462
5293989
5294719
5299314
5299143
5301362
5300557
5302451
5305486
5307005
5304208
5309789
5309797
5312594
5312194
5313423
5313348
5313200
5314481
5316183
5315712
5316285
5316823
5029633
5318392
5319923
5320002
5318182
5320512
5321613
5322802
5327787
5323987
5324109
5325273
5329111
5331247
5330335
5329950
5332203
5335754
5333688
5334296
5334570
5336939
5337009
5338349
5338880
5340149
5340246
5340425
5340453
5340905
5340699
5341671
5345621
5343005
5344024
5344384
5345402
5345034
5345520
5348625
5347357
5347434
5349311
5348739
5350307
5350457
5352999
5351407
5353855
5360779
5357957
5358307
5358534
5357663
5359099
5359714
5360441
5361669
5363332
5364770
5365477
5368361
5367069
5367562
5408589
5375578
5376028
5375840
5376747
5375879
5377392
5378394
5378419
5378888
5381913
5379260
5384315
5381788
5385096
5387061
5386564
5387540
5387299
5384225
5389336
5390718
5390907
5396456
5396800
5396875
5393498
5398891
5397844
5399788
5400329
5400925
5400894
5401117
5401699
5401756
5402108
5403087
5403179
5403220
5403750
5406767
5406158
5406927
5406181
5407723
5407962
5408290
5409287
5437534
5410237
5410849
5411043
5411372
5411965
5413890
5420596
5418574
5418986
5420081
5420362
5420712
5420909
5421742
5423644
5410240
5424830
5427305
5427594
5430136
5430175
5432677
5434810
5437598
5435626
5440989
5440305
5440349
5440456
5444550
5441969
5443073
5444845
5445491
5445458
5446563
5446189
5446446
5448288
5449619
5449562
5457004
5451891
5452280
5452464
5453287
5452711
5456383
5455244
5455726
5455836
5455895
5447049
5457745
5459940
5461739
5462237
5462264
5462281
5463950
5467186
5464751
5465225
5465625
5465478
5466966
5467465
5467292
5468045
5468838
5466171
5471296
5471703
5471906
5472677
5472872
5475171
5475108
5473644
5475972
5476516
5476967
5477327
5477475
5478185
5478329
5478704
5478739
5479944
5485228
5484248
5486216
5486891
5485799
5488485
5489987
5489729
5493065
5491590
5492454
5492067
5492801
5493087
5521688
5496189
5496944
5497805
5501520
5501859
5501873
5502909
5509319
5504527
5506376
5507631
5506431
5508382
5508839
5509483
5509709
5510038
5509919
5510416
5514230
5511781
5514669
5517232
5517288
5517278
5517895
5519233
5511511
5519799
5521480
5522822
5523730
5520516
5524369
5526902
5528138
5527396
5528664
5529182
5529641
5533894
5533120
5533767
5534435
5534770
5534791
5535587
5536621
5537158
5537435
5537646
5538639
5538409
5471883
5542397
5544505
5544567
5545244
5545797
5545500
5546988
5544880
5548398
5549748
5551989
5543194
5553213
5553368
5553766
5556474
5557474
5556138
5558801
5560152
5560470
5560707
5560936
5561027
5561383
5562568
5563090
5563692
5566396
5565515
5566874
5576009
5569680
5571588
5571305
5573051
5575355
5577922
5580516
5592560
5582144
5583013
5584355
5583882
5584195
5584850
5586002
5586337
5586936
5587152
5588880
5593802
5589389
5591208
5591378
5594070
5580945
5595396
5595519
5597262
5597433
5597736
5597943
5598401
5604981
5600758
5603564
5604735
5601040
5609120
5609464
5609738
5610156
5610851
5610513
5610539
5606238
5612381
5612685
5612107
5614364
5615106
5615182
5615490
5617867
5618083
5616366
5620822
5621775
5622021
5622295
5623339
5623454
5623670
5622821
5626067
5626158
5626706
5631008
5628781
5630308
5630413
5632811
5635692
5635224
5636532
5629061
5640010
5640563
5640623
5641484
5643480
5644789
5647445
5648382
5648484
5680867
5649810
5650084
5651405
5653007
5656732
5656722
5657887
5657961
5660574
5659318
5662806
5663297
5662855
5664114
5666143
5666496
5666784
5666950
5662351
5671202
5670423
5671830
5672451
5672760
5673977
5674012
5674870
5676987
5677521
5678894
5678044
5680097
5682756
5680558
5681056
5681614
5682060
5682796
5684717
5685603
5686151
5711517
5687992
5687928
5688409
5693161
5692002
5699838
5695453
5695654
5697331
5698866
5699482
5700052
5695278
5702918
5703955
5704458
5705954
5705274
5705669
5705946
5706067
5706746
5707047
5708926
5710250
5708383
5712270
5712788
5713930
5700228
5717396
5717678
5719705
5720095
5721020
5721729
5722919
5728868
5725143
5726051
5726168
5725748
5728017
5729676
5729693
5726557
5730554
5731545
5733887
5733887
5734952
5735236
5735689
5740719
5738526
5739033
5739592
5746115
5744512
5745809
5745529
5746223
5748759
5752368
5752542
5901193
5753860
5755158
5754416
5756187
5757107
5757418
5760476
5758539
5760208
5760016
5760355
5769382
5762810
5763740
5763382
5764527
5767660
5767626
5768447
5768850
5769771
5770071
5771575
5772262
5773040
5773444
5774117
5779206
5776500
5776544
5776547
5776821
5777524
5780152
5780936
5780379
5782274
5782790
5782762
5782850
5786932
5786444
5787718
5789003
5788494
5800814
5791956
5792272
5792683
5794556
5796847
5797223
5794066
5798138
5799303
5801666
5801805
5802714
5806517
5804779
5805281
5806345
5805268
5811710
5811482
5812886
5812863
5813640
5813979
5815496
5814988
5824643
5816511
5816701
5815868
5817485
5818169
5818362
5818896
5824024
5820390
5820407
5820578
5820838
5768203
5825686
5828292
5830290
5831406
5827627
5833173
5833758
5834573
5835736
5835198
5836887
5837086
5837809
5838819
5839334
5839156
5839745
5837658
5843000
5844005
5846680
5861332
5851394
5852445
5852700
5853653
5853549
5853609
5854267
5854968
5855465
5858041
5862807
5859584
5861408
5861686
5864007
5847199
5870225
5870511
5871271
5873864
5874302
5875795
5876367
5878399
5877315
5879585
5881698
5881973
5881885
5882254
5882571
5883911
5883770
5884806
5888125
5885995
5886082
5885456
5887756
5887984
5889447
5870519
5891971
5892734
5892562
5893110
5893842
5895435
5896006
5902055
5898455
5899583
5899831
5900681
5902638
5902043
5901320
5905990
5910698
5908462
5910682
5913638
5912280
5913611
5913993
5914163
5916276
5915760
5916731
5920678
5919117
5920363
5920994
5921096
5926148
5924917
5926045
5931509
5928350
5929970
5930158
5933109
5932345
5932497
5933285
5933471
5933665
5935101
6002393
5938152
5938592
5938711
5938903
5938962
5939300
5940263
5943248
5941919
5943126
5943342
5943678
5943383
5944623
5944294
5945972
5946570
5946588
5947020
5947534
5952506
5949592
5950763
5951288
5951955
5951989
5953837
5958996
5956292
5958286
5958419
5960131
5977110
5961285
5961792
5960574
5963446
5965322
5965400
5965889
5968041
5975651
5969100
5969826
5969551
5970980
5971142
5971346
5972187
5973951
5974001
5979464
5975947
5976017
5976308
5977162
5973905
5981100
5981160
5982121
5983665
5982703
5982675
5983519
5984060
5984040
5985329
5985220
5986279
5984791
5990358
5990641
5991591
5993087
6001255
5997170
5998942
6003710
6003806
6006315
6022045
6006621
6006863
6007677
6011780
6011035
6011965
6013451
6012678
6015225
6015441
6019581
6016339
6017621
6018348
6017050
6019391
6019268
6020096
6019800
6021415
6022911
6022300
6024619
6022616
6026937
6029551
8294883
6030202
6030208
6031117
6032735
6034749
6033690
6036586
6037228
6039201
6038373
6038414
6035308
6042219
6043738
6044860
6045342
6046018
6047099
6047958
6048332
6049268
6051009
6052205
6044460
6053720
6056795
6056086
6057662
6062534
6058366
6060077
6061479
6061819
6061867
6063177
6065348
6064448
6066326
6066709
6068522
6068067
6068370
6068970
6093674
6069429
6069852
6070289
6071144
6070379
6072583
6073018
6076669
6074026
6075211
6076608
6077551
6079211
6079145
6079361
6080341
6081238
6081365
6081682
6083074
6083859
6085525
6081197
6086950
6087033
6087097
6090799
6090128
6092360
6097139
6094185
6094218
6096306
6095784
6098737
6099482
6100762
6102344
6171242
6106779
6107800
6108921
6109852
6110887
6109915
6112404
6112066
6114014
6109081
6115800
6116163
6116185
6116649
6117030
6115644
6117954
6118692
6119002
6118492
6119363
6120018
6121029
6121050
6135757
6122596
6123560
6125392
6127573
6127779
6127038
6129075
6129678
6130676
6130630
6126692
6133414
6135552
6135908
6136418
6136599
6136942
6138573
6139318
6139618
6142664
6142507
6142641
6142772
6144271
6153380
6148075
6150192
6150304
6150410
6152373
6152083
6153397
6153664
6153875
6155118
6155726
6158551
6158923
6159414
6160555
6161759
6158424
6163580
6163796
6164062
6164481
6163943
6166611
6168405
6170045
6169762
6170359
6160776
6172406
6173356
6175016
6177240
6176567
6176771
6178624
6179209
6179715
6181037
6181071
6181778
6182263
6182972
6184290
6183859
6191010
6187086
6187114
6187367
6187495
6159831
6192941
6193425
6194479
6193915
6198201
6204180
6201855
6201669
6203713
6205229
6207062
6208426
6206957
6209954
6210527
6217186
6212779
6214651
6214017
6216878
6217402
6220647
6219883
6221263
6221368
6222834
6222896
6225419
6227480
6227601
6231168
6230794
6231740
6231055
6232489
6232931
6235294
6234519
6235539
6237880
6241878
6239472
6239582
6240039
6240560
6240206
6241714
6241856
6243051
6054121
6247775
6248041
6244559
6249093
6249235
6248958
6251296
6251101
6252048
6253175
6252792
6254164
6256395
6256738
6257578
6259584
6261012
6261359
6261963
6262121
6262294
6263310
6262429
6262430
6262933
6262894
6270471
6268512
6269343
6269548
6269560
6271815
6270639
6270984
6271962
6273260
6253382
6273918
6273930
6274362
6274852
6276865
6276597
6277682
6278373
6279041
6277361
6280040
6280581
6282153
6294161
6286312
6286258
6289204
6292793
6290694
6291187
6289539
6293165
6295007
6295936
6297774
6297003
6298107
6298774
6300875
6300571
6303714
6303059
6303683
6303788
6355924
6304978
6305040
6305592
6305844
6305216
6307803
6308382
6308435
6308946
6316720
6311420
6314552
6314696
6314776
6314649
6318047
6318298
6319928
6319958
6320822
6314438
6322088
6323273
6322931
6323568
6323583
6324541
6324654
6324682
6327863
6326779
6327908
6329754
6328494
6331171
6331177
6331394
6338370
6334233
6334469
6335058
6337722
6339409
6341618
6339966
6341879
6342157
6342631
6343346
6343348
6342349
6344848
6344899
6344962
6345740
6346363
6347551
6347035
6347346
6350594
6348323
6348787
6349987
6350953
6349191
6352688
6352821
6354945
6353996
6354126
6355245
6355299
6355361
6355729
6279916
6356884
6359520
6360284
6360384
6362327
6363304
6364734
6364016
6365830
6367085
6367174
6367935
6370289
6370917
6371391
6371610
6370074
6374288
6376626
6376364
6376637
6377138
6378905
6379131
6381750
6379202
6379710
6380692
6381467
6381224
6393590
6386448
6386835
6386180
6387691
6388418
6388311
6389434
6390364
6396178
6394720
6396700
6406444
6398055
6398508
6399955
6402879
6403130
6406389
6403877
6404650
6403922
6406165
6412164
6432178
6413433
6414143
6416102
6416414
6416518
6413742
6418919
6421930
6420500
6423296
6424781
6424018
6424660
6425171
6427919
6434538
6433376
6434483
6435850
6436087
6436537
6436698
6441415
6439093
6439996
6440667
6441535
6443782
6447322
6447445
6442341
6451536
6452561
6452956
6453987
6454083
6417734
6455588
6457026
6457676
6459357
6458698
6462674
6462621
6463473
6456167
6464608
6466323
6468335
6468510
6468612
6471734
6469632
6470964
6471285
6472650
6472716
6476991
6475167
6475936
6476040
6484222
6483967
6484620
6478539
6487099
6487246
6491536
6490154
6491539
6491617
6492187
6492726
6493092
6494797
6493338
6493817
6496292
6495161
6495061
6497031
6497172
6497256
6500441
6499065
6500689
6502800
6503177
6504302
6503216
6507139
6507514
6508708
6508936
6585801
6509265
6511093
6512610
6510866
6514363
6516304
6516745
6516755
6522793
6524548
6527154
6525327
6530629
6528376
6528289
6529194
6530331
6536738
6532827
6533019
6533805
6535587
6536724
6537998
6537689
6538960
6539452
6539493
6541874
6540721
6542858
6542875
6542575
6543240
6544059
6543869
6544347
6547799
6545945
6546501
6546577
6546608
6549943
6553202
6553377
6553910
6555913
6582809
6561021
6561260
6562900
6565724
6561850
6570015
6570141
6571055
6571255
6571876
6570860
6574279
6576934
6576993
6577009
6580297
6580166
6580303
6581118
6581375
6570075
6581810
6583856
6586737
6586982
6587618
6582963
6589320
6593126
6593776
6593877
6596514
6597000
6597918
6601743
6602846
6604748
6590799
6605950
6607308
6609975
6616181
6612810
6613277
6615920
6614735
6616566
6619032
6619682
6620863
6621679
6622624
6621933
6625249
6626056
6628566
6632647
6629423
6629731
6630808
6675467
6633383
6636231
6636609
6635395
6637277
6637472
6637862
6638220
6638321
6638571
6635489
6641547
6642217
6644984
6644768
6642601
6647456
6648090
6648489
6650721
6650206
6650707
6654384
6651749
6652430
6657288
6655792
6654157
6658155
6658387
6661860
6662048
6662605
6662428
6664538
6665399
6665470
6666127
6667606
6692727
6668673
6669372
6670029
6672825
6671134
6672728
6672908
6673949
6673877
6674155
6674531
6675259
6676119
6676556
6677727
6677090
6679084
6677159
6680309
6680955
6681343
6681491
6685384
6687191
6688359
6690817
6690366
6689763
6690409
6691007
6691860
6694134
7335174
6698258
6700258
6702378
6702657
6702933
6695037
6704846
6705202
6705349
6705530
6707794
6714621
6710222
6712359
6713557
6717510
6712836
6719371
6721301
6723609
6723522
6725853
6726505
6726139
6726772
6727036
6727584
6743011
6729848
6730008
6730419
6733116
6734175
6734373
6743130
6737043
6737643
6736939
6738493
6739525
6739917
6740199
6741207
6740411
6742802
6743279
6743720
6773632
6744449
6746706
6747485
6745503
6750359
6750682
6751411
6751963
6752300
6751002
6752764
6753685
6753704
6755383
6756670
6757062
6757248
6770801
6759090
6759234
6759354
6760422
6763081
6761417
6761929
6764687
6763537
6764320
6765081
6767833
6765805
6765587
6766516
6766889
6769428
6769625
6769640
6772838
6772100
6772799
6774989
6774433
6775673
6775817
6775770
6776531
6778306
6778049
6778530
6779643
6779828
6782458
6782066
6734599
6784016
6785372
6783382
6786560
6787853
6788952
6789771
6798082
6791197
6791700
6792255
6793125
6793263
6793289
6794971
6794524
6794546
6795914
6795620
6796699
6795973
6797380
6797902
6801939
6799472
6800446
6805350
6806235
6806611
6816422
6808697
6809938
6808354
6810534
6810565
6811352
6811728
6811934
6812594
6812478
6813430
6815381
6822904
6817153
6819027
6819505
6819821
6821382
6821740
6823776
6826481
6827020
6828567
6828486
6828570
6828844
6830122
6830625
6831258
6833796
6832370
6834388
6834512
6834637
6834735
6835029
6834879
6938090
6836845
6839377
6839462
6836383
6840321
6842171
6843312
6843779
6844212
6844912
6845689
6848079
6847428
6849127
6850966
6852103
6852870
6853797
6854962
6863584
6857876
6858426
6858432
6858915
6859360
6862122
6861975
6862049
6860946
6863836
6865663
6867208
6867235
6867619
6870778
6871191
6874913
6872907
6873318
6874884
6874601
6876566
6876744
6877010
6906571
6879104
6882765
6881080
6882110
6883437
6883173
6883953
6883916
6884136
6885142
6884946
6885020
6885297
6885454
6885304
6885995
6886119
6888068
6890333
6891186
6892337
6897009
6894979
6895887
6897938
6898098
6898519
6900078
6899489
6901239
6900555
6906533
6907764
6907942
6907684
6909377
6910440
6910926
6915476
6911483
6912330
6912237
6912350
6914375
6917596
6916527
6915859
6920016
6915909
6920153
6920397
6921002
6922256
6924372
6923597
6927840
6927439
6928759
6930137
6936563
6931345
6932459
6933263
6934848
6937184
6936371
6937711
6937853
6938499
6938392
6964787
6940777
6941494
6942084
6942357
6945511
6945820
6945894
6946559
6947015
6949645
6949633
6949774
6950035
6946974
6951928
6953283
6954337
6963316
6956146
6958139
6960273
6964546
6965449
6965023
6965959
6967331
7000784
6970977
6971462
6971246
6972002
6976650
6975995
6978976
6977675
6980629
6980922
6981544
6982292
6981774
6983944
6979191
6987142
6987338
6987675
6988471
6988929
6992427
6992727
6995076
6986969
6997197
6998072
6997527
7000170
7000752
7005649
7002432
7002628
7003797
7004384
7004245
7004955
7006241
7005998
7005860
7006542
7007202
7008807
7007492
7008655
7011441
7014004
7016686
7015162
7016458
7017653
7019869
7019358
7023550
7021511
7020405
7024494
7025913
7024992
7026785
7027011
7029474
7034558
7030948
7031807
7031953
7032180
7033009
7032609
7033715
7033739
7034782
7035853
7086406
7036808
7038292
7038761
7039580
7039046
7041594
7042140
7043215
7043530
7043632
7048913
7046860
7047231
7048449
7048960
7047385
7052565
7052602
7054436
7054377
7054632
7055009
7058065
7057003
7059160
7059408
7059648
7062122
7063245
7063393
7064747
7067396
7067273
7067763
7070595
7074353
7075370
7075268
7092725
7076200
7076222
7077053
7078121
7078861
7078973
7078810
7079618
7079676
7080066
7080351
7081381
7081520
7084825
7083499
7083913
7083967
7085694
7086159
7086638
7081540
7087814
7087844
7088494
7089052
7088788
7090597
7093228
7093375
7093386
7094912
7095467
7100373
7097526
7102938
7101475
7102172
7103461
7103122
7103918
7104986
7106442
7107391
7107044
7110219
7108891
7109412
7110231
7109893
7110744
7112042
7112689
7112582
7114605
7108494
7114873
7114963
7115312
7118856
7117782
7120788
7133562
7121120
7121460
7123388
7123300
7123554
7124299
7128216
7126413
7127960
7127228
7129680
7128750
7133965
7184939
7141123
7135777
7142696
7144664
7145336
7145835
7143176
7147163
7148657
7152042
7152092
7153774
7171846
7155114
7155334
7155360
7155392
7157528
7160959
7158934
7158462
7161658
7171400
7169026
7169533
7171450
7170920
7168757
7172925
7176725
7177443
7178038
7173310
7179699
7179413
7180436
7180607
7182346
7182490
7182715
7183092
7186055
7186255
7184901
7188426
7189362
7190492
7190908
7197023
7192280
7192294
7193352
7194712
7194337
7196710
7199489
7198241
7199227
7198105
7199633
7201042
7201246
7219009
7201982
7203187
7204074
7204483
7207110
7208358
7209394
7209470
7209516
7209550
7210134
7210729
7214376
7213694
7214470
7215170
7213599
7219415
7220134
7220165
7221384
7220970
7221028
7222384
7222944
7223467
7223770
7224733
7226049
7225764
7233850
7229314
7229915
7230175
7230168
7230398
7231443
7232556
7239637
7238855
7240258
7270438
7242957
7244357
7246127
7246644
7248622
7248072
7249350
7250663
7253934
7251443
7252242
7252069
7252362
7253565
7255051
7250727
7255853
7256409
7256326
7256541
7256953
7258035
7258369
7256773
7259059
7260040
7261677
7262295
7279516
7266710
7269256
7268988
7269781
7272881
7274260
7280449
7276492
7281058
7280080
7270112
7282300
7282873
7285339
7288171
7288637
7290092
7287666
7291340
7292568
7292654
7292641
7293261
7293201
7293706
7299088
7296614
7297405
7299343
7298646
7257182
7300866
7301868
7303022
7308572
7309163
7309255
7310996
7302866
7311611
7311773
7313643
7315302
7319284
7318535
7322697
7322274
7326808
7323741
7323620
7326340
7327748
7328098
7320122
7330141
7330442
7331655
7333874
7334002
7338079
7335321
7336295
7336934
7338241
7339242
7339268
7341607
7341371
7342286
7342926
7343553
7344696
7345106
7345895
7351027
7347753
7348672
7348862
7349467
7350109
7350520
7351126
7347323
7352346
7352727
7353137
7353780
7354311
7355279
7355133
7355434
7356122
7358853
7357328
7719535
7360530
7360715
7361772
7362864
7360471
7364658
7366037
7367230
7367739
7367920
7368236
7376011
7369120
7368720
7371498
7377546
7373937
7374170
7375699
7377373
7377134
7378093
7379243
7380256
7380395
7383433
7382860
7383309
7385140
7384035
7386519
7398511
7388680
7391294
7391951
7394326
7392838
7394465
7394594
7388849
7396529
7396365
7397207
7397770
7398886
7400984
7399795
7400581
7401418
7402196
7402340
7402503
7402737
7363305
7404601
7405067
7405055
7405090
7405277
7405989
7406903
7406975
7405919
7411165
7409848
7412627
7414098
7414237
7414310
7413205
7415904
7418782
7428848
7421374
7425409
7426925
7423873
7428368
7430589
7431742
7434037
7436525
7430427
7438959
7440757
7440642
7441381
7441870
7441478
7442867
7443945
7443059
7444312
7445105
7449635
7447438
7448346
7448828
7449182
7452548
7450495
7451039
7451161
7452593
7463678
7454849
7455331
7455978
7456654
7456910
7457001
7457081
7459164
7459613
7461763
7462074
7462126
7466678
7463275
7464990
7467532
7467654
7378343
7470022
7471909
7473202
7473322
7474209
7474487
7474192
7475625
7475770
7476106
7479309
7485682
7482033
7481792
7482295
7482409
7483537
7483253
7484213
7485854
7486527
7474096
7488004
7488848
7487194
7489816
7490079
7490152
7491006
7491092
7491150
7491401
7496435
7491986
7493099
7496309
7498116
7498134
7498509
7501710
7499599
7504407
7506708
7506524
7506773
7508892
7509305
7509897
7509490
7509766
7521609
7511530
7512160
7514341
7514935
7515077
7520823
7518611
7518908
7517914
7520060
7525082
7521895
7522730
7523238
7524237
7524370
7492431
7527314
7527825
7528779
7529035
7529425
7529485
7529579
7530079
7530819
7532871
7533466
7530848
7533790
7533953
7534591
7536514
7536578
7537783
7539063
7539084
7540738
7526604
7543410
7547287
7547739
7553920
7551447
7555332
7553801
7554842
7556730
7558905
7562619
7559688
7561508
7562085
7558344
7563679
7565578
7567251
7567104
7568767
7569834
7573059
7589460
7575004
7575449
7576189
7577197
7576389
7577990
7578416
7578922
7579116
7581510
7580163
7582265
7584488
7583763
7584082
7585553
7585113
7586135
7586484
7586509
7589325
7592960
7593148
7590671
7595440
7595566
7595743
7599175
7597742
7597964
7599052
7614334
7601429
7602184
7602294
7602643
7602866
7604468
7606775
7606271
7608240
7609707
7606543
7611277
7610460
7614202
7612148
7615105
7617580
7620145
7866965
7622963
7623539
7623618
7624630
7625006
7627360
7627741
7628390
7629060
7628996
7630054
7631543
7631027
7635990
7636143
7640574
7640309
7632678
7643969
7645310
7645356
7645176
7645943
7646465
7651558
7649183
7650387
7652009
7653702
7654811
7654929
7655290
7661355
7657252
7657284
7658964
7662073
7660869
7661081
7660792
7664044
7664148
7664351
7665014
7667035
7666713
7669259
7655486
7671225
7672108
7672302
7672831
7673144
7675660
7674330
7677109
7677365
7679417
7686169
7681405
7681478
7683337
7683642
7684051
7682132
7685473
7686080
7686401
7683895
7689744
7689093
7692675
7693127
7693394
7694539
7694015
7695328
7695940
7696313
7698236
7698408
7698694
7711778
7701278
7701847
7703595
7705790
7704468
7708040
7704389
7709605
7709961
7709808
7710367
7711455
7712944
7711959
7712233
7712753
7713316
7713658
7713786
7714312
7716289
7721002
7717725
7719893
7721320
7642174
7725022
7725056
7724333
7726838
7727948
7727807
7732990
7729056
7729192
7729285
7730808
7733561
7732206
7732221
7733714
7733164
7733932
7740021
7734683
7737182
7735122
7737616
7739634
7740041
7741088
7741533
7744176
7742190
7743612
7755966
7744502
7745607
7746135
7745097
7747561
7749613
7749058
7749558
7749588
7751275
7751413
7753898
7752882
7753169
7753501
7755056
7756000
7756314
7757342
7761440
7758684
7759046
7758912
7759785
7762410
7761771
7763176
7764955
7767187
7769477
7770206
7774040
7745657
7774251
7774582
7777196
7775326
7780260
7782248
7781326
7781784
7782495
7783428
7785304
7785683
7786230
7787718
7786979
7787520
7788798
7789057
7793593
7793578
7802464
7794103
7794316
7795286
7796306
7796898
7798089
7797201
7800855
7805455
7801546
7801767
7802664
7806816
7804961
7808101
7809133
7804056
7809778
7810640
7813237
7812931
7813776
7813937
7813192
7815051
7814965
7815163
7815566
7830120
7818135
7818697
7821331
7821287
7821326
7826468
7824493
7825123
7827435
7826989
7828083
7830243
7829404
7829981
7828368
7832009
7833460
7833646
7833940
7833767
7834773
7835603
7835699
7837026
7834259
7838888
7840689
7839971
7841587
7842275
7842543
7845602
7843947
7845718
7858026
7849157
7849678
7849774
7853790
7854589
7854490
7855360
7855203
7856386
7856426
7856435
7857020
7857286
7861626
7859124
7859176
7862304
7862626
7862964
7861310
7864908
7864942
7865090
7865343
7847459
7866408
7868310
7868973
7872465
7869440
7869508
7869659
7872025
7871912
7874472
7873932
7874202
7879329
7876441
7877080
7877523
7878127
7877659
7878414
7880360
7880921
7884256
7882349
7886001
7889363
7888985
7888966
7890410
7891778
7902773
7894586
7895883
7896905
7903188
7900350
7900516
7900645
7902369
7679534
7904495
7904875
7906139
7906132
7907814
7908916
7910067
7910045
7910611
7916382
7911986
7912003
7915248
7916587
7918313
7917996
7920528
7918805
7919925
7918249
7920712
7924346
7923308
7923178
7926090
7926099
7926963
7926750
7923110
7928815
7932026
7931498
7932223
7932291
7933016
7933499
7935149
7934011
7951356
7937244
7938929
7938879
7939631
7941811
7941721
7938496
7941857
7942466
7942678
7943693
7942902
7945139
7953106
7946775
7946374
7947313
7947862
7946932
7948986
7950397
7950396
7949190
7951047
7952055
7955742
7953144
7954533
7953984
7993622
7957311
7956841
7957864
7958448
7958454
7956897
7959035
7960621
7961395
7965920
7962185
7963070
7964412
7965355
7965115
7965649
7966742
7971405
7969972
7971041
7970777
7971962
7972369
7973149
7973258
7973974
7977297
7976063
7977274
7972409
7979346
7979545
7980735
7983894
7982053
7983207
7983080
7985723
7986686
7987060
7987727
7995209
7989847
7991895
7992480
7991981
7993878
7994844
8001229
7998556
7998764
8009761
8003646
8001775
8010298
8011813
8011891
8013392
8013970
8020970
8015465
8015534
8017989
8016768
8017143
8018779
8019938
8019658
8020538
8022533
8021475
8023633
8023876
8023921
8024464
8025089
8024541
8025757
8031148
8027272
8027618
8027744
8028637
8028807
8029075
8029292
8031044
8031985
8035551
8034654
8036165
8035702
8045014
8038700
8039196
8040509
8041682
8041978
8047964
8044633
8045099
8046322
8045766
8048389
8048882
8049190
8049327
8049939
8051180
8051566
8055657
8053610
8053642
8054618
8090378
8055738
8055859
8058380
8060539
8058352
8064801
8065120
8065248
8066361
8067534
8069548
8069467
8069579
8069808
8070134
8066607
8071530
8072356
8074161
8073828
8073970
8074769
8075076
8074957
8075242
8076808
8077636
8077981
8074894
8079296
8079685
8079785
8079929
8080775
8080740
8081081
8081525
8083866
8083353
8084221
8083546
8085356
8087400
8087014
8088759
8089810
8090376
8091776
8092997
8091888
8095687
8096051
8096968
8096852
8096512
8097493
8095793
8098193
8098772
8099397
8099444
8103600
8099955
8101400
8102245
8102788
8104200
8103671
8104826
8105757
8105329
8106477
8107879
8107313
8107811
8109393
8143928
8111940
8115176
8114871
8115062
8115275
8116298
8116051
8117599
8120781
8121393
8122348
8121656
8125669
8125755
8126482
8125779
8127914
8128167
8128552
8129362
8133219
8132097
8133808
8134647
8136864
8136425
8137341
8137933
8138491
8138930
8143062
8141562
8142721
8143213
8118275
8144385
8150257
8151398
8149824
8155682
8156255
8160306
8160166
8159555
8161058
8162308
8161729
8162530
8163061
8166678
8165172
8167950
8167775
8168303
8168640
8168243
8169868
8170426
8173334
8171165
8172270
8171939
8174610
8175679
8175223
8176990
8177106
8180730
8179785
8181181
8181060
8182883
8183021
8184957
8184107
8186039
8229497
8186723
8188257
8187678
8187957
8189564
8190761
8189042
8191989
8193480
8193139
8193551
8194115
8194005
8194672
8194675
8197095
8199708
8198462
8199333
8199659
8207550
8200945
8201407
8201789
8205374
8205253
8210219
8205664
8205832
8207365
8208008
8208019
8208823
8208633
8210189
8210029
8216705
8215343
8218022
8216844
8221178
8220058
8220348
8221893
8222296
8222970
8222766
8225022
8230031
8225089
8233113
8237880
8237436
8238406
8256211
8242650
8242661
8243968
8243789
8240680
8245339
8248372
8248648
8249415
8249859
8251761
8249878
8252015
8253761
8250803
8255462
8256189
8256472
8257828
8258203
8258394
8258694
8254851
8260097
8262774
8263178
8263590
8269062
8266759
8268222
8268433
8269338
8128258
8269802
8269913
8275407
8276667
8277455
8277293
8283498
8285440
8285281
8285602
8289136
8289747
8291128
8294177
8294623
8295710
8296080
8295624
8296845
8296592
8297591
8297661
8297918
8297818
8298236
8298362
8302325
8299765
8303325
8304620
8305257
8305602
8305726
8275953
8308028
8308433
8308088
8309444
8310333
8311873
8315923
8314458
8314506
8315005
8316189
8320670
8320816
8321756
8322180
8322303
8322352
8308971
8323955
8324021
8324294
8325779
8326721
8328570
8329344
8331220
8328719
8331520
8331706
8331942
8333006
8332778
8333974
8334047
8334116
8334510
8335549
8335957
8336989
8338198
8338695
8339029
8340561
8341516
8343493
8345164
8345432
8345536
8347799
8347828
8285964
8348349
8348585
8349000
8349470
8350404
8350113
8350845
8351466
8352070
8351915
8352391
8353228
8349724
8353960
8354793
8355432
8355843
8358053
8357890
8359796
8371642
8364271
8366795
8369030
8368448
8368790
8369476
8370718
8370791
8371328
8373358
8372276
8378628
8374313
8374498
8374585
8375880
8375112
8375315
8375665
8376279
8375875
8379636
8380208
8380600
8380863
8381781
8383697
8386036
8386702
8386762
8390151
8390087
8390031
8390177
8390447
8410431
8391181
8391519
8392210
8393462
8391696
8396033
8396529
8397399
8397355
8397601
8405024
8398397
8399670
8404344
8402826
8403036
8404607
8403410
8406168
8407544
8407725
8408526
8409021
8409329
8409645
8415065
8414015
8416429
8415744
8417301
8419259
8419625
8420494
8431652
8422457
8422497
8424303
8424316
8424956
8427325
8427490
8427927
8428933
8423305
8430100
8434372
8433459
8436777
8440043
8441199
8759465
8449252
8449576
8449812
8450314
8450905
8452523
8453239
8454096
8454290
8453872
8454761
8456422
8456636
8458410
8457902
8458603
8459303
8461988
8460458
8460265
8461152
8465770
8464571
8465826
8472828
8468082
8470750
8469476
8470027
8470658
8473111
8473240
8475784
8476346
8476429
8476149
8476935
8477735
8477574
8477799
8479443
8479083
8479676
8480124
8480419
8485152
8481029
8482978
8482858
8483311
8486713
8487698
8487845
8486578
8489145
8508173
8490598
8491163
8492525
8493253
8494163
8494191
8495803
8496094
8496754
8500362
8497759
8500189
8500488
8499788
8501285
8502735
8504027
8504753
8508653
8508177
8512824
8511041
8511409
8509630
8513706
8513804
8514062
8515754
8516098
8495612
8517079
8518549
8519251
8519646
8519541
8517553
8521564
8523341
8524251
8522625
8526482
8526655
8528721
8529049
8529126
8529490
8537003
8534630
8535212
8535664
8537467
8536804
8537057
8538204
8547489
8543740
8545466
8544183
8546171
8547098
8547124
8547903
8547977
8548457
8550198
8551930
8552666
8561070
8556040
8555514
8560365
8561276
8562552
8562332
8563565
8559721
8565188
8566937
8567197
8567372
8569101
8569645
8570639
8562388
8571412
8572622
8571897
8574538
8574625
8575197
8575312
8576321
8574249
8579207
8572594
8579884
8580574
8580959
8583268
8586389
8584805
8586652
8585876
8586836
8587808
8587252
8589874
8590109
8590226
8595945
8592238
8593965
8599491
8601270
8601641
8604167
8603116
8604334
8604252
8607256
8608234
8609174
8609429
8609484
8612121
8612329
8615885
8614461
8614960
8614796
8616550
8616256
8602677
8618546
8621215
8623460
8623552
8623562
8623628
8625536
8626332
8626530
8627449
8628135
8630797
8629572
8630011
8630477
8632216
8632855
8633129
8633368
8633775
8634667
8637069
8636336
8638427
8638525
8639361
8641739
8642217
8642163
8641915
8643488
8643777
8617290
8645394
8645463
8646392
8646200
8647033
8647511
8650604
8648651
8652581
8652046
8654238
8653490
8654661
8658798
8654904
8655182
8658866
8659625
8660517
8661774
8663354
8664259
8668621
8669198
8668663
8670286
8670952
8671211
8672432
8672539
8673338
8459887
8674285
8675126
8675910
8675923
8677970
8676305
8679302
8680615
8681110
8681706
8682283
8680310
8684723
8686094
8686247
8684404
8686952
8688256
8686754
8689888
8691017
8696148
8694595
8694761
8696006
8713212
8697175
8699237
8704418
8701845
8702173
8701980
8704499
8709498
8707230
8707306
8708078
8711087
8709227
8710504
8712371
8712240
8712619
8717401
8715335
8716756
8717634
8718015
8721112
8718274
8720218
8716082
8722809
8723217
8725203
8726698
8726856
8726765
8727023
8730837
8729207
8735643
8732750
8732945
8735228
8736039
8693230
8736947
8737617
8738052
8738893
8738696
8740359
8740423
8740913
8744397
8743808
8744633
8745492
8748530
8747782
8747866
8748683
8748688
8749713
8751282
8750397
8737406
8751729
8752557
8752397
8757081
8756888
8757814
8759064
8760175
8765018
8765466
8765211
8766008
8766165
8754745
8768469
8768879
8769292
8769003
8769303
8769361
8769615
8771524
8771577
8771929
8773069
8772175
8774384
8774681
8775449
8776621
8778154
8778733
8773193
8778866
8780662
8782155
8782392
8782256
8784145
8785213
8784403
8786204
8786806
8789805
8789089
8791261
8791682
8791860
8792575
8797273
8793514
8793275
8793790
8794528
8794656
8779041
8800891
8801365
8802471
8807630
8805206
8806788
8807974
8808172
8809173
8809045
8810509
8809985
8810321
8810656
8804367
8811013
8812924
8812591
8813747
8814860
8817512
8816065
8817162
8818904
8819162
8865310
8822459
8823712
8824873
8825742
8828702
8827705
8827432
8828427
8830165
8832930
8831586
8830538
8835249
8836207
8836170
8836873
8843705
8837840
8838449
8840547
8848636
8844540
8846301
8845763
8848722
8854076
8851866
8852231
8854136
8854382
8855064
8855092
8855158
8856682
8855833
8860484
8857469
8858311
8858731
8858888
8858970
8859988
8859857
8862057
8863494
8862828
8862990
8863682
8864368
8864663
8853218
8872335
8872557
8872884
8874709
8877383
8875887
8871934
8880179
8883013
8883141
8883249
8884872
8884902
8885043
8884454
8889086
8889277
8888062
8890568
8890857
8891258
8893579
8896449
8894910
8897897
8895808
8899540
8900348
8900831
8900811
8901277
8903348
8903678
8878186
8905811
8906643
8905186
8908471
8908677
8909690
8910944
8911018
8913656
8912591
8914164
8918908
8914443
8914688
8915937
8917700
8916475
8920115
8921306
8921809
8924381
8923441
8923873
8924764
8923396
8926715
8926997
8928596
8928663
8929869
8930162
8930286
8931218
8934314
8932633
8932649
8933240
8934084
8935336
8937855
8941754
8940265
8943096
8941367
8946506
8946858
8947149
8947807
8949842
8949824
8950193
8950732
8951078
8951861
8953461
8953447
8953471
8948797
8956508
8957316
8957013
8959748
8960556
8887915
8964344
8964961
8967730
8966865
8967840
8968699
8970036
8973799
8971780
8972316
8972511
8972799
8973614
8975721
8976197
8978372
8988226
8982515
8982898
8984368
8984247
8983910
8985400
8985522
8987425
8991551
8988463
8990057
8990864
8995454
8994197
8994829
8995527
8996125
8996522
8997742
8997742
8997801
9001816
8999234
9001933
9001945
9002297
9005566
9006108
9006522
9009220
9007747
9008363
9008257
9008566
9009592
9011995
9036887
9013342
9013622
9014073
9014317
9015662
9016015
9016275
9016807
9018206
9018545
9018629
9027968
9022256
9023516
9023837
9024319
9024143
9026594
9027184
9027044
9027327
9027403
9027830
9028689
9025597
9028931
9029841
9030184
9031833
9031477
9032394
9033100
9038014
9035302
9034981
9035960
9036291
9044081
9040486
9043330
9042273
9043839
9043222
9051458
9044176
9045256
9046011
9046937
9047342
9050132
9051007
9051152
9053404
9052557
9055776
9056341
9059474
9058506
9058729
9058821
9069438
9060281
9059859
9060661
9061190
9064835
9062752
9064090
9064215
9065454
9067017
9066554
9067170
9068301
9074218
9070276
9070762
9071351
9072269
9073356
9073403
9075878
9076335
9078563
9076836
9077898
9078669
9078846
9273222
9081462
9081498
9082361
9082584
9085642
9085975
9088349
9087884
9082447
9089671
9090136
9091495
9093530
9092992
9094264
9094792
9094533
9094964
9095189
9095642
9098549
9097458
9098628
9100620
9083280
9103273
9106146
9109193
9109755
9105612
9111245
9114530
9116012
9116095
9118855
9119257
9119288
9121063
9119029
9123146
9123616
9124175
9124327
9125780
9125289
9129177
9127513
9126811
9128862
9129312
9129494
9129966
9131193
9131753
9132188
9128080
9134664
9134764
9135271
9135646
9138802
9137148
9138263
9138924
9138266
9140732
9140742
9140996
9123118
9141522
9144063
9145342
9146293
9147138
9149624
9150051
9150182
9150838
9152122
9152314
9152578
9155187
9159649
9155363
9155905
9156359
9156364
9156695
9156818
9158825
9159025
9159203
9159945
9159637
9161754
9166873
9163747
9163758
9166028
9167142
9168336
9172725
9169713
9173805
9175072
9172931
9179669
9180058
9181754
9182831
9185855
9185852
9186441
9186645
9187532
9187855
9188701
9204521
9189514
9190649
9191679
9194699
9196198
9194579
9199113
9199133
9203834
9199403
9200951
9202874
9203898
9202970
9204869
9204351
9205095
9205197
9205699
9205531
9206262
9206713
9208233
9208660
9209719
9214975
9210980
9211988
9214704
9215184
9213087
9216640
9217492
9217365
9218958
9219238
9219333
9221285
9228403
9225928
9226806
9227403
9228766
9230356
9231171
9217755
9233113
9234476
9234856
9237402
9237556
9238193
9238351
9239117
9236641
9240166
9240767
9241573
9242247
9242384
9242588
9242484
9241319
9245045
9244644
9246868
9248399
9248503
9248792
9245261
9249745
9250637
9250212
9253917
9265734
9255789
9256819
9256576
9261686
9259425
9262176
9263369
9264623
9266600
9266734
9316259
9267254
9267270
9268285
9269390
9269375
9271935
9271011
9273099
9273096
9273838
9274717
9274522
9274919
9276028
9276680
9277111
9277091
9279568
9278102
9278148
9279784
9280129
9279934
9280608
9280627
9280946
9280272
9281371
9281490
9281617
9281616
9282164
9283462
9282973
9284701
9284776
9285670
9286833
9285896
9270687
9289280
9289350
9292341
9292500
9293446
9293953
9297296
9303698
9298528
9298881
9299132
9300637
9300783
9303427
9302827
9308284
9308994
9310030
9311853
9309992
9315258
9315764
9315707
9316176
9316104
9318018
9318199
9326063
9321454
9322741
9323585
9323738
9342967
9326497
9328656
9330419
9331559
9335374
9333456
9333546
9333633
9335310
9335886
9336866
9337722
9338356
9340991
9340078
9340366
9341925
9342594
9345839
9345795
9346269
9347187
9482050
9348455
9349249
9349830
9350524
9350756
9351085
9357919
9354449
9356239
9358545
9359391
9360298
9361008
9365107
9364021
9364239
9366282
9368354
9368026
9366848
9369576
9369878
9371144
9377410
9372423
9372686
9375656
9376911
9378904
9380156
9379586
9379786
9381777
9382235
9384428
9372741
9384554
9386583
9385589
9388262
9389260
9390993
9390621
9390141
9393496
9393557
9395773
9395679
9396317
9399546
9400843
9401083
9401202
9428025
9403365
9403694
9404376
9405073
9405528
9404967
9407017
9404245
9409176
9409814
9415590
9411042
9411290
9412172
9411874
9412619
9412709
9418098
9415226
9411885
9420149
9420794
9422546
9427775
9427235
9428933
9429302
9430439
9434326
9432849
9432984
9433125
9434928
9434089
9444456
9437091
9437502
9437157
9438123
9438237
9438104
9439120
9441216
9439943
9442231
9444336
9451271
9446830
9449900
9448858
9449099
9450260
9448713
9452037
9452826
9452828
9454380
9454034
9454566
9446941
9456896
9457398
9457628
9458419
9459349
9459268
9462358
9461438
9462964
9462729
9462765
9463573
9465586
9464061
9464492
9466961
9455124
9467726
9473090
9472122
9472719
9473393
9473131
9475057
9474153
9475321
9472159
9476050
9477362
9477857
9478141
9479378
9479758
9485087
9482347
9484532
9485308
9488675
9486159
9486471
9486983
9489122
9489269
9489253
9490450
9489923
9495949
9493071
9493194
9495467
9495630
9496379
9499463
9497753
9498455
9498621
9501482
9503657
9505808
9505840
9499171
9509861
9511121
9510960
9512734
9515274
9514117
9515695
9514959
9515705
9516193
9517218
9519875
9512692
9520887
9521814
9525478
9523780
9524331
9526186
9525055
9526854
9527904
9527923
9527616
9528441
9528684
9528562
9528964
9530069
9532761
9531283
9530863
9531786
9532728
9533605
9533933
9533477
9534199
9534735
9537230
9538943
9539733
9540694
9540730
9568899
9541786
9546900
9550332
9550575
9550619
9551355
9555149
9555326
9561592
9557734
9561188
9559773
9560070
9560362
9561696
9561889
9563771
9563067
9564148
9563841
9564688
9567259
9566557
9569070
9569771
9571140
9572426
9581157
9572503
9572759
9573029
9572747
9574267
9572654
9575824
9575832
9575978
9577892
9578434
9579506
9580439
9580769
9581082
9581261
9582113
9581989
9580068
9586279
9589286
9588901
9590803
9591274
9592050
9588260
9593451
9597260
9597922
9601943
9621361
9606111
9606147
9607838
9610544
9609595
9610064
9614637
9614092
9614317
9617952
9616812
9618036
9618217
9618986
9622808
9621868
9623292
9623349
9624822
9627793
9633485
9632196
9633426
9633091
9633844
9634650
9634306
9648183
9636053
9636259
9638329
9639020
9639588
9645836
9642775
9643189
9642374
9644018
9645239
9646589
9646814
9648371
9655641
9652676
9653935
9653543
9664495
9657214
9657265
9657639
9658592
9656374
9663329
9663449
9671370
9664397
9665215
9666299
9665535
9671400
9678581
9673010
9673871
9676115
9675253
9675852
9676436
9678938
9679401
9678682
9680948
9681393
9680275
9683017
9683219
9687466
9683902
9684674
9684778
9684917
9686863
9582062
9689357
9691504
9691384
9692209
9693610
9696760
9694986
9695856
9696937
9696907
9697244
9697514
9703966
9697949
9698718
9699725
9699451
9699590
9700098
9702351
9704546
9708696
9715076
9710802
9710914
9711140
9711732
9711807
9714598
9718143
9715712
9715754
9715157
9720848
9721052
9721942
9721741
9723263
9722602
9722858
9724575
9723834
9726249
9725162
9726519
9726704
9732578
9727973
9728281
9729637
9730629
9731633
9731213
9731759
9731914
9734167
9734408
9739152
9735630
9736154
9737640
9741327
9741038
9742373
9746078
9743098
9744621
9743895
9745365
9746021
9746489
9747372
9747778
9724681
9748483
9748874
9749266
9750128
9749458
9750543
9750446
9751200
9760270
9756477
9757554
9757595
9758308
9758035
9759481
9764341
9764747
9766199
9771042
9768895
9769660
9767911
9770155
9772014
9776185
9773117
9775242
9775303
9775491
9775821
9784493
9778630
9778674
9779054
9779141
9778405
9781392
9782187
9783046
9783102
9783490
9784071
9786659
9784911
9788203
9788175
9789295
9791543
9789979
9792036
9793004
9793559
9793881
9793208
9794814
9794979
9795107
9794677
9796944
9797034
9798092
9795798
9799518
9800315
9800607
9801374
9802802
9804529
9804310
9804872
9804697
9805379
9805379
9806451
9807214
9809138
9807488
9813121
9810018
9810587
9812203
9811777
9812838
9814035
9832558
9814934
9820867
9820749
9821412
9821635
9821965
9822065
9822656
9829098
9828587
9828817
9830353
9833581
9832478
9835210
9835236
9834293
9836782
9837233
9837022
9837380
9839842
9839672
9841327
9847059
9842945
9846193
9845922
9848198
9830028
9850627
9852750
9855439
9855539
9854930
9856503
9857152
9856491
9857828
9856912
9861701
9864498
9859538
9865574
9865748
9865547
9867080
9868024
9870646
9868282
9868439
9869151
9869363
9870202
9872362
9953402
9873350
9874176
9875774
9875244
9876062
9876625
9876228
9876968
9878186
9878489
9877108
9880790
9881740
9882640
9882978
9882770
9883962
9884240
9885823
9890740
9886790
9891796
9891941
9894504
9893618
9894560
9898332
9898784
9879389
9899913
9903247
9902907
9903460
9903636
9904490
9906130
9905752
9905805
9907977
9910976
9908865
9912901
9919366
9916274
9917761
9916195
9918268
9919896
9920030
9921626
9921218
9921841
9930243
9925996
9928191
9928405
9929434
9929308
9932253
9932337
9932760
9932773
9938273
9936618
9936857
9931595
9942569
9942733
9943166
9943896
9945574
9945833
9945116
9946998
9947411
9945110
9948334
9947747
9950296
9950718
9950753
9957293
9951377
9951741
9951778
9952421
9953502
9953307
9955092
9954365
9955700
9956003
9957354
9956288
9958203
9998114
9961682
9962518
9962643
9963008
9964460
9964526
9965103
9967658
9961285
9969364
9972445
9972195
9974309
9973456
9978076
9977573
9959144
9979448
9980305
9982109
9979765
9982303
9982563
9984486
9984670
9989903
9987283
9987847
9989756
9988408
9993730
9994992
9994928
9995820
9997147
9997158
9998077
9998508
