100
1079207
1027273
1221153
1263453
1459163
1700261
2059111
1896519
1975833
2094676
2236615
2214712
2349455
2178232
2513182
2522986
2547862
1646372
2620573
2639586
2645255
2648111
2696257
2742340
2880602
2947795
2919047
3000796
3023912
3167399
3096747
3201443
3283554
3451492
3626721
4141653
3674026
3752023
3838010
3948981
3912549
4067197
3563545
4345883
4716741
4742946
4746770
6060237
4913736
4924152
5010755
4928737
5135871
5264666
5293906
5657274
5502855
5515359
5610976
5625271
5754374
5671663
5711809
5750440
5883322
5812312
5909717
6134502
6000544
6425358
6571659
6537646
6641742
6670073
6695038
7504302
6753480
6816423
7052842
7426658
7286180
7416137
7373509
7149017
7476867
7717914
7633055
7733153
7868952
8076337
8143938
8485607
8495760
8583049
8579173
8592028
9405679
8976123
9179449
9900558
