100
8000000
7999999
7999998
7999997
7999996
7999995
7999994
7999993
7999992
7999991
7999990
7999989
7999988
7999987
7999986
7999985
7999984
7999983
7999982
7999981
7999980
7999979
7999978
7999977
7999976
7999975
7999974
7999973
7999972
7999971
7999970
7999969
7999968
7999967
7999966
7999965
7999964
7999963
7999962
7999961
7999960
7999959
7999958
7999957
7999956
7999955
7999954
7999953
7999952
7999951
7999950
7999949
7999948
7999947
7999946
7999945
7999944
7999943
7999942
7999941
7999940
7999939
7999938
7999937
7999936
7999935
7999934
7999933
7999932
7999931
7999930
7999929
7999928
7999927
7999926
7999925
7999924
7999923
7999922
7999921
7999920
7999919
7999918
7999917
7999916
7999915
7999914
7999913
7999912
7999911
7999910
7999909
7999908
7999907
7999906
7999905
7999904
7999903
7999902
7999901
